2000 2000
688758157 -228483894
-521237642 -669753722
-302133525 -733448827
42686047 193384091
-855588944 -632293398
-151534979 4883958
347769785 627917242
295840268 633670957
211240517 908096945
18126503 212984581
198728416 -41067173
-535357781 328542883
-193584748 290657802
390807334 -571104843
642879962 572005438
599479689 -86902384
576563915 -752557860
687160654 -916886652
377301663 894535397
-854387067 -399822265
620406899 901165549
-741736446 -7987315
-119479322 560210388
151284738 260302071
-495020851 -226424083
-207217706 816954738
622965085 668793871
100716907 59187116
669577554 -689034729
799164456 216856452
402739663 -781845078
427015234 -457704793
787019371 -810671396
621775493 -941695269
-376817536 -534778337
982634641 -456069563
65385546 -587129650
-372520718 394717140
-770190361 493832413
606743631 -293143637
587985357 -384853648
-406791923 -651004353
133652968 -793817744
152335855 313911141
-196691980 -287011401
-948469996 998250567
-34240562 -923185568
-323737994 -644315964
975996219 48913197
439111868 -638197954
156100485 -348407224
168285194 992721429
470136418 889629358
-621560019 -246748838
160594006 -512703949
972238189 -262679301
-433711148 100643662
-375137586 -506093820
-795137359 -502109334
974006162 -176247776
190127189 903186678
-407291327 443851614
771148607 256606209
830294305 282109506
-54936182 533234900
524947614 316511877
-296311866 -158761031
-13018183 949731391
663101055 -654208295
-676837911 551239565
205358498 381849571
-677013598 67261292
-862722911 -664980197
436912112 -432249113
-774617994 458541970
-865555981 -80832180
966801863 -995279881
-336926159 117505661
-982621716 -895294231
480707371 -742694596
737133710 -971800696
-689722516 817061490
837906287 616073443
-713378989 493750289
-789197311 -347391116
-894288647 -6522434
-221445498 572239188
-255356733 -606399779
437709141 -688638763
-437041492 -276518700
741620689 976546457
107614464 239733101
-987950564 364087614
549449532 -249636546
778743560 -212382525
-391802563 207590309
-212077850 780045177
-513757870 176262823
-953741234 -923012004
785952226 619307500
-470540278 -947551511
205567702 -162635201
-254444215 354259677
-452923153 960838694
-763924972 354695966
23285622 715568749
-419125930 -108661167
47083412 407836191
635586044 -705485569
802248716 -2618587
683726171 631382455
-4814658 -713600021
724902809 -884976906
-360114877 -796565774
493428500 -650872697
734108890 526859168
-238587405 -564807308
-470528425 853757710
-849595487 188715392
-53230468 369475889
-538388464 -341920738
-113551182 288996310
904623040 -322097220
-589110042 334569362
391944953 535739876
-693228585 30172561
586145787 -12844336
200074737 944381394
253168019 -878752304
-468970942 -36281462
-506864804 10300404
154687474 240350634
477532380 -154754186
-852484862 41937694
245957698 -127715362
802872935 146752283
-765299387 962850890
-510873885 -586631795
61399798 -279165298
-264903268 579257535
663659063 288508316
79048978 961399181
-521774161 -764430002
-708675455 -710946054
-719309370 233623848
-360648966 -611724965
-985245213 -185517653
519132338 366992889
404320313 575056121
965187262 500319003
700196175 -307710338
-341703459 -859638987
-207408041 -227784723
-503339853 -119963567
914643017 -890504237
-316714001 -328018222
64958248 -69853359
-247639845 -266581900
-124833431 -85524651
217780483 -208874642
-334821909 -256948799
931739672 614831994
604663757 -916880112
511392388 233343516
276942936 6040690
-326070689 738796844
-259954433 -502662502
759069435 965045978
907907983 406417519
-242237485 302035036
262633375 -644401358
117493696 -59646039
-99919316 946313443
208066751 -760729955
-665330719 122262859
-459207583 -844059361
-85914609 535391064
-706272308 752105171
-797787364 453701670
-68411314 -747423813
-906440391 -400313341
-484568110 -476275104
217802818 653796443
360679888 568802307
-665558324 -369024428
310770324 736024088
791567119 -394249292
387013221 -660059129
-695394952 -77616641
490070031 -436391550
779488364 -901984535
6520880 -225300424
-495651395 362190589
-903069467 95968705
907942781 -982492915
158825137 355605220
-618259323 -347667076
-881007531 -347881869
453214461 -787408449
693578689 943026
587971206 779912628
-621081817 -322797382
-350753306 -578882054
-483435675 -878885390
-192554872 548844537
383364676 -869989982
-173064948 270131571
343074071 225112932
162491402 -366888593
635388834 191372096
634634239 641845525
651978224 -843613122
-646977948 -797437312
271420981 791085922
-940333167 698717816
101641386 836301505
-304848622 506014164
-840864548 -866875928
360877235 -450443584
465144497 586644811
835553904 325993635
-129539858 971321189
452861201 215650126
887213178 344789840
-582605289 -578502879
-908342142 -655614653
959852502 -927448910
278701894 202511812
-824244381 -449526835
-301471345 557112985
-464298583 821962381
452840158 61245261
341382140 835989740
-272313974 898002946
-900542458 -547896550
932376147 -7907905
466996044 587384466
130786835 678199583
-629436293 -325438497
-870600614 797405611
569838501 624365860
4528312 984949211
-78085386 560382769
-501354384 -200391130
-338968777 814143444
-91007539 -124027581
-856477921 872715911
-936948048 358396023
-985854947 -101064815
-788274315 380163063
313747154 -336351975
-322824993 -120873012
694948670 437613567
742708887 -464452850
920865205 -775408077
993874094 678940591
-914712835 643090559
225654395 740900868
145538031 -357652480
-411160777 -649833184
283519414 -800587449
981336559 -751613907
-371584123 214020525
437038285 206630058
-483790694 -587085784
-73332043 -356424071
-220263791 -124389563
791701320 702168559
-184378580 202591633
-637114166 677382408
878536920 -528486166
621615024 -87127469
-672711169 185032818
-535043663 223627709
-259970670 -898150993
-554275541 956256165
-373186718 -414217797
-56331476 433010095
65605921 96988991
14911959 -209270529
-673078133 -94717670
-331970767 -573041129
-324058836 822193047
-958130746 209487929
234935790 939326799
-573834232 -788041128
-591247332 268510285
424920702 723744544
988879201 195248641
-544447927 5718914
-320065279 133796307
375571492 -652098813
-906560694 328564902
-99407944 -217479778
696266355 581620522
-812355385 214868506
910826258 -69200747
-400226298 -983380258
713259825 -340320778
307569421 925844495
-202244460 626103804
-355310640 -706452267
-887681568 -103471896
261186133 -841840807
-761946825 -367963599
-884273493 361787091
-593880184 659643039
412813993 262338002
713121841 -312091452
11370450 -420978987
896358356 664344526
-51044646 -51105523
327945186 -399694827
-563404649 430230261
526553370 566543057
-940261252 -664672703
332195696 -840313637
-397260793 769842154
-711510952 941869374
-861823456 215091272
923294351 968374243
956603852 513346739
722330756 272867401
-716678363 -450021583
-642508755 291073291
-375499143 638102026
-941676690 -537136088
22820828 -712579328
-403701409 297205847
879739824 37853393
712139833 949440176
453460888 994650673
409095141 870903948
-317615386 185688342
589015386 845045031
-945697335 -325852933
-602210255 -926229128
-144943194 -372911032
49401616 -267677001
93528130 774005795
-654669898 191712234
-419557718 944253143
943079946 939097154
-817094173 748680415
-860577383 -17056534
775710421 373013146
-440610475 -129313525
72025853 -373394064
-940199039 -799677991
-90216418 521277666
146962341 354823164
10090737 -587448113
762824596 -689798951
399654089 284122377
-848951717 801767530
206486127 -692482379
572756297 977881188
-673648910 981859669
-862286565 446917725
-570621914 -604826352
-928357955 -666603172
-33810196 83129102
744386124 -919984808
187434928 576921923
-879306033 852107078
-993263709 -303249336
748918077 -837715757
736135317 -44044272
-386745740 514391208
31101360 401045945
584240173 -588672180
-698479748 -774194869
528612419 117946946
327697137 298190205
449424110 497053099
-278813288 706299611
503693864 837441716
216282834 -489631853
-418436240 -957471070
-430358100 -411152180
781481227 139208536
-8661375 118879959
707337576 -498925836
679676458 754252797
-700829935 712160130
187240535 807693440
884821509 -760778408
-128283780 -309910083
701825251 108797398
-534668173 772159697
379539386 -788163659
-250048899 666971906
806720855 -285601009
-837785126 905579825
-15957444 -67822094
-997755614 -707497532
-172663777 29105444
809090644 -907264796
476939458 834059351
81949030 96948358
403460942 811947534
310255003 -206591815
-488083740 -782277442
171202356 785048627
-618800020 906261892
-474102116 -287391383
-669255281 419154408
933292760 -813106490
-470163777 -904804601
18959518 255188735
-428195829 -28499794
613500056 -545370477
586023020 196761753
15475906 75001668
227156939 -576914823
757878004 -416666621
985906970 -605714557
221491811 364866952
842144574 -747231472
862883957 -622533936
-418123872 -353997769
718609740 753995662
703652976 442205146
122548225 951739717
-976634158 264577012
130072576 278562423
-691595425 797709110
2106356 20218643
-219875720 -339438378
884170594 609234355
273881218 -42957096
-45914783 -176940183
692480824 415540542
752319037 356599572
-640954841 -41718702
174466530 546362094
62791502 891475633
-886984328 878798351
-921077513 -392612176
914270028 -195434822
-908315701 697634094
-178984581 300896210
664115666 141305932
-595111672 477550077
-80364565 -408983348
419517962 -479301413
54780329 -600935508
-194193060 524236624
32834155 -609360629
-502881440 -443473548
702777957 -169793089
-671289742 29593840
284036846 -365117096
175754752 -174287594
415025269 -53142377
446929741 445976878
16639701 -159667081
600488157 434006928
765214683 27511089
-276644382 -79221477
938820011 642369895
499139379 -604783693
-110005051 956787046
706842993 -371078839
-269119985 -762602795
-191324356 266371980
-705801562 -891796871
-79162805 305288657
88072781 -621200521
-705945166 61564829
-449919569 406889017
-686027427 930681770
-783936401 990274531
-511749085 714257373
757552880 -961337689
-311869434 758214344
-475778276 -896947906
-914001659 568607299
-293614471 203337602
917311135 353927592
124835244 311144783
18936083 434819362
354142708 705913682
-383611295 207879282
-731742021 -641153678
-424463905 -424013020
77324019 14629358
955867364 159150894
851962999 877051003
238609081 -711861664
-134114945 451261065
56828843 670019313
816287170 -130123092
-250034904 92681191
-388314198 317662191
771607514 108851670
-99506647 794934941
651944584 845936054
839956789 525201262
-911590002 752923758
-887639545 862362062
266747278 -765085516
-222234251 -661123448
-28584315 365798570
814830115 623223705
-524630429 547575363
-919738194 -119335347
-61547412 194537841
517491016 -184110097
-438552283 791600812
-538024002 587738105
41119678 822365168
608950506 -590532004
469966477 543896956
-668341931 953802643
-567831926 -389188413
-500421352 -766723426
-136502531 -322802271
401820451 -214632360
-220428632 -61057530
269208703 -23293984
633040578 -489504461
-427699348 -711910020
-301998508 -205338758
813320097 878388191
-506839298 -59213957
-281318015 410932574
-570397816 -755425480
-284043897 62988215
780995620 -671521609
-626416598 164560002
-460040989 -841080611
-282411373 -568626779
-292706157 41700456
-613227891 -723940263
126483583 767610496
400243978 -676940891
-139177123 991192829
-237083787 188154496
707341735 328057922
-265031929 -752637035
822801199 -967074537
-992391046 212485158
791774320 -89705190
-185730835 -874231529
958584269 751075781
-16276766 -504016349
-95425754 -536540855
-807391526 485201337
750950049 -625682045
20636336 369005840
513383896 156198265
-646806421 -363740886
633169729 -317775551
296026603 -457743153
-376917067 -420998822
405407309 -11679756
-757885319 -827491645
-499913713 554431315
-977988293 -638365071
-403503545 26811531
-2714403 971267043
-784660310 763957458
333696795 409824503
-92891529 113581464
-568006835 -773366155
515301313 -369048540
-99252920 -367433556
-816328442 677028973
215328737 -834327145
-388352940 412692380
308799150 -408465129
394661586 -235373254
-178836675 23121816
586599402 -218637753
628895990 849209064
-85350609 823212049
-496998896 543345100
896055498 -488518443
912686960 -958856239
-9778328 318546261
-696082227 476507226
598540733 -443754211
-219995333 -315339030
683279481 54136138
-754590391 -945844588
-494284417 -439088615
500089940 -168733553
419980265 455738336
375346281 989917113
803020656 -35249175
147804106 680689395
299884051 350970924
274501263 529034538
-521056755 881739979
-668314116 -778606344
-551438064 -85851139
149215170 740955768
209697634 750765927
605622708 703375241
656511023 -651656108
544061845 -213677849
-540319517 141912010
-486193307 -508988094
806140733 351517324
-192772164 125349754
573712608 -724237611
233660187 -912063131
816866018 388364215
433476121 525770214
444261960 -100637761
491608029 -930647219
-242883301 416916492
-953443123 44865270
949606254 512398959
44102224 420318827
-575987992 -661588793
668889352 373768292
-326452844 -81398096
746762745 974057436
883603023 188835395
-742236376 966022945
-257274189 -823139934
-386666907 -708585555
-478477562 527466453
-821126955 -593353052
-195388510 320797312
849506472 173908465
458148366 785617540
230147789 -729931439
-708499164 401437851
444913075 978052651
-900235200 445851522
272975077 -150587131
722830432 -52777050
211121133 636409782
110955357 -787308253
-907401653 114851974
684589137 998180721
-551242156 -963221941
-244816808 716988823
412080964 -826201693
-666134782 7983655
408467524 -483723130
-639471097 184588289
-290040567 -893124984
-560182573 -883257460
-92790399 -295104409
310183410 658537731
-907020060 886910078
-841461650 39764038
416296376 727707250
-352978645 -77197528
799583985 912206592
-732278015 -621037604
760053919 882395379
351980415 630359461
466430505 -956371813
427396477 -770454767
-986043191 189061751
-611923154 343541771
-654884735 -727350980
-659053613 -831886467
119978746 477175808
-151176287 -862829099
-208562612 811104224
-130964111 629668943
756227811 -763552334
-394165481 538561964
-692597855 -478474750
-652765510 -922015959
85297751 882512948
-85975478 -912256
-471369290 329361249
-474007462 -546568143
-329165983 393720132
517661383 934890518
791284722 337902312
-980271577 490617526
-568156855 755117259
351448349 604217155
-980331628 3297886
243105898 -879298902
-680302153 -621415209
-636363536 979273587
853362641 473548656
788030253 -677192184
9648008 -817177225
821243078 683756575
717141699 486268168
526290686 521100394
-428221177 720516030
-76105015 -721580763
-265565668 -384876325
-290000712 -175698281
180661341 641223797
-708511035 946642371
-17176737 682232237
-917113068 152017857
120739420 -278274704
706111641 -656139312
-974328323 968907055
305488696 -132179431
-934650039 -46884904
-907058987 -118202675
-577639947 -967146232
422716998 -769833353
398872830 635215940
368193234 391461785
543510034 675654653
-775508237 912832861
989440750 925433976
791678150 -29256420
-324903943 565193399
-373842010 -359447945
-789465218 27650656
46484964 183317491
-718019617 -550401733
-21241795 165103652
-39019750 326480008
417180070 714564196
561339152 571154542
648523867 47927583
-149647607 -459875292
-19217237 -979666027
870877874 -740719087
-858551214 493385521
31689274 -931924993
-202588022 603652579
-322200694 845001203
-993675552 -633120420
39044671 -112985711
594261297 66382679
817051882 -29297239
-609457556 -552030035
398258864 -535511456
-872636211 744005032
-236817827 677818870
-140758712 -753823302
605673970 721718014
614899270 641631500
-94689052 -861883217
970607921 911684732
-297751282 595572998
-628956932 -937086764
-77344013 -74171755
-466710343 -723284493
-263291304 738672486
756023569 554593469
978391625 116493759
-651370120 -812236724
507658585 -168896180
831799567 44687444
-634242635 78972770
663878440 647553359
-629628433 -847078029
-776246813 -940391346
-207196648 212683647
206860871 73663707
-315199717 -787535328
-746532001 608324902
-36599669 -687316181
402737110 947713744
-788021129 256699826
391722048 443183527
-95721856 786112930
811700899 877649300
269975193 -501485351
-657247367 -351273939
262405424 -879377966
-850663344 -53108803
-65498822 -757293720
-289941468 445435053
659002912 -992252755
772568338 -157386794
662619936 317174880
419295554 -588444111
679289879 -433390314
-661716598 975436202
-645501850 -933945728
-633288751 -319313378
501943829 -409180961
-306938218 -376554523
866789755 223816893
458497101 449936079
205554822 227467840
-917663088 616320283
605754243 316412682
-146062076 -614583120
934231058 63854135
211386711 526214438
-952946031 38522470
18838291 932947581
-218943562 58705820
-252713184 861878119
805951615 613629827
323665154 -804180962
636528679 -261392868
-521186215 734986264
559938930 971293003
-504879802 734862308
554013288 -774124653
-772958293 -575532139
-963657018 656150636
963156587 437511825
-955730668 -859395379
335756562 -888642846
-217558666 645959217
-238102333 697729594
-756258125 -274509130
-338061374 -186186065
798622340 29827243
-710929609 909058877
-62853543 -747332511
-818819929 554815624
105478467 227904751
-816334914 -46520794
823867919 468980815
-618518116 -603146415
630197789 -39371670
87414522 -908359831
311361016 93902497
203845395 -99399734
667049596 -60267420
-989181407 718114257
-281341816 413180651
-145136861 841949006
-777402248 -587890635
242800873 -601497861
563579500 833312763
-791439628 -720681633
533400705 -715247686
677046100 688471253
-721637170 975023063
327936832 -786959164
-740734534 -257687802
593324821 -543154634
455170819 -364882150
277594782 -851038632
550926146 -912707232
176423098 -636015392
250899587 -922713355
-854601193 -272545338
-241445385 -706462934
750301662 -929894850
-249402644 -370951400
-611599426 687265368
975263595 -475009861
-699092595 -780685889
-232714188 946944842
351561501 -248982308
773881401 -326003378
-349062359 -461510621
554261267 -773875934
-580015352 250716067
-358257978 -827737503
-404405106 305033908
848604337 846811908
-813267294 113023440
-724056320 -32911433
-825360288 232830861
-918472306 292992395
-277744520 -771572024
640372735 -646012567
377745892 -844024172
-185975578 -517374833
-254265669 -752498242
203706157 -960478341
-290764907 57237311
966695285 -286706560
-851703913 -749898597
-206194391 -37051557
576142891 -683345915
68226370 -666753899
257707269 778177997
439821471 -109075655
718330114 -944348722
-845739800 462718972
-227090144 -951988558
-237771776 588862323
-254375882 -406999810
340957660 102558822
-63588752 -241869106
822990357 -927846625
223110429 289117091
-408797045 -517544088
-886596279 328046790
407195598 -244796795
-370065371 -497436290
-474606955 341878914
-221034949 -322319999
151688323 -883515141
546664580 -28123206
227340009 211109666
304424409 -678767851
806198561 14557871
823900915 716250806
-21904660 -712844874
-474340799 -808018845
916951374 -550799316
651984621 -174735050
-804184340 219258056
348318282 327237332
281275997 868785605
-650378510 -31772546
-101892287 887142826
-15121420 868463641
-61486553 -971831537
-378335437 861059479
-80313664 984581672
-116510535 941388888
-111996375 225784963
549767725 391895101
128624934 744185443
-969254351 113584359
-871955589 -787551508
-821207289 -547119358
20011920 801958365
632489545 930498392
-166595816 -7591113
-141024902 601314166
496363521 -941363148
107905716 584493929
-224361735 -119773412
733257254 822059154
195968654 -659372044
-451096814 87212900
-619934205 -64924535
-700596954 809801806
-487438101 469689803
-210280087 306155205
-320144420 27031880
-919723197 -677048050
-594670719 -443549733
729726734 969556467
-190511105 -503395231
-752059085 351446093
-313825428 786238107
-360341999 -937572142
247613619 154214694
398077120 780281217
-853177777 -707164144
-188085029 241175550
-253434597 -345665522
476233092 120206301
-808083194 374124512
911065511 -670260022
199140728 -987286805
-821554626 866063616
-641303047 613687162
-204463627 -982251912
689089002 -303771460
956669217 -469701160
541365629 535008222
-997641138 -164493401
-698481894 -317342109
493002547 -144940007
-459087123 -388991306
848089626 -334830256
-40828984 223738199
-83814269 128418539
185059557 -606877773
-247780018 -141157490
-981326980 154420816
953777263 -567371028
-526753664 -73365932
-616876751 812613017
-661975297 268881054
-99456114 -534713896
-211421780 669962194
67811893 602146714
-322292289 -489033383
809622130 74823160
888259249 337824137
-553181378 -796983923
-434117385 -598401702
-924605022 -766658496
-793238240 -737627037
-468816538 -431485362
290703977 -838263758
-80156855 -753233489
387480254 536155347
-863225044 -463788609
867083835 347875307
370064266 -878550223
41703462 920111351
662814374 657818535
-88072494 66657566
111690047 -324851420
-781239842 871740970
35878556 -731930018
186915134 745707323
35101593 -71990852
619043925 904938800
520166886 -737601841
328063963 -830938985
-326583558 -505086071
-931947166 146064548
843459151 -233598693
-600617912 688220273
881281761 958620969
-552721121 -118478977
278694780 623123608
-190049914 -544061562
103303058 488657212
-261783896 720561789
800416235 -202740093
-764596772 687493421
528351754 829375726
-626917736 -116794002
-389369068 -780215091
449523456 -240958762
-332486019 -263863466
-649975144 -400778365
638073549 74525940
326279735 636864832
-790331733 960273638
795814483 754022925
-525840977 -180182772
-375183492 -146380518
615581734 24102061
-157301574 702602761
104098715 315514775
545875333 -624934868
-907541393 -451758428
947684789 -215197076
584943375 207261772
822188941 -78952637
672549249 -62877483
948205387 769551283
820814235 -378880051
-588630519 37182074
-544305323 303912895
948700238 -681662678
628692837 -551284468
-204204670 856934031
822633293 -623144939
330992493 -125569542
-525022684 808524190
374677626 -220707187
534077632 266049199
599804215 -758397558
-642297814 111316596
719225769 988995559
369279429 672614986
179395402 76158050
-431679658 -912367594
-776890554 223239893
171281022 -71439740
-633794955 850854665
-362760657 -668673152
-826750822 203275419
-495800615 -345175297
-868129757 644815957
56066443 684347725
56362429 611118872
319410839 863791664
-718682438 74446423
-90237152 -699499712
434519834 344121864
635234922 283033373
122162015 830856289
-644021500 315022445
115258215 168459582
809273956 -169429807
-273489248 567134283
-69547981 -177763635
-185122069 466555141
-911781187 924599012
-542487991 32058579
-444566496 847964876
-266204256 445385814
-858859867 -471466486
-740301703 750775195
-237127039 812535356
-318949923 267200481
479295937 287099250
-331328937 396135712
555088900 -336283590
982087870 148110219
221673830 -867516036
-949419291 -702334680
563390149 868232770
-546582763 -69353891
929954921 175132186
429340166 815032617
373117186 313742903
598540279 930171379
-385052077 -819043012
752166492 240036071
254158819 -213628653
381548061 -876863043
-582661216 426871115
-709208295 -965469484
-987244223 903563409
518599238 -883611068
-70599409 982398202
-987787882 191027537
952312553 442920543
185283495 -349669767
717365231 -360836653
392593366 -562431367
-203285356 873376286
-146211717 830290060
708092416 645569850
-957965948 -532029397
136822176 365573895
-796817023 522250929
-640925722 -137540336
-711215174 751132585
-169568954 555359916
947710074 -95334128
867177935 -531353561
-712252984 513436366
-61337036 -886575391
516209208 204203527
-158570121 735008409
-588744292 625604345
28205200 -742693158
-769803242 851651173
884260724 947150536
860418215 940457065
-572211016 805930300
101878207 -877043313
609512471 -397830308
-325025420 324199088
549709998 763505600
-298299780 723839870
96168017 805966745
321856761 -606045017
661239990 -58276856
716650172 625726982
601994749 -70493265
505007322 -548326967
863553016 -121480245
962734280 -270673043
262105468 -902759069
403177872 -82529469
407903657 984694111
800509005 -702148544
-76281419 106747813
133419217 -660398953
832347613 -208297350
2582658 748508175
-734627674 -863343144
856746206 455114910
-659766821 185857886
-936980056 479899020
872229374 -178956386
688833972 -33731202
940045884 -372396283
845386473 -176230666
371707085 975414458
-537375872 -331016854
110520087 298806772
436516177 464297455
-211428000 -583424577
-155224270 161908407
-628884443 -55897546
930732899 -524361826
-603830850 342645728
-884422926 -14942511
908908556 -566316292
901846051 -338460617
883982890 872066471
-42692329 -457728366
335164681 607903582
-14257221 325510680
-104589950 81688963
-321041735 -882147626
-454542811 95031294
197876926 567108669
-563281586 967556355
-356016090 691443588
493375075 -699174278
564515365 -536926519
-534707674 -96148049
-15952751 -767622136
105086556 872502175
184097616 -748524090
727410621 205077054
-881829202 -598356372
152418244 196871801
-435541899 -271934393
-955084831 -204779856
898808767 -444213029
776000065 157176443
-933961806 826730590
-42175134 921507054
-403113581 261085987
47114185 -216247357
-733551599 722616257
-939716489 239286166
767775343 -247119995
375359628 -805131898
524731833 558880076
-628501513 -664168944
-50297353 -133752308
-134390177 -852111390
511671458 654329925
-793395287 521544769
646401436 -386714757
-246285467 -267094345
539767049 -816367047
-99348517 592417681
16561815 -853507678
-500446281 -973993440
-202425885 -207621323
-547945302 644763976
-455866349 -83337856
896987648 93970792
-192158581 304493925
-783562208 758320492
959451663 521095205
270048553 -387048561
-9130244 -396224012
-402541203 -999749335
-368670137 458335592
318925082 -480311292
-20831611 406768018
244643576 432713432
-92271290 867175634
410412513 -747220549
-694334124 -893423797
268929973 33481719
-195177293 752422784
731814749 838384465
1940852 -327208984
843591578 -953922520
-63939893 122252653
-784548678 -881478590
-616516590 -669124903
-616510136 497745138
-395412384 375233608
486632467 -669770401
885687505 960512570
796550378 367740918
604885032 -673778300
373530676 434846807
933081625 537323613
109429363 637171499
-407707172 -873337934
150478188 -951193352
484304225 -902593609
-26053772 636636587
811446385 401832725
-716216109 -159516590
-242564181 28500000
445503419 -897707478
94496618 -718059842
-421607525 4235397
-21914366 -182091657
-787568228 -838032496
-568069819 626695798
946102934 -929126780
-977538161 729915377
-111289375 -115413229
-1708285 -43333962
325590483 -50068382
525608766 169368455
-641455295 -758144855
878584672 504232950
844685297 -772482724
97601772 -276349788
-106739700 345073737
-370694344 109109793
531722942 -217974375
-598317211 360796949
688436739 704817557
-230488374 813288551
62052329 -345495867
679420612 -826801160
-712733037 232966979
906625046 -185684883
-522670749 170026270
96921918 847194982
830067932 -807697020
505548771 -651776827
736145926 724217013
-224481933 -22643066
-318299845 -450117635
851015777 686426085
100069129 -108783625
-869163745 672253369
-864276997 -978934805
561378708 747604937
-250054330 -773938231
-776704043 852834593
-765769662 8874436
564573814 -394060244
822477281 -988720497
-976998142 -720283089
-702160517 -285034222
-626587556 -11743134
-948934368 746120241
-591991250 -656212638
602744676 122936136
17005796 186339533
151362065 -526797628
166868719 504155422
-392721487 921061442
207262272 681710230
60483337 -510687415
-712147472 630337215
-378840510 418900164
144956403 -207388425
-156983627 491286073
-97240555 -529016045
446370046 145095560
-529978118 -793343838
955058 366288265
537025628 -609669496
437233988 -433030545
-526591254 -803188616
-538443807 -993700474
212764839 475486144
470935192 104928809
100634422 -706120959
805582484 81544257
982841702 473566118
37632187 -985687088
444269101 959919718
242303503 -956170022
193091963 519226071
784957895 696784654
-287935075 760980422
-905966970 -435590665
-314549134 653115364
937800709 -778417665
531194097 -171573491
-191076931 -447512859
-918560646 947308868
-619047980 -380593465
875672508 -955959135
-399243104 835011196
310346684 -613854558
-394728237 -594821318
526904650 -58084786
727067562 -597822606
-195376753 451547998
-729451360 -512326542
-422438899 738160807
854361014 -614445415
-200167801 -250077256
278946329 -500812766
214779533 -869803983
797192033 -835527925
285357789 -184085591
-437823102 253032193
465563728 -913994625
-39698212 84806903
-802937803 56275640
234129116 -805567709
-437479324 -729001475
-417981520 -124864365
-150969250 -419901539
948645381 -950094135
408530654 520849684
125199714 -555065114
303414349 354587354
605141210 405434130
-726574744 724957475
-954770414 804555804
189425861 -690801272
747582373 -537623958
64675569 -922693249
961532556 -269436861
-982026625 -376739999
-854581178 -588127014
256394745 774943398
809387338 -178247196
-891185661 -876927459
179037798 110265308
-554475068 -791090844
-789956060 942137678
151416286 436061205
798990829 -569995423
148861618 -422850957
225507023 -26033189
780047943 -771814068
348242884 -216297865
198915714 -777248559
8535014 1316147
165544038 347082880
-475599532 -902629027
935571766 225725291
-880654805 7618313
286698239 -673642856
-488491352 -769759363
-681912734 190603833
-516609998 988500983
66411154 310866833
-809142819 -363228374
-34878039 -400356170
549301736 -568076088
943296031 386399175
968287828 -313355179
693108843 -670973469
-548519566 270294480
380428552 503238403
-287212925 -377312964
-29863069 -233975732
-597992568 717038264
885735139 -979237474
-909667923 216200987
996854237 -46730691
129144527 934883668
-593665315 -489266872
574674059 810130824
111206074 -9985127
668665309 -936603796
989100066 575611412
-36822211 -415866303
427615301 605711116
-226691833 952681333
844812037 773614580
551490231 -204102830
21509727 742242659
501361080 271820372
958939801 -749603274
486299709 -152898184
-834999384 -456598212
803470684 523446017
-342907428 753491945
-519386394 -820871767
294991035 -161783466
375844919 -570697105
-822480447 -122108643
-283074017 -527760076
458764173 505208108
-708127811 177438805
527600679 -613101590
527205938 525957629
-935597790 160414047
-145046334 678080079
637075535 315198784
-107746272 835713267
112023978 405555439
437251400 -534603877
215982623 -599176094
904651194 -659349259
860835383 711215601
-226931330 602930082
-216177313 -763118769
-604324399 -344557504
-155654031 -348179123
-658903747 675614752
616883236 327810139
440828532 144178230
-49063587 -421025243
709635155 -829855174
976598687 -384301576
2056246 -673161986
551874557 -581365090
305407844 -254073856
914194059 301396936
-76256491 -483623076
-915273608 525634379
-741442850 -76309066
884960739 -667861533
309597337 -583931115
53657525 751026791
520411388 959092649
484515176 865732957
407570969 192837372
-347186038 444557443
-471084846 558432542
-615791582 432972313
892896074 796067648
-902444266 -116711366
485295256 415839326
75483264 232914914
207270480 -768049591
-25298829 -717634965
407984755 684072565
-822199648 439496837
-442169051 -251425382
-194088701 345533936
749049763 -544246206
627686278 -883734580
-799656014 782027040
309233415 -356537995
904827401 918111436
938760514 466194056
285391101 -751946753
129816989 -617357572
98279492 361514620
-413493074 694778258
663099251 553014637
-5418690 55006061
462436896 -170276305
104902454 -738450315
-416728343 159722843
246460376 424682261
-171301198 167558770
557477100 -29184021
173291053 -640891036
-37780746 578866487
288880992 68392815
-131121704 -413595048
260463349 -738827420
89946767 611601443
-193648473 -66298107
-939811528 -523785373
-339249577 -266565927
-690971062 649029389
-418937672 -280477377
-136940704 74614546
39094838 -95665953
-224275906 336437475
-80048935 296227934
-557442816 550777873
-778729446 -962858232
-705989957 -321074285
226315263 -31620498
213328826 -222809984
-259564754 -324029993
706840501 341102618
734149017 778698687
968518963 -150679905
86777097 -753733627
468142837 -958311601
-22930638 419876703
345772431 -814486126
-206841960 -746763446
661605714 -447015929
-555469379 919110935
732926750 680826269
521198617 -852916788
567594104 882624713
69458997 263735741
-198211810 871101707
-188373023 517750987
570125066 525646452
-277999018 -323591611
507499526 455153738
-788080800 -301563922
789198110 985989761
837345200 -960503191
757019277 796298604
87496505 554396278
238738734 -953075463
-426808669 -959846505
-923074459 404939866
-927754934 517523783
862945561 -331662885
77897554 -669528399
717499123 -767768259
-234949477 967669164
335573847 987461734
780020328 372340656
333050361 -110154155
302210338 56257743
-162666771 -955278934
591649854 307958233
935575757 526023579
-802952619 -695374960
-442888896 -528600084
970638829 -53700251
-982053831 780145188
616334385 373816371
767702170 -934284002
-395423393 -821044612
-682402395 37268858
-615980914 -307743778
-334653146 26388454
-563695402 -921420027
-735319219 -159760996
-730641019 -751578483
-307898906 657909966
-3563960 821289214
584091737 917436014
97016581 364964291
-597479125 -788743970
299608781 676030179
-747612924 -275374153
-487314579 313623855
-829759211 -417363887
369321885 971081798
-425515331 -77871573
431360912 -892633640
108101944 923604660
-859879099 -385350030
204601868 -816593006
-189644136 -678468401
918480384 -358196455
-138220896 709666218
-56572503 595185983
-607389773 -706612511
796194902 -13529032
-295560372 -473571191
-17096491 -400476436
352201910 873222170
649531206 -705431603
-778310516 -36327184
-223744004 85958411
128489250 -779132388
920418550 321725361
-926199778 -867496342
794706492 -246644275
904642797 243725050
-352180457 7233337
232282947 927929035
-172990055 153865508
-306429466 -338637648
-453719907 287984262
-645791230 363690962
-843670110 -412383521
-840533812 197785504
-835408228 -418436022
766615326 -960583372
-842795836 -239006100
172062773 -483629469
-359190214 -441340125
797909922 -656468954
-720974201 317528725
-683047739 -123219201
-577548404 -235272628
-615008672 -264541488
-456785325 -904508771
-453893877 580314985
181522840 -589082585
921309004 795240662
910442872 274651365
-617972093 -304183921
-290833183 -737120048
394029789 -901578587
-595733107 975099737
-244695268 -817390330
-668374939 -746504917
404289136 810130782
569839126 552216262
-791265669 -487113396
-124456628 -541432795
364070109 579392312
277659829 160334609
58826230 -372827787
-409416369 -691891542
-208303229 61050099
-506760067 912829510
272417102 -579762286
812639909 -657961017
-838006576 -8144892
374983084 -702269892
248485084 40371713
-852509527 -173997161
-262024026 915352443
-862714655 -213824647
902174922 -431345083
848500502 716077190
831775592 -940013978
-311708579 974642327
-296126898 -416333808
429483079 -418454421
-511418342 651617488
103261770 432633449
-208916673 -636337462
-388139650 -737414345
-508652518 403683482
-957423849 -549092924
16582715 -395467272
370915771 65831187
-71055278 884442332
-536313574 305491392
432694174 420278463
-397474186 461167175
630554497 -354368358
-201913042 616271008
828335913 208697529
469181412 575847745
-156777012 -443826186
238127066 -687466263
596960412 -171406773
992564547 655908720
174768056 -167872183
930845595 -349121892
-604278936 158672979
838968072 -290438717
-828280963 -498192236
-756811930 -556501890
146586943 -646585001
-274498272 307389334
-671584059 373811454
-235038788 837142397
-666733973 280311433
-823254480 -755975197
-564127232 765234993
-753705637 468879750
845870416 38291724
229080276 365228378
206726171 238701307
-241125144 322515071
250752477 -216057278
563687309 691202718
854772578 449733586
850090544 357673406
737340090 -314511796
150914711 451096898
454612840 -147035434
139554095 285476305
-290028251 -998028138
-531384832 -268932144
-735712259 310967932
997187216 -535707253
-519139723 194284991
-691813820 948089099
-261657774 -586523064
677293918 561825777
979002269 906794069
252036572 -443716106
81070728 -956954906
873666796 -735528093
85214702 -820739037
107387202 -763322049
270590739 -914542868
-374611342 758757078
-156629187 -113104522
352376726 94612469
290407234 -912194468
889621315 -847937331
492459192 -331166363
-91183508 75035779
-797141364 -55604125
862252613 -769961711
841750594 -220971823
33912140 421877942
-103642540 741595441
-384484702 -168555119
376637302 -429482946
-778374385 609700450
-263422343 409716328
175834724 197671487
83681562 -680680649
49776276 -868698637
-603047131 -127141195
-929451106 -515309555
505661646 413726013
544068306 656007245
994451842 147331344
-206521634 -484551640
-803327861 967994131
112295501 -680010701
784587632 -679000590
561398137 -326595932
-288438175 890252293
624477610 837252778
-855043200 -342143531
-468624474 470069142
112393708 868315962
757640421 -482226502
137805061 -375087880
271312036 488466490
684844048 -330379552
750007866 583001671
-193572776 575881508
-33456158 167994802
-167196520 472408850
979810505 357798861
499243560 -25706928
-629368921 468851227
368685110 112106509
52762155 -662703329
-875586581 189730717
702466558 -778486257
736960684 270325350
-768321782 939287055
-805254432 261846506
-703848695 452223225
870060791 -971888156
478007285 8730870
658447422 274047501
-511137723 531446502
990614879 376069655
556036070 -523067226
79856142 -195659671
-79934077 471300965
-819351146 859801991
-543369253 -923726973
779075046 -63805347
-459730727 991669855
373909141 765128506
892954577 910740831
159301393 538755225
622257114 6497483
721085462 789665626
549503781 231621885
-107599364 -979985640
-846431536 107700986
620220704 -45780697
-96643786 -542129993
170882356 -212932731
118106285 -921235217
-811522194 155705805
-789908626 -862652835
322098083 924036700
-708492699 922606141
-701684385 -666639981
-874127293 814153800
708572534 745359714
-124283812 403237432
-626428695 433460264
-396536801 277120900
-98932600 -924355602
-259110326 96490964
536350111 -328976786
396840780 686110534
-227448183 145780426
-791141089 -764891322
-62319187 -631289341
-715308018 -547392914
-494240705 -704495961
-331025084 772652428
-487674028 205066211
-889366413 -296394977
293187472 598409685
729266552 832505375
937125159 -986596220
137098537 -19528109
-425277650 757476288
988388872 -249903180
819399015 -799611143
164680752 99780169
974865993 -394688311
-528198387 835839006
404458876 -789111845
227197561 -456496174
-892752221 597358134
-903713196 -346522525
-356038292 493525195
669764360 -614969871
-578811546 909316116
892694441 405158806
660819990 -411627871
-667229842 877283453
409454612 668834660
-911938959 -967588844
30021828 192239753
341093659 71690232
224350931 567756720
-321823958 -449245708
218006169 -902652109
151905568 -117578039
-280189829 -477726991
390274483 352561660
-633733222 642716389
446335577 678462812
823176056 -859732544
-804908456 223061542
978978923 27688373
580595685 726207268
449613976 909258949
-116998496 -569501163
-97454165 -522419410
986498020 584610793
-104292887 -429490933
-616334697 610403708
625521359 -964047070
36798863 -741993569
-74933986 -206492255
-503520217 486761570
-41247080 111133576
403942713 -710250018
-725911215 -733041252
-705626795 -445698272
317945131 31259242
-344564653 287412918
915034378 866889798
619358639 -810291509
605408008 157735695
-599137900 -124348922
-920297028 -975004277
-961047213 677279918
-802143493 915053554
350558463 541149037
-190326783 -489320850
209383994 932364552
533081759 -29530427
-455615787 -106652446
414354223 725912044
-549293498 270252925
646789355 674894018
594311210 458238706
482555526 42678464
431446776 249900488
388631157 -130898054
897132194 284124371
-143273797 199175896
226673101 52688659
719515349 -601154294
-806601943 446235126
462882588 318492053
-130369165 -933091916
-527295738 -715077277
961671471 870670965
832616591 272291792
348728334 448748759
149916827 -371672678
919682419 536426614
-336563507 285259385
945206519 -552114764
292961329 -785091456
-962715393 -555283199
-281961809 397251028
588346825 -123675786
604170760 -140177309
575553886 -698785958
747497820 643680152
217187905 572078794
323387139 286787762
-902666340 43504131
259531544 106515017
-549738054 332026829
948633292 934857187
391846267 231931470
-781051283 679264475
-349604846 -907029742
792297766 -518952028
-396973665 -798686829
897164791 413088986
540044839 132913033
949018232 479740035
-492248159 99377077
-968894992 -913456523
328698467 958155598
600065809 245971389
-632935563 23373684
72163844 636574064
288820003 -50534370
367858363 170539891
168363164 397752326
-903818590 45472487
388577174 -786340378
967965961 -714965999
442395831 766088578
-882039878 -764055581
-383130805 627333130
-368028261 -991885636
635509379 -657681885
437498215 294322145
-149462213 -844540341
-761532774 -805400539
-691038769 596397240
102594783 986046129
405710651 -303812432
-658345904 753396550
439613554 -168905485
722192596 30621352
-169718175 -593408660
-621680742 862116706
156356557 -936371979
155624851 -732477034
-663507391 930733789
409654705 612856591
-322866277 215400163
688571758 26012332
-863053760 720061019
-793858726 -471577731
814231467 211462813
387924764 -763149552
663306297 -19540171
348824127 773954189
-371544944 -86094882
-938739578 -34009922
-132590534 -65432665
285619172 -825920410
991412333 -173122069
695292965 -611965611
-502899356 -770822523
-467664389 846521797
-615095055 201793986
999381364 -786125365
-187499190 815068145
-171760690 653922954
787113369 261369702
79228861 161636119
248397793 452933084
-933209803 153164599
249375376 -301775107
-395573246 341434223
598239312 -578214803
921941161 984919390
-872327709 -766803602
-155969074 262113953
-83031556 664774625
-709076820 68467380
917440062 377665783
421120518 -541075162
755262402 402126561
-228292304 858834010
746653603 -560719676
-7783667 636519980
-786888605 133576494
716362840 786831511
-671420187 -905073452
-475736211 -39645718
714602488 -852396672
574690547 -62251730
127309320 524777283
-836366744 902318490
-424819921 608637191
2 754729236 322296687
2 49161733 -380508125
2 -833366093 -596285687
1 446818336 545211113
1 561509331 989239088
2 340320807 415168678
1 -596701787 107163023
2 251712139 -389958893
1 -695674978 113127045
2 67453422 -216200255
2 197758873 -9348173
1 426552292 908707031
1 205043467 488715089
2 -385856949 -180199880
1 -83296876 -775404982
1 136296825 6044962
1 932043366 -247354308
2 -37033091 948070638
2 569883360 909998373
1 947679027 858259779
2 125122582 -468351142
2 146189461 -12580068
2 474441312 -654299467
1 -446048108 585857936
2 -343707033 984402116
1 -720195798 -194490378
1 440626013 128812293
1 475690395 -115763523
1 679271578 439823399
2 -212371851 -610394913
2 187850021 547496356
2 -721311578 748980697
2 582367907 450956627
1 -657401148 -981478277
2 -467336806 516584995
1 -475805422 718951604
2 728722396 296930898
1 563522110 -123311896
1 -39477758 -251375090
2 -179530289 593417611
1 -523495839 -626345789
2 -322986984 -617929241
1 -379394230 -907022692
1 -484118861 437159170
1 788192759 -983662579
1 -199684311 17863085
1 -979401252 -797146399
1 819443727 496179427
2 -5883198 819302644
1 -927163010 -98865558
2 829525545 -728640049
1 475924465 -12272796
2 256586133 -955431259
2 145114584 -300111886
1 -781499655 -973059480
1 663926199 -38585801
1 202018086 229032539
1 -973860282 -959979611
1 287777695 84934607
2 15116715 647221585
1 579732258 486079628
2 -888021202 151075436
1 -793144684 -235991483
1 843220759 -569884750
1 -929737901 -411809056
2 -503344090 943886485
2 -841528515 593683478
2 -140051194 -803081311
1 -996095206 258295757
2 -49540212 239680159
1 -15596423 -770947122
1 479685389 860391152
1 -957674083 945396744
2 -558114174 -758896673
2 -700645780 877680568
1 -534457205 526699972
1 870323512 664715367
2 -245603738 -477168857
2 -173759763 846935475
1 -293615864 209590196
1 290667841 -765241024
2 435740016 -103762973
2 -689804711 103064355
1 230335525 -104005846
2 527634950 -112083366
2 669687059 -720215534
2 932594215 -49126505
2 890912169 -21215058
1 396088704 314254117
1 262797911 218777099
1 -930528073 -300292002
2 949928262 -841587250
2 -911010384 305704110
2 -633298448 -794859492
2 682564923 119797985
2 -936423693 421834305
1 -611387916 -120987013
2 -514967955 -307324665
1 534217752 -80381373
2 256625663 531326062
2 -589436632 -655564045
2 35902173 602698450
1 884921405 250195648
2 230580435 -33831966
1 -846029905 43364084
1 378561713 -773710458
1 -853126616 -432327172
2 -591531074 -185368285
1 -296293235 -992001387
1 -171283760 522085675
1 -129855664 9219326
1 610964056 497635000
1 583633141 702348683
1 -296737676 308226501
1 976072123 866860885
1 137311326 -795316695
1 977669968 -710892627
1 -719832015 -607011827
2 3916055 684783540
2 537672779 -586392927
1 -127199437 404983789
2 -187451899 17977844
1 -973384623 254522176
1 -653791523 -273942882
1 -425515606 832666835
1 -466638627 -645666655
1 248294597 759345014
2 -364724694 169195086
1 529740521 -379029431
2 473446024 205540274
2 782863263 890476648
1 -504218504 -673932827
2 -332636372 667891418
1 -52578595 423438809
1 154669900 -816032853
2 920445135 -813995411
2 636633162 412904630
2 -873831044 855035026
1 -727403306 323924383
1 640169484 715632448
2 -660577381 300490433
1 900742800 36699776
2 -125811533 452031324
1 -795419219 371261099
2 396554030 -510694696
1 -174355675 768724025
1 -730203674 -558157352
2 -137892952 -212289169
2 -547911480 -643705886
2 -461760589 -852894012
2 834387328 984235604
2 -107921926 -169446174
2 28522460 51542455
1 477811272 21641634
2 -988031596 230380732
1 -526791511 760649627
2 277658676 359269901
1 -724722773 -775956356
1 123444939 653996305
1 -582107759 -707525352
1 -61466846 591858751
1 90181283 -722732927
2 -906978917 -495679199
1 320341783 -168994969
2 544418599 992973113
2 801537152 125037343
1 655857648 506576149
2 744456678 -814484524
2 479277765 -49487290
2 140630496 739563931
2 -771596995 419838959
1 -413192534 101865069
2 587238702 425735958
2 351524595 555267910
2 -486454984 -778074470
2 950703246 949510269
1 899376605 -58929
2 -953781706 187794852
2 556102169 543642139
1 -887713853 757116765
2 658555726 565445556
2 -141555467 657647180
1 340880805 -911378806
1 -187353037 -81179734
2 -556851044 83338556
1 512549197 -559618354
1 -354296493 195948675
1 296209912 -930154964
1 -972638444 -508691780
2 -813109407 781643789
1 587672561 325254959
1 544544085 -658501676
1 431959683 487002565
1 -174505679 901612547
1 384295732 -832018730
2 -756402007 -853756182
2 -300523254 -766359901
1 411603971 164003433
1 150893074 424577883
1 -985643971 935453321
1 -53056431 63783756
1 887294184 572532620
2 659407095 -61432528
2 281173864 945938325
2 113774981 495748096
2 156975082 818169130
2 -701259500 514191674
2 -584894771 561847014
2 356576411 291957739
2 239411187 462262131
1 638615962 425182402
2 -365405178 -967326723
1 -143150102 876533658
2 -996615757 -359445758
2 -541038204 135281264
2 -310448643 -459176442
2 37776117 747833089
2 -696845389 1203270
2 -904059668 -929625958
1 -892279458 -131850244
1 331259377 580228691
2 963578298 566414562
1 705265739 891354619
1 944165158 -928360194
1 231835432 -449938585
2 -406261018 -487982475
1 -842729627 -428021110
2 -998281981 -821417837
1 -463319233 930686352
2 -283464718 107424993
1 -999433185 495063711
2 -24223258 -437100301
1 -551398523 54869779
1 649988065 411588501
2 -235172491 756920356
2 547167026 -602790983
2 508557267 147077642
1 846899097 353644177
1 -968851273 205392582
2 288224859 309456376
1 490251172 739807976
2 787623816 688339521
2 630670724 469749019
2 893627728 -881714816
2 -736402455 185908868
1 -600902016 -931310069
2 -579902899 -461762678
2 -815882388 875225684
1 160967425 -99707488
1 -670253101 -321592410
2 346445304 -302340078
1 -792940370 -627817666
1 682260727 -387226793
1 -517320688 339077807
1 -538255772 545018565
1 -482571742 -109892598
1 -99286806 16885287
2 -109269303 -946210942
1 758476315 528309182
1 -962823341 532784680
1 115924237 695161903
1 -831344382 798383435
2 728208311 444608856
1 -965511967 -248837626
2 -802050105 476400403
1 310490984 424016856
1 -107071524 474082819
2 597677616 -308593516
1 -933481227 604601527
1 -525316077 -884274999
2 240412526 301308233
1 582113398 -40716789
2 -670396825 -180651264
2 762381330 -997016398
1 -621950629 -670406830
2 -516362419 358863774
1 403584583 316396330
2 180176293 -598198507
2 -845965823 -794442322
1 -64962840 380916918
2 -228812377 -839271679
2 27714655 -848760349
2 -192569647 -657615759
2 933407002 937321301
1 -791703974 351548628
1 12879255 889712700
1 990549490 239707666
2 768046290 -71845614
1 -63438670 397722707
2 -371180937 -191835620
2 -570207040 464897992
1 -344169541 116829775
1 -427045767 -669054670
1 -485774823 -881924085
1 407732671 -77273512
1 16045596 330691616
2 409030547 -943002336
2 -951370261 961567641
2 750483482 -234837975
1 -914743753 -215795044
1 49754573 -80483348
2 110411575 782409836
1 -527115365 -721681417
2 185775637 278075157
2 -600948439 -80359126
2 -670880258 -880622570
2 868732971 -455841689
1 839508987 -675481042
2 803122222 906198403
2 674589676 947788342
2 -950326914 794213453
1 26290728 410238714
1 -979177907 182191572
2 -511618499 16829386
1 306727331 -273596734
1 -436165151 -476024780
1 651847461 -506624716
2 615624182 -611827640
2 607332890 477044568
1 859356150 210559258
2 166875401 697062631
2 -379649427 -354040325
2 269452289 -793327525
1 -350119512 -28191406
1 -367033765 305669727
2 -634766578 25649008
2 998785359 517196207
1 -602910100 432644041
1 -956170136 -255569318
2 -305742144 -471105851
1 -147432196 -294121820
2 -7429998 -804336501
1 906812289 152127922
1 499961967 297433697
2 -395885608 -323282370
1 -665953577 -849979076
2 -898419266 843457251
1 468572314 206626157
2 661384527 -706548364
2 225156400 641520694
1 431368845 -201840332
2 -278963442 -171609386
2 687780344 -958189250
2 111827884 465227084
2 402384192 -661042167
2 -702800904 -607806087
1 941339731 224498114
2 900798796 406864419
2 -821749676 41731351
1 -481924432 -16151753
2 161528608 639228025
2 -543468494 -918888953
2 -968783455 -712636958
1 -87269527 -130609882
2 706561447 -860709005
2 796916877 -147840477
1 -940059082 320489611
2 -899276516 446873659
1 -929948730 809722555
1 441185243 -571649097
1 -411140645 -368615598
2 -440182163 -580699492
1 -817911224 -584501454
1 635267366 -916622410
2 -889936063 903011299
1 927538175 503858001
2 -496631579 -547411880
2 -311813521 791620324
1 -400946618 488126096
1 354125836 -995928025
1 -664198245 -34045925
2 -655454234 694268210
1 948762420 -619828348
2 -562106173 -474181819
2 911085034 176372879
1 905339277 -561722188
2 -624512081 585893008
2 -739587292 -758314811
1 35456134 575992469
2 907008525 19180824
1 845680068 324934665
1 855633376 -170815899
2 782272025 -999392392
1 -444155379 -901241155
1 546598198 24946823
1 -731314975 -331877310
1 272572934 -649734720
1 472140551 433833058
1 -748775178 924889018
2 383458406 -8765763
1 -161298947 -568124463
1 452808552 -23834908
2 341544125 113952202
2 -19492931 -778091722
2 782136377 -237984904
2 14356802 432246938
1 624872081 -158749282
2 -70063723 -876178950
2 -977584388 367685226
1 348653380 577629634
1 -234154593 873955375
1 966219107 83651852
1 -627694253 -876961184
2 606505441 112402130
2 458947208 -117893884
1 855827380 -785245908
1 200183640 438321124
2 918543553 -689162634
2 224491380 -830965631
1 611829085 998195686
2 -560789809 -613824405
1 -40532696 938752563
1 916875746 375792432
2 998201064 -283726177
1 -942750565 -50345918
2 -476665852 419509250
1 -794469202 903969912
2 302405023 217831104
1 700433797 -78069499
1 -838463447 528255580
1 -431938079 409489691
1 -886069114 -214673527
2 -585708079 38297371
1 -575703186 903295651
2 -950819361 -27785092
1 -720869940 -644545396
2 973429772 273409928
1 -462894870 -930838721
2 -750689060 133586185
2 645538000 85964959
2 714925128 -420302007
1 -491901310 482452173
1 -2733362 -220526746
1 -271157536 88071116
1 265344786 279305555
1 -985523114 -421079830
1 945200929 -781160461
1 -163035163 651163204
1 -652472807 -53476239
2 42274393 250561847
1 97279899 488276699
2 535626791 426548581
1 -626219504 766899247
1 -583025357 561118109
1 -567382720 -243077286
1 869155638 333268851
2 -399467522 588829430
2 -129649999 671801737
1 622556674 80475651
1 -12124558 -745345061
1 -845567032 105960827
1 709557813 271286987
2 -486680086 -451013616
2 320235928 384156717
1 786659474 -757632016
2 -115400387 -864828027
2 366577848 44442491
1 977104968 548348765
2 298685221 -566803230
1 350292489 -329965980
1 -414014728 77024457
2 -728223586 893316317
2 -564442912 -175513801
1 -85898931 539962930
2 687388406 814232033
2 910547670 816896465
1 329298363 216245013
1 -64527046 -142445477
2 420416933 -905452487
2 723653945 157970728
2 728968184 -992690193
2 547468209 366127443
1 -196011720 80698464
1 -55596624 -231714529
2 -933664460 28979227
1 -520178103 124087226
2 -699576888 682193650
1 180781804 875517592
1 -23056884 437512765
2 -530691928 -617475895
2 -721894259 520713337
1 414557378 -817031046
2 -144111838 537517954
2 726246537 655257118
2 213325853 -342048007
2 -385642555 497026897
2 745226103 659239730
2 510886293 -405760907
1 -175732816 504441201
1 -251829326 -863637001
2 -508435913 -657242855
2 -384225535 227305850
2 -132519985 457536061
2 -684969346 -231935067
2 -236571143 728811338
2 333972736 -931949155
2 -741877000 -663979395
2 769722799 488734023
2 483969731 -353254221
2 454186672 446185332
2 -117809405 -230560059
1 99023028 602815205
2 266642689 663297582
1 -953042779 -857266311
1 -758869226 53214628
2 -446294675 -270944031
1 263096873 -226957419
2 616066516 989068323
1 129570392 240218180
1 -543510941 -852955580
2 627404099 55010679
2 -152638229 109453399
2 -385191896 256076965
1 180024917 -602127110
2 -647951371 -297161959
2 -726307040 -198443413
1 -166336798 -697889229
1 106595417 62927270
2 -193596642 690465876
1 -316336142 -509584345
2 630168818 -59955206
1 -552103744 598076949
1 916013937 -460037276
2 249434345 -245447047
2 865374630 -464735991
1 -236585907 42976217
2 -952159262 81919603
1 -998441263 -587171582
1 13608448 -52321280
1 563965567 -74811944
2 241914212 -133331941
2 977719812 956617745
1 -598551498 -946713793
2 189851034 -962320486
1 -254402129 -731889465
2 -646219570 -940998995
1 880065985 816678685
1 252111003 997061619
2 -603763160 718019845
2 -715482828 334406320
2 -566420143 3322406
2 70223399 286301508
1 755970360 256487655
2 262564580 970258723
2 -825480330 -860078841
1 -866547000 -502143716
1 -669259844 654298493
2 26027205 -839629489
1 73255368 226534515
2 -849703275 796450438
2 -346362447 -115277869
2 -963734831 -340648821
2 289439751 488166905
1 -58645611 652202629
2 -747722131 278265095
1 361204564 -944056854
2 115871825 985009874
2 -846294309 352258155
1 -956207148 341931748
2 349064567 -172280898
1 -586064177 451613799
1 734890280 -608461023
1 466028201 950569672
1 465810249 -347466923
1 37622840 93352098
2 362232289 -44931620
1 -910720832 491993917
1 622766048 -197753738
2 -668477721 387124378
2 120718466 864197937
1 -586476998 812502154
2 -71072192 -833463047
1 -224400641 556999700
2 951326902 -416013618
2 -361386787 -242835676
2 -889715013 -232089360
2 -665171095 447111275
1 -596924874 -180672945
1 386773409 -809987309
2 130095851 -578226564
1 -124865948 -952543252
1 843186431 491752877
2 833410952 -591858581
2 -972324225 916373886
1 122635758 418692380
1 239070898 224975598
1 422909395 -29427502
1 -218438141 404786006
2 647552221 122200374
1 33688446 904523741
1 -97986684 -572880404
1 855441905 -442886897
2 -599661910 619195310
2 -640845952 -767360511
2 -292907070 -191769792
1 -268772977 553769536
2 558615439 633212890
2 -666399398 675904306
2 -188698943 -570720053
2 -745793511 -88573661
1 827386321 -907049835
1 149146211 -304012250
2 383554115 713141340
2 468210708 -307710176
1 -309203930 -525392344
2 -654938898 398936250
2 466108218 -29241898
1 -819714574 -732471202
2 -415538570 -612369924
1 -177304381 123761996
1 -726940566 910596614
1 196145288 40532419
1 568890597 -786466050
2 -190872197 242530700
2 150687685 -414862173
2 -361075297 -558310747
1 174355478 695515656
2 -15739962 -548259053
1 -183500206 -711723762
1 -966164994 897150652
1 -523237109 386528766
2 96701707 -162729271
2 122461979 974270597
1 51726491 7231547
1 -560697573 -442356004
2 -279985179 -498002086
2 672309131 383734149
2 878974755 645266373
1 879191786 949918237
2 89504993 53375635
2 -99721983 555963517
2 -220552020 693119279
1 757695928 -836688384
1 -317936071 -52516648
2 718123085 -375621499
1 847720516 430739334
2 -739012177 202598581
2 -822316903 -586653197
2 -420823841 607992597
1 372797895 -390869289
2 -374992212 -162999474
2 833200943 -684340592
1 -346516313 709154352
2 888394652 660357769
2 -718332369 -78075896
2 -58676473 -55586947
1 -488472315 -616428838
2 926230521 158576120
2 -175028693 -646245054
2 938637020 503002586
2 -161664067 288356136
2 669013218 -542385028
1 -126307060 -256260169
2 697868525 756309981
2 -915994921 -107860430
1 769135833 -913150796
1 582438906 675408068
1 313405409 896082042
1 -604867026 -98987429
1 -164755327 573588763
1 -128108104 655457610
1 13739280 -151087733
2 443379137 -374248628
2 -78556014 -624554005
1 -607559043 534841387
2 255372227 -565355130
2 616712111 -250080183
2 -80030897 -455737428
2 431309476 -915466298
2 -213978109 532615414
1 490600948 446246016
1 -607639005 -554527208
1 32910902 -695216360
1 717955156 933452364
1 637242564 -698405001
1 -816895189 -667186026
2 -583130240 -354624917
2 -29170173 -535956222
2 455427106 635881910
1 -192717233 -973947620
2 -54694250 498511031
2 92244642 34302226
2 65551888 -682098474
2 -589188262 555774002
2 -430068455 -741216507
2 303176983 400544314
1 30663970 -736327580
2 38711102 -920820548
2 -214470035 -959777277
1 -355780044 52078911
2 -44784824 -790978070
1 291950799 28324132
1 359041521 753064307
1 566336480 247810524
2 -269488265 -714262942
2 747902951 317789828
1 179249338 -284731362
2 509715172 198386855
1 621155682 631616024
2 -430970672 406030670
2 71476114 -496568873
1 -397935025 705842062
2 -794548406 -749775782
2 354450133 -69573132
2 -58199822 115760291
1 446061912 -156390541
1 16741890 248018454
1 -677757623 -203647463
1 22193519 -315328942
1 660112834 812875746
1 980204687 -901745251
2 980276566 -856094443
2 -726283714 -468344964
2 -869871055 -955206333
2 81910928 735114575
2 -428416930 148227717
2 351996633 -6954500
1 -662350448 462695055
2 726174385 10658590
2 -907355664 744500311
1 -111946218 329036102
1 248645514 -460831586
2 698234328 -314583975
1 -298632210 -183795359
2 -536954324 -492990273
1 872650251 -544502688
1 -809331226 871338858
2 -966729252 791799404
1 -119174631 182285500
2 719471414 -338917329
2 851384844 535398809
1 897377038 -123752433
2 -24495342 434331702
1 802000756 625982600
1 390553905 -379049234
2 374575463 -402900142
2 946611628 -80046337
2 105760808 -254018439
1 13058681 -522212051
1 -566961873 -938381602
1 300294732 807368425
1 -703116595 -842077297
2 -310138909 15976855
2 614715142 -300377448
2 -132103584 47799247
2 132374677 946426415
2 903559967 553930011
1 455275156 -894700881
1 -798183463 -73471798
1 -958762703 858768431
1 -690592444 -411502011
2 -346646116 -889494396
1 831784840 939897069
2 584367230 60356987
1 -946886060 592847438
2 781012396 495329914
2 134444035 -23953557
2 436728672 771499879
1 747660354 -169120159
1 736274629 142063960
1 -125022556 -220783109
2 -719356382 402781861
1 996018077 527968285
1 833148294 -421039783
2 93581563 459257014
1 422283623 -737786661
1 -633433556 -829314213
2 276891290 -219015993
2 -545252549 498144477
1 -176409807 -289688004
1 548886274 -241141354
2 42211686 -154928651
1 -802795060 599148718
1 -232943668 818992960
1 950109901 -381396394
1 304788609 -184383859
1 847491228 -512010423
1 536314364 -80801353
2 -99917667 661815392
1 -252293570 773094000
2 245993720 778577132
2 904787887 235430764
2 442469739 614718772
2 867664239 -545522367
2 -444648940 118769428
1 603762249 547358783
1 -867311900 104774361
2 -774582941 -313740732
2 653991670 180861415
2 -787433766 -478670706
2 518216275 -368700300
2 975048300 452677779
1 -62272801 485558937
1 -775597621 -897047142
1 -351884111 -78933317
1 -853253303 656729733
1 985315038 849571954
1 -393288418 489097848
1 -566361258 -188946910
2 138645369 -373603491
1 20933018 -662322946
2 -444177713 399098234
2 360837548 -639886146
1 -50287772 982839069
1 -575806821 -13880002
1 -25118404 546488284
1 -362907502 675953221
1 -828346258 -508608139
1 -439986848 -962651388
1 -331382720 -360535178
2 -473681790 -650687146
2 -115420959 -823216327
2 -41230255 -863175851
1 -964474387 752658073
1 -242681400 65584061
1 836171664 -668827704
2 -763264014 -289235886
2 -811858610 678767440
1 801408087 -649209798
1 552528082 -647775236
2 -594223512 -438259487
1 -127373611 -308265807
1 -628719404 648299093
1 -512081675 -646573765
1 -528300352 -433982087
1 -310120259 -514880101
1 486622580 -112986192
1 -437205706 79201326
2 -91082065 909839286
1 809128151 302495736
1 963824081 362015822
1 -909632 100477816
1 448341107 465206811
2 201344146 -190725844
2 284374739 -710147733
1 361541761 391967458
1 666807378 -414944665
2 838550941 -618085937
1 -50596653 -413239725
2 -47634215 170783492
2 72725103 -276696543
1 476688297 508718782
2 264854041 879605337
1 752995782 462265601
2 102763112 -240020594
1 896143129 727096411
2 499505158 90969177
2 84613966 187489971
1 84714611 -52153421
1 650322394 672600077
1 -4118422 -65692206
1 -882475169 414328529
2 26629949 -411936176
2 291073956 -648293252
2 276180590 435635507
1 -578467068 844489016
2 -34595169 -946117492
1 -765780719 596329008
1 -170958922 856508524
2 334037458 -968007542
2 -413225890 -300483844
2 810381303 862327323
1 926489151 -69138116
1 -500920715 877141018
1 -418266804 243806176
1 -578979192 -127186430
2 293792429 594186244
1 -842291096 -991740757
1 -905454982 278617545
2 -104315394 -590366261
2 -598364640 856702734
2 997363700 731694660
2 88020765 -345096759
1 802526693 990578150
2 327515577 535937477
1 458463962 -943224599
2 692757394 -307822905
1 -316731869 752713449
1 700536500 -547553536
2 -320724854 81305696
1 670824428 391189722
1 604756530 129741730
2 -149705433 812989349
1 585744202 -948952827
2 -398223764 -490749574
2 -619089371 -870694181
1 -468827814 585996609
1 95903058 488099757
2 62403762 664477661
2 -19380944 -439585484
2 -662721846 -515695866
2 810720170 -380928451
1 -474185028 -799898999
2 -997037129 161538959
2 -564247344 -374477438
1 -738774287 873236528
1 527027663 164354959
1 895267577 -627830907
2 -100352076 294625424
1 -764979673 343117531
2 -286942585 -178694663
2 -899690031 338789799
1 -416997613 22608324
2 339611628 641242931
2 52642159 -314562038
2 364079558 -365516891
2 346893445 370097150
1 -802519114 -863475720
2 -412036386 -35995225
2 -440853689 -804997695
1 -318133418 114542939
1 -759754801 926534528
1 50021669 -57712933
2 680857440 -151001362
2 -272324116 -721590491
2 441333800 -898949336
1 183592166 953975241
1 -677710424 -572383930
2 475111683 835213262
2 -239906880 517981748
2 -738345755 915326790
1 716546497 198394067
2 -930708816 697303612
1 302474661 44127249
2 337218089 800295105
1 -465671205 -943233829
2 -911801080 431053904
2 -700229730 415515243
2 -748349528 371910752
2 -471736194 992923211
1 -632984193 -111451904
1 -145842673 -299019784
2 -614216026 -833399747
2 38894683 363311652
2 752822863 921824968
1 241052682 -393119815
2 -254207487 -246835867
2 710017926 139699954
1 -223547354 -886232994
2 -517678031 -841317273
1 464877133 985522450
1 428469477 -484738660
1 -537608647 -528225777
1 351492724 -38865505
1 -224618660 160920341
1 -928709744 -346682078
1 -10952248 966423552
1 -125840921 -666326593
2 -7796571 -302365926
1 524478561 -422576301
2 -731748378 -499602003
1 20904355 558558698
1 507245610 -32569237
2 851526437 851053415
1 -105550758 909589623
2 206708426 -115095350
1 468783052 663118717
1 -647229778 -82696084
1 -437181320 -286763601
2 307601873 15860360
1 -913428982 702058472
1 -261577534 -647652448
1 364351001 795557237
1 -897411990 970451805
2 -342718648 12660145
2 692027562 -559539177
1 -100386704 -390738052
1 855356585 870635720
1 865402215 -650749794
2 264572277 -398652373
1 502151664 94507328
2 -75585139 60187308
2 -606156682 -636429363
2 225287617 -552949758
1 537071999 332617879
1 679193778 -815014981
2 -756556458 -767262672
1 163095377 983135343
1 382782674 -789770231
1 -803997501 -481587469
1 -357290724 876311619
1 -966230796 -613703922
2 -544647365 849462231
1 -576534645 -685751282
2 194497932 81896775
2 790477560 -925208938
2 861395550 -700382916
2 836343012 -126087158
1 234378402 830732976
1 -811348837 899610269
1 -741590434 -504347909
2 -903816715 -706774593
2 293215185 702287090
1 -833256091 319783452
2 225950503 618375645
1 -762723162 -454708913
1 851653209 426105326
2 -7984641 -545768618
2 -806336602 -604035019
2 -598252933 532515485
1 -812738755 -916507591
1 182338458 861595737
1 838418397 745889585
1 203455365 402856456
2 960058843 -807216223
2 -81469113 -256276935
2 559403751 233729121
2 166176685 -543181055
2 -869272819 101260939
1 -782147741 753137800
2 771642085 -343161905
1 -806945970 429417926
2 -935390131 934840518
1 918470199 510284267
2 -387194942 773379565
1 -179515676 -886193097
1 -778627158 -531747942
1 -875150559 890551224
1 676720256 55007876
1 -621168735 759531757
1 948409111 108537562
2 -890822657 -586301990
1 -506958946 825996682
2 639576596 978157140
2 -184601644 -374203217
1 -272877419 -890241663
2 140006739 577735550
2 218938076 678822124
2 -966492909 580748376
1 -524360627 -583202459
1 -814587030 -652830719
1 -109382118 -318111960
1 145354795 427579502
2 -377254784 786305289
1 -612102100 776567129
1 -481199385 -996899027
2 256403378 -74098142
1 -226984477 25398447
2 810107750 -885244548
1 587899522 392016982
1 -927968601 303897705
1 -21413120 -703794601
1 -980006687 981769884
2 -665105198 235236151
1 -859136986 -79716894
1 -210080589 -428080783
1 98537227 308777201
2 -97152732 -474153022
2 925709935 758189385
2 256380602 -301325917
2 -720265546 212865706
1 -939839078 869939328
1 36631626 103160405
2 753947660 401957833
2 85478529 67888175
1 -646076891 442067134
2 -979903096 593285107
1 -287552678 -913484879
1 80816009 -455811662
2 -106425811 417527975
1 844467663 -141989684
2 186948245 -500040333
2 -649322305 -198363406
1 -49772535 -312029953
1 913283677 -596996952
1 -125127966 484234822
2 -900537828 -373621678
1 231530285 313340513
2 949636579 277028030
2 598777229 214115542
2 -723389318 -571599638
1 508522964 -487695197
2 532289321 -359341230
1 905803448 663154984
2 -426341969 305320740
1 -130156107 -806399494
1 663245490 588200716
1 789319882 -333524355
2 -46266332 450676867
2 -748206398 693679750
2 802639392 917086273
1 516774459 -200752220
2 -888193211 744199760
1 557800029 214477200
1 -199453144 916621741
2 425863267 -804888477
1 -11606586 -51441919
2 -544793239 277747001
2 -845211715 -71915879
2 5115717 473578964
1 -614023937 965691401
2 -205526562 -921670516
2 -522606931 -685543267
1 601911203 -717122172
1 640240342 681517080
2 399205774 -537470457
1 -813562447 953466576
2 -814218101 495338721
1 520978568 916451190
1 -142844980 273481332
1 730465260 17310813
1 -405126006 385440893
1 -343785530 724539334
2 357053978 -121017831
1 162370226 250242319
2 557946761 -926418490
2 160293074 -194240427
1 -547859771 -430837733
2 -428766716 -560807816
1 -292436090 -231091594
2 417467501 -145956965
2 -782874006 665594301
1 68859106 -59092
1 -933233190 59683268
2 -266585228 -742899367
1 -395113993 163823429
2 64600783 442876660
1 77575119 372919432
2 601126849 -167406524
1 -516760791 -310772066
2 -226512907 57640796
1 -105691621 223503682
2 -377072728 11016255
2 741899030 254606125
2 -2452619 -427498441
2 435292872 734742487
1 -577053616 425760028
2 -174051000 824019560
1 730561210 -433138303
2 657240477 -772985127
1 -309377092 -899382277
2 904596935 910407308
2 -330635200 -837818146
2 -487982345 -566001019
1 620926904 78308777
1 305771480 -207331017
2 -263848153 -316295492
1 960019419 988984086
2 -477834786 -479768258
2 267861432 860008379
1 -51172265 617574840
2 -903929505 73747136
1 -573044676 244968502
1 500231738 -767006962
2 61609046 -1233940
1 -487954227 -283724100
2 -225967074 -600291168
1 -851759414 -371514091
1 -912267823 615052108
2 299513539 -934877920
2 99988717 733425305
1 734846308 641884528
2 -392140021 -689326196
1 -212894584 -691944119
2 -881536565 -60483591
2 -232123994 -487564625
1 -781943878 -433793189
1 480246530 197568817
2 -76131031 -272751033
2 -564358079 659236620
2 -525021828 186863571
1 540520864 761031849
1 706167786 -655128816
1 464904509 339256936
1 -572290601 836217314
2 -912210681 -280174407
1 -466851702 -76127765
1 -765951177 685015451
1 -881354591 568234524
2 -41628355 948676370
1 -811452677 -465292246
1 -514291161 893423124
1 -71573460 564459852
1 -856101134 754142436
2 -654882419 438273914
2 899347817 780519357
2 -542271140 812910301
1 -328700585 359995623
1 -832429324 475732012
1 -530759498 77956398
2 878083684 -620993197
2 155880718 379034074
1 801362750 193831600
2 -212226242 719689696
2 -89414808 -258638487
1 -816682062 -210829716
2 818962638 475875602
1 -699912205 473824886
2 693286992 -948953930
1 -215543902 257414126
2 765881775 -60232245
2 -313421316 -700258599
2 865727496 608333317
1 -801549371 272149959
2 -973953553 -287503460
2 -618905243 417590782
2 -192304270 -223648188
1 15171150 -754686154
1 -24918685 958553994
1 456155626 -264994149
1 908060575 959927551
1 -965146299 -199128103
2 798565446 226909614
1 -833580747 -823819216
1 399659664 -757912835
2 52300567 562343351
1 212533275 123144163
2 -522841993 -762408293
1 -591128932 -443281629
2 -876681051 -777565759
2 -825096111 -984805936
2 -624651994 41946306
1 764328494 -840701231
1 648528452 -877806653
2 344127076 33474679
2 -92296731 -918671898
1 -826475321 330444150
2 -142708944 -562229621
1 -354016964 -557074434
2 7427944 629373911
2 731952526 805117560
1 558050735 -452043422
2 -981955218 -524411356
1 253274774 -394732001
1 -708395561 -895835779
1 415278685 882561319
2 -448681813 -770701140
2 -62740168 958191354
1 42943814 -339568163
2 -494174269 587124012
1 -593285773 -610933303
1 -25300117 180239207
2 -665494318 573085864
1 578859497 779301352
1 -673836287 -789989015
2 -278624869 -387980334
1 -89947351 -299136939
2 -805887429 -305847606
1 -598397700 615807633
2 44423475 164991289
1 -747856549 397597339
1 894505835 -514049094
2 11590567 -31877505
2 -17410804 -950659510
2 852516678 422585531
2 -735322779 -400752969
1 562920498 -469561012
1 611811110 -121265062
1 863688804 695538822
1 -941098028 733405333
2 840105279 -784139900
1 -141434011 -742968375
2 395337568 39273463
2 735221290 -311135673
2 -489412210 -804858124
1 -543345950 672453855
2 -818737287 900298510
1 15508512 -117435673
2 421028982 -47721767
1 709654870 -258156090
2 -452106609 -415670496
2 594299237 50222713
1 842244326 -566887242
1 -149127938 821129870
1 -646352068 991499990
1 -900539574 982460978
2 795416871 895321464
2 116636412 -178174307
2 609808780 -763015562
1 559760429 -467101987
2 487247648 210225881
2 981356086 -847314016
1 289985454 640793517
1 -983722403 241329143
2 108150910 -379585190
2 -318040453 919047078
1 -735541167 190635196
2 -128940380 686417167
2 -297872463 338494090
1 698371452 -670085262
2 46558689 -225340035
1 -579113690 -605452187
2 183373498 -309726297
2 -446543925 -197839609
2 151811820 924525946
2 -655416239 616300181
2 794498849 -941325339
2 -881863247 -800177281
2 -52571713 -408080723
1 93079155 742201536
1 553532729 672298849
2 -366853623 841825825
1 -129869880 -143784323
1 558622536 -24956519
1 195747014 822836917
1 -519836778 -412967065
2 502299010 119464397
1 -662615596 -235810023
1 -842310476 -138679706
1 498541339 703065192
2 -42928719 -661004280
1 67721314 9753690
1 -131968662 685910006
2 -751454608 -786106977
1 -889586393 866515301
2 336875552 -564472332
1 -312269968 -938246106
1 -303850108 -637597720
1 965960702 -184653019
2 -285244654 -419071687
1 288073840 91922784
2 -850832806 568508502
1 -101755405 -442516299
2 9201582 -962607874
2 -228258837 293450475
2 904485220 976972792
2 -975118028 -886382746
1 211039220 320678058
1 -744423173 -916954870
2 97051797 -439129980
2 531174539 -447920085
2 563903596 -192428533
1 189684546 768232205
2 887125457 -609541287
1 497025432 -453761444
2 -93965398 624011246
2 899329870 -991850651
1 95283113 228204137
1 -658706428 488305366
2 -397611439 -700354385
2 108155011 -295164035
1 -36892778 779836267
2 321579761 -27210336
1 -63552820 -446523356
1 179891547 209965146
2 -129642815 497698677
2 -989429566 137931045
2 801072146 591187339
2 -513270592 709723692
2 816316261 -931126889
1 559906584 -525375752
1 294292164 -204502316
2 655209391 -32676250
2 -640311682 -650853410
2 843698055 221574335
1 -480752715 -240704230
2 -560066334 -430077405
2 -501818034 694800294
1 -969025119 631348365
2 -353123921 -834894756
1 953974917 287202912
1 -840184626 401423506
2 -978194391 528704440
1 -565820721 831255607
1 499712213 -247969850
1 -223899297 515879805
1 -687777731 -937395830
2 -512967393 -915443797
2 510521765 728880559
1 -578375455 109411949
2 778182439 634103830
1 -121687010 420245313
2 -161473614 486645598
1 753615335 908462924
2 398789073 -806608946
1 -602016967 -834855114
1 853246964 626739177
1 309336360 47828572
1 -71185508 502719540
1 -93666335 83540842
2 -269923784 -302013708
1 -367434469 32063757
2 387350437 398832291
2 -451688141 642849569
2 264282513 980424471
2 -596707967 468698231
1 -436479625 714859160
1 -521312104 -348826450
1 760329679 -97861268
2 87995438 -92189212
2 474439685 -288682114
2 510003500 376336678
1 137183014 -627289712
2 150190984 283856904
1 -639831799 148269968
2 -486008281 -467153715
2 4321295 511545013
1 -475058447 -555905585
2 528013955 -245426068
1 418329435 -947055202
2 128958615 759079018
1 -764178764 -904221451
2 543931693 4870333
2 -2652928 779550887
2 690064787 279428712
2 -855912465 560639760
2 -5521760 504777958
1 36913692 -111151845
1 -635283021 -694958600
2 -870437689 359753205
2 177495139 634266630
2 948817559 -129581521
2 427822904 395289721
1 902718082 706981772
2 913218302 14888111
1 181723245 -838271257
1 222804861 -731324002
1 -422411345 330763684
1 786841704 712559097
2 -249980728 160737574
2 -913055172 -689982994
1 -529770342 -1476448
1 -435661606 588509577
1 171359697 -779413629
1 -312938039 949073356
1 492403165 -391790116
1 587646977 -185648308
1 751018309 594738731
1 -303044441 23121206
2 266590569 -824677945
2 13578560 -452210796
2 694407576 719841057
2 -916765377 -105299459
2 438107012 42413836
2 28964798 -164565712
1 721505905 889017820
2 -180026143 69862722
2 -481308881 -124002721
1 -798943745 145754291
2 682119121 156204081
2 311571168 785858632
2 -64670854 -202602675
2 -288800469 -931398858
2 -979414908 -40082214
2 -617007057 -169409981
2 -206810036 -716198419
1 257540278 972485566
1 747189040 -357810172
2 -930370266 -366199137
2 -919077611 -100036420
1 865532077 -892017248
1 -203085961 794655131
1 321142934 654638484
2 965652305 493285822
1 457512667 -879770866
1 394074287 532275873
1 -597299619 410400845
1 -660387377 617427986
1 -260101329 368954738
2 185312812 177062441
1 743483452 -708402028
1 848685024 983819152
2 785204812 178714812
1 -371430993 -926831105
1 -997271623 -346079939
1 81878900 127103232
2 -17531691 -435640128
1 887235439 -798744932
2 227809445 623973825
1 992998968 122754956
2 -19908425 32335041
2 368673612 787789177
2 -361388879 -617155951
1 -252136610 769389352
2 -298150517 -723998601
1 -394756678 556935960
2 -741837189 -499430912
1 355151142 649469226
1 -940565504 -764360460
1 -135363544 -81250153
2 228281478 -536486849
2 732365009 639212228
1 999289503 -792772438
1 -300452068 -780487476
2 456792464 981902261
1 275336068 186045980
2 681295652 56008173
2 187425678 -633004822
1 -748715295 631896830
2 675872263 -212964563
1 72035569 -853254656
1 906889173 65872521
2 -459259943 449504619
1 770674308 -921457678
2 -452562530 22788081
2 -493425475 1078951
2 -374456826 947421887
1 610754216 -175925169
1 120487400 589550371
1 -244926717 -646048995
1 -691734645 218909062
2 511284649 850125098
1 699507619 23239190
2 724104311 908618311
2 294465319 -688230494
2 138282160 511558283
1 558090343 177016954
2 140908517 478466191
2 -243459380 -550395362
1 767825414 384603327
1 574012095 921691096
1 621628693 -112241438
1 817052814 638692125
2 144489862 571465968
1 -547756696 177312001
2 7964011 886677408
1 -812037333 -285442381
1 406564567 432564327
1 777536634 494615152
1 306011538 739282010
1 -647369772 229295082
2 891259736 185675030
1 -186060362 -422768065
1 -756044108 -301884457
2 826676117 251840178
1 -669190462 470309988
2 -693320827 657841342
1 -646788553 -269479004
2 -5079526 -535588437
1 124451401 -680075125
1 893980938 -317411569
1 45854719 439009642
2 84926780 690455155
2 -428505778 -247771510
1 -797917937 -673679407
2 -880625271 493312921
1 538939686 -199904605
1 269631237 32767903
2 444032529 -123938918
2 17103094 -963779833
1 -821301855 505812997
1 -919234200 -848935880
1 481651862 805528186
1 976395197 -148792904
2 -152916554 -882811200
2 365044629 -793884758
2 -979977355 -240414577
1 111516445 -559654397
2 -678189207 776431386
2 104093693 -186187702
2 646471186 410507710
1 -659339820 7192576
1 412983809 -96122902
1 285826882 626570394
1 -867612348 910799713
2 -623617143 -917566667
1 -903226954 -629270921
2 720934782 -61283714
1 688220531 257693872
1 -343872678 127893078
2 -958062971 -29062728
1 938616233 -694013858
2 -827869628 796557524
1 894015137 914963284
2 377687132 430641092
1 109205010 608809536
2 -293456975 880299418
1 473853641 369365877
2 -547782383 -98682206
2 -715424730 40325595
2 766450430 825851650
2 674110947 -625993156
1 194558640 -860294387
1 -215872606 -155126916
2 -890750124 -867234786
1 534487862 -911219207
1 600650705 866551414
2 -182923675 647331214
1 -442021395 -439129152
1 -606363326 -209524888
2 -712483367 -898803754
1 -308474613 -775065255
2 -816065138 -20997039
1 465353976 435827028
2 -415151679 203134007
1 -429095575 -175271191
2 476976145 196110433
2 -653332633 803316560
1 184443919 343653318
2 -995638652 -9785341
2 998376008 -298017929
2 536911172 991609758
1 -207499913 28969475
2 298346672 -275157174
2 348533602 147151622
1 410517213 -74880356
2 858473538 -854481748
1 84761055 -795360144
1 -821601098 308793746
1 -598501894 -150109714
2 -48529033 103926516
2 607854244 -746480474
1 392387548 317535171
2 570068378 922756640
2 698643773 -157187008
1 944607442 177253576
2 754999343 -646755162
2 -353878877 -927592596
1 -469746624 794883029
1 107463622 -323013186
1 -331094155 94972377
1 -760200015 -339518341
2 284908032 741603365
2 -555163718 392964372
2 936899143 -121663374
2 -347233247 -2705376
2 169501981 -798723873
1 368984994 658716311
2 297015013 616281459
1 884400721 31512436
2 -972627230 127816100
1 -388882225 -651765339
2 -168104952 -285601700
1 957286295 -815232862
2 -441509497 -553627145
1 628445969 -829701560
2 200342760 691450410
1 951175260 -521378619
2 -406551774 -643068841
1 228728736 -673616226
1 -35478258 -146886392
2 588026972 456150694
2 379340455 607516583
2 966899778 145495665
2 -205010534 -72746799
2 481055536 -566330786
1 571346269 451169457
1 628949519 2069081
1 667823183 775616264
2 -500816298 -223675107
2 -842757282 337781043
1 -376448916 -783753919
2 819003964 684639915
1 -609160074 -970860139
2 752311920 998554073
1 794269069 932367904
1 536980672 -315174873
2 -319658728 -12252730
1 -658144835 677251744
2 -47984226 -961748946
2 -464121896 768482148
1 -477848726 -815487801
2 -351018943 950979161
1 -226051102 989837352
2 -790293508 866987179
2 780347319 420264267
1 -35947574 723216778
1 988655721 -52564155
1 295844258 -767602284
2 121996129 -591561668
1 -778076797 -421944210
1 -671649384 -599552729
2 220277690 124617207
1 965293625 -232477640
2 -672383228 -885092057
1 944827158 -941255728
1 -498792320 163820965
2 -95041217 -946453339
1 928121342 -989883037
2 -690342449 -89628094
1 708249134 -847761291
1 138483273 -75184962
2 422088343 -155654742
2 722657877 -826874610
1 -94612593 191057053
2 798324534 -576274023
1 -391316688 -822926709
2 792629752 369810561
2 -699822112 820734084
2 -549391568 -317203938
1 14333691 -843476426
1 -704031457 -114643118
1 -598434923 -865506001
1 -363678577 532300987
1 109552512 232488820
1 387379720 -978611060
1 527979250 -834930625
2 -224272801 -979498748
2 -437365408 -853850658
1 629359623 693961097
2 -605577541 -161267333
2 214860035 28984793
1 379864725 -654621258
2 381754668 -780952283
2 562795082 -234802100
1 -352394590 -275617606
2 -341354010 -565004275
1 -412088316 -12416420
2 -348532270 -436937328
1 275194792 67931011
1 752404540 770774470
2 -941288622 -37112447
2 -364073577 -129698856
2 735419946 -595275386
2 871124458 37569637
2 -481407491 -918053817
1 135957673 892585397
1 -486406914 -182378295
1 -939178277 -293764220
1 510396313 622996544
1 -753017976 -825550922
1 837284305 -786606391
1 251055654 747133457
2 -875229533 -477037743
1 -354921390 464249628
1 86406784 -288864570
1 925167548 619734209
1 -659418606 -836902720
1 765516015 599927443
1 76516047 335640110
1 209864296 488508269
2 -171249924 -205038038
2 -287243493 -957919033
2 -563538823 640308977
1 75673491 -38248261
1 926968022 180962494
2 -69471644 -566422465
2 284729088 -314027300
1 -226753772 244751564
1 657553085 -38315385
2 -121812392 -716780374
2 551289676 -661847442
1 264100293 -15548306
1 654266336 956236935
2 -557692155 -218111453
1 -766616811 97571807
1 -846055514 386867410
1 -210328395 83816178
1 339047506 -979990652
2 -953168235 -496913277
2 603104566 243958342
2 302493269 -163312916
2 22380953 -819138384
2 -377046649 599550459
2 671724376 548352265
2 -976566978 -744246650
1 -409920534 -297508393
1 -51136813 220972416
1 607517951 483300985
1 -654319576 505826681
2 260696417 867373069
2 935781957 -629357852
1 -568813904 -54196696
2 107871091 -782255127
1 651637772 -476795285
2 105466161 -561452325
1 953052247 -91809202
1 -11432292 934910229
2 623517025 -624442998
2 -219050760 -554554799
1 296672492 796228907
1 -210566064 -403693064
2 -52266106 -613304220
2 -588806215 -936073421
1 474632663 -637792927
1 345641890 -957398573
2 -924161912 -269688010
1 -449836298 240754008
2 845051797 100220325
1 315322763 480788320
1 -801486261 415006252
2 -59763888 575844612
1 174316159 942126396
2 395962261 815910308
2 436777109 17237653
2 706553632 -948932955
2 959995436 -554603079
2 -350057325 -500927877
2 -145464447 29673464
2 876292686 -364247874
1 65224516 -89077996
2 303111170 419862704
2 -371431820 -105649182
2 684573963 54242154
2 693530846 382673585
2 -364257574 -674170031
1 -533742417 -398498324
1 550886964 991019493
1 113354531 346736603
1 32387710 266965577
2 -556724719 519208040
2 613763835 -877142939
2 272113865 973646336
2 -494331286 435159902
2 657833086 706879487
1 -60248522 -892451628
2 -63382492 218415433
2 -882087858 731082811
2 -160068128 671120919
2 622853417 105601241
2 394161284 -730529167
2 200154239 636940452
1 201553947 186269980
1 -891704767 -491271349
2 -86854048 913199968
1 473300796 -579511935
2 -962886565 764147675
2 448595836 134050856
2 885218150 192720637
1 -606027213 484785474
2 -465175647 433955698
1 -233784634 -49135662
2 57978749 101646920
2 662089714 -622837924
1 -532658201 286840373
1 193558276 -896728724
2 782928119 -235766823
2 619271861 289584480
1 56660839 77536154
1 250128167 -596509186
1 267809045 -582055527
1 657428175 -416797172
1 -648510493 119281160
2 722312375 68509766
1 491890448 127826205
1 -256482590 542052268
2 264863479 910637667
1 713515495 15216884
1 -460146728 -886092655
1 -965341476 772884788
1 607294383 883241403
1 -183810001 -186183195
2 -531884855 -477020204
2 198709904 436479603
2 119249484 565977070
1 -589391129 -735956673
2 -310114325 -791549118
1 -99498918 -317557958
2 -146466518 -171922447
2 -990710240 -432285127
2 -665520087 502238004
1 -775873860 -919135902
1 657039670 565615134
2 -974234280 337322598
2 245036094 -174904863
1 -711513601 -931691569
2 487500189 -680437653
2 -338604760 -925830402
2 701244074 529997449
1 703129606 110254816
1 216565692 670419081
1 818150309 434737631
1 868424181 -514438884
1 -571867039 961190936
1 887742622 -657342239
2 901176170 -874123823
2 53429492 -964517726
1 -765380974 275418865
1 -391267383 -523333049
2 399178435 -690344723
2 -258781176 594641101
1 963438268 -604666645
2 217102247 181649439
1 -439434504 47410622
2 931521884 257895088
2 591524483 501167319
2 304404877 -557569329
2 730059779 52077517
1 6850358 -470976349
1 629395865 517185621
1 -657233153 993184185
1 725062099 -602441681
1 -929130324 -559002837
1 821290938 -172280552
2 516046823 -279999233
1 972683040 17932694
1 4991284 679182578
2 -402696493 415678642
1 398745087 382747204
2 492107210 -577639386
1 -118392777 -413638150
2 -10425251 856435599
2 -479956008 -392351655
2 345526625 -421404506
2 463350405 162723119
1 -261638246 461083782
1 -869003483 -550872395
2 -799474899 -581429889
2 979730156 -471605844
1 563373940 -835731244
1 30815554 -739191739
1 -787219530 -132418330
2 -152770169 820685116
2 -850555127 526538913
2 531488380 722910174
2 -159496640 229541493
2 95557861 -673898043
1 -24242240 643314705
1 319424928 -996187543
1 434596191 -737202421
1 720989063 134485589
1 -241168544 276280577
2 54563791 732520869
2 164340599 84246295
1 248805539 580608141
1 796950712 821016563
1 -753060043 -510246902
2 63337740 -48679004
1 583126877 -722283583
1 -179782343 626117011
1 -475885156 -793774495
2 -590785533 13963367
2 -776267843 -96673425
2 -104861021 -62717325
1 171275059 932192306
2 -557299578 451373487
2 161559719 473284399
2 -501176357 -646862705
1 -568295081 -670529154
1 923697161 44753749
2 -88230653 -408628079
2 878130918 -415979030
1 963496375 583661160
1 -15417228 823386465
1 4917700 670756509
1 -272198219 405752499
1 -743506401 413691892
1 -303934902 159188118
1 -742219699 346608162
1 -262420502 512271591
2 -58498692 771425119
1 -177679701 491704815
2 209183291 -280695027
2 -366993242 -339747697
1 398240944 474499752
2 -471966993 56205635
2 175097419 -814462160
1 -978428689 770611671
2 -510409940 -729353915
2 -387720239 986640227
2 57014928 875444820
1 63093665 226422478
2 -519302957 -372591747
1 -912573015 -237683686
1 -396378619 -763626137
1 -996327763 -676363620
2 -798070996 863155193
1 428895423 -887872644
1 -690610360 20793479
1 709620618 198144125
2 223642609 785479107
1 485456960 26190034
1 -387894211 -637926304
1 -284191843 595433874
2 -601506357 -695509426
1 930478727 258904013
1 896116024 -755542994
1 -38014876 -74749005
1 -939913523 967234597
2 600630864 215824002
2 374182934 -50579074
1 591921218 695504042
1 402910306 -854651725
1 -826391273 -991706952
2 620746723 516438129
1 -692056881 -609751263
2 829944373 32016686
2 850260579 498464854
2 556012261 -936785895
2 -825676093 -763815297
1 739274122 -19488625
2 788061729 -578889728
1 -162207272 571963869
1 186137323 -576518893
2 683575452 -956321896
2 -218876682 986663170
2 -67493295 -834006562
2 973716082 603494572
2 843542083 515201331
1 -316409668 -155250582
2 594411097 -391415692
2 -745389047 88973306
2 -955542347 -980797162
2 -696311778 108421928
2 -249501444 973144734
2 239236558 594858822
1 -131078767 42407882
2 -974943544 155891526
2 -268974095 613521248
2 -911779737 637605762
2 -45709634 -41461484
1 -256497135 -59422154
1 -938735653 -494146567
1 -857919798 4087826
1 -693953478 990743317
1 55750625 345364127
2 -657535713 734528613
1 -956110745 487484913
1 628928864 989318923
2 459658576 530781068
2 327777109 -52406247
1 -475572446 82329590
1 823444044 -961149053
2 -6779198 123275508
1 992937911 697625137
2 -72325838 -652753264
1 993256262 800262185
1 320105920 -916200657
1 -494963629 -430306873
1 -862166470 813907869
