3000
409 60439
985 37514
867 30092
242 897
544 6249
968 93719
841 78217
10 85979
892 22539
438 63632
527 99313
338 41253
633 20751
437 37930
785 30808
589 27995
450 61724
95 81912
403 34879
822 82783
136 75322
963 83962
594 82290
819 24246
459 4828
903 75703
246 84812
700 44097
218 91439
460 36924
246 90105
27 17688
557 33220
279 28010
876 73155
539 40779
755 71665
872 9608
122 13598
569 6718
107 41479
628 62467
206 79156
37 79303
76 70157
739 86704
728 92160
668 8490
665 69602
964 34799
840 42478
847 62506
409 47053
831 97045
208 55209
714 82649
75 24395
287 63276
95 82774
523 38363
909 3007
717 41096
980 51553
895 47567
950 79836
399 18289
27 98319
699 55098
888 81225
923 54570
781 52784
621 75078
251 96125
461 14016
828 40989
242 63946
253 11500
357 3388
613 64889
94 19611
897 18392
83 68854
831 15049
484 5533
11 64569
799 47054
296 81075
462 97309
654 90320
557 99330
74 1935
447 90401
584 48475
339 88340
961 34151
119 94768
101 11370
297 55903
117 10585
342 48191
823 18628
127 18012
631 92620
105 36340
501 8092
851 49033
389 70986
769 92034
134 19009
541 75540
211 87432
507 39861
753 8520
92 21805
121 4055
81 31396
930 73929
8 18901
418 65306
942 86141
998 74842
832 11950
300 52041
699 82800
628 27620
341 76129
151 27399
465 91221
603 37630
331 26172
582 60466
351 99149
959 62867
31 93060
920 37447
906 83771
325 38937
568 65456
514 73114
658 16897
105 34991
84 20172
379 43246
497 16103
849 62427
57 38061
942 96819
84 80272
222 13003
799 62385
215 49317
394 97239
633 29720
280 87826
140 79528
898 7395
731 78867
543 88420
842 98144
999 89531
121 25299
921 20236
584 9088
202 12625
574 12161
142 34572
521 72047
518 35158
929 67165
371 65663
22 90434
289 95673
952 20942
853 69237
559 40475
46 49724
679 56093
869 37643
571 34839
947 19565
627 5592
160 75099
101 43438
198 86956
182 40370
442 79498
433 67077
737 97903
181 12790
682 368
1000 21803
958 74057
934 30255
77 27488
970 50211
326 76982
686 30389
147 72766
716 76432
745 77616
335 93260
226 78526
516 15338
644 20068
132 61984
942 23936
797 57162
711 13654
546 80524
342 71945
833 60538
210 30592
320 6074
498 10243
643 46343
862 97972
238 92221
354 56634
319 47349
433 12022
719 96441
860 42385
55 26521
105 73281
797 93110
259 94378
891 21797
300 14731
467 87415
789 73535
487 10452
155 44693
676 94915
212 12144
944 24521
299 14850
204 85043
195 6709
469 35960
941 25190
695 17400
677 71931
394 58908
273 1456
68 49129
934 25772
965 12159
929 95429
207 89824
663 2108
33 7345
583 151
504 51204
584 23801
196 95479
477 86383
465 54202
162 24210
651 91055
131 20037
914 70595
405 670
863 51056
83 4919
911 35552
902 76749
92 84671
285 34431
713 81021
730 11047
882 47150
870 60876
32 99735
432 47158
855 52503
466 89187
742 36165
121 63420
699 340
499 86972
53 69667
751 36470
975 25874
90 56366
692 98734
260 26414
111 40523
117 24453
801 78906
497 32706
275 60753
343 1231
556 6791
963 5364
689 61221
428 18553
195 83918
515 85503
604 94510
961 67647
198 59264
483 53846
312 58692
882 30979
271 68030
817 41032
17 39992
207 58739
444 96231
194 51875
224 77402
471 93127
148 71548
377 71535
747 34665
179 5455
433 74192
622 32375
147 52662
168 60691
888 45489
73 27142
813 25229
872 77147
232 25722
366 14701
241 27323
662 10980
522 93468
996 77151
367 38928
832 8462
915 40057
660 18930
510 83891
766 40749
788 99433
217 34610
705 26694
205 31780
287 30427
614 3862
149 17255
260 75044
497 42423
926 4070
123 16008
609 30051
368 65134
768 3018
192 96278
472 40273
226 76004
106 5013
65 77460
421 92604
660 81469
274 22987
250 38633
48 68162
407 2053
715 6610
356 68696
874 34262
50 63891
79 85102
1 73391
662 7369
968 45189
262 8635
996 12432
393 74662
789 84888
459 47834
545 37811
677 14514
168 74824
706 91409
286 19310
182 45218
417 48995
853 89906
627 50114
307 60315
94 7232
125 28948
656 25268
677 39867
258 59881
169 44955
451 98915
48 27940
731 51930
327 12285
939 8502
348 65644
720 47780
374 88179
966 31536
329 5815
730 366
838 35714
156 18498
783 6553
961 47866
368 58968
103 47273
119 7854
865 53246
560 37855
213 1628
266 1282
187 73795
53 76993
798 11470
582 82480
119 9396
428 89327
539 89299
756 59413
325 39796
362 55287
20 94341
565 67697
832 29414
803 79454
467 28634
394 2919
848 29503
329 41626
693 56070
791 59802
955 92503
760 56036
262 87956
480 89972
37 21187
906 11371
420 32395
411 71661
556 75593
415 82499
895 49827
310 75769
475 12525
575 74105
341 73978
961 67545
378 2842
949 58936
734 56300
202 11376
284 85235
6 44482
972 3064
193 99727
526 7370
872 76192
336 98993
15 35572
253 91211
618 49189
457 63278
975 90925
345 25486
334 24217
54 27599
336 88869
411 82393
45 41407
836 57337
78 25996
499 37097
101 41919
169 41222
274 39080
821 82849
517 72930
153 23477
874 36915
659 31054
182 55524
58 16688
293 62595
870 10327
308 78554
546 41244
973 61468
950 66908
172 88906
887 20303
227 62188
611 5156
361 92237
822 25192
766 88238
960 5864
297 44455
98 8862
895 47827
90 70656
419 86479
898 92751
977 91771
290 2922
409 91139
205 98039
637 32673
327 6863
283 69541
227 33161
559 97114
833 85831
149 52045
65 99343
604 30805
431 8068
94 55931
936 19432
844 88743
158 82676
460 15054
51 86206
307 87901
300 33158
973 11724
218 18199
851 93269
105 65211
294 16997
538 88362
715 11626
645 53106
359 50866
185 9359
534 901
53 68319
567 10430
726 53515
631 69885
301 34655
724 60494
881 77815
352 85028
27 10381
580 13694
289 35808
18 31966
383 29113
402 25769
94 63337
366 82440
391 81351
934 60672
354 63680
10 91890
739 75716
335 94591
118 79836
269 98649
540 62506
203 4204
87 50049
516 30717
431 34286
584 84366
345 39358
4 64872
572 54285
758 19141
131 76158
993 75034
168 4636
777 95529
824 87752
485 23141
8 33136
54 89755
265 76025
751 26623
579 14736
694 34764
216 86161
528 10826
417 1989
148 60760
467 59531
737 92702
418 74175
677 3378
517 4308
848 58538
771 69003
787 85949
510 70494
40 20308
838 84117
371 49285
636 21733
92 85520
609 88896
647 9569
10 40587
826 2968
832 68839
820 51083
543 87641
732 83745
30 22576
822 19328
783 56528
414 73136
157 87099
69 55162
557 70588
204 33090
345 59558
646 89463
100 22003
546 41774
581 18750
543 91709
959 68301
53 42396
728 5400
899 92314
722 14462
707 45905
314 26412
982 25416
961 63368
97 3557
715 32035
962 70085
208 62717
865 68183
596 50176
33 99511
60 83220
770 71764
10 35505
513 18917
82 98987
559 579
749 61304
744 57940
62 28300
273 52610
985 55505
699 67131
522 26757
601 55518
628 78796
204 79463
564 84687
510 30782
44 29708
452 9402
422 75512
525 52053
717 71250
665 32501
170 49334
760 1404
972 7555
224 34722
426 86681
570 10263
802 30929
534 47784
845 86188
239 37947
887 31948
906 10198
374 87923
418 95101
979 3737
697 25335
146 66375
181 57955
263 9628
150 50682
502 15596
207 1658
967 60077
493 38408
725 38146
63 38050
686 32945
865 73536
550 1785
881 34085
83 86425
820 49271
944 96616
546 35990
430 69719
435 51804
580 62683
888 34866
451 16633
85 21246
818 75694
72 11522
230 57618
694 48390
722 70285
710 5528
759 10630
141 85155
665 26040
83 34662
506 56880
638 35332
224 76432
860 40884
91 20876
98 49671
575 78351
941 16123
203 87830
697 10364
975 85096
938 26268
509 28632
763 61168
795 21197
52 31283
458 47113
447 46336
669 44571
758 10731
166 99024
709 18438
705 46784
55 47562
368 767
149 4475
347 64620
683 48097
894 78806
696 23705
4 87495
169 66834
577 24066
158 62199
790 80589
349 4354
417 49578
244 58138
657 22558
101 79675
266 86748
171 55777
152 40312
941 97609
716 2651
384 94346
520 45777
300 23877
838 29998
737 25995
289 17339
343 46249
618 97417
635 98831
353 56474
514 52763
509 84121
817 77106
475 16164
686 21278
480 65409
33 12852
34 58659
438 39008
695 4224
809 87388
821 97228
319 29295
200 90412
780 52870
87 30097
771 50900
40 29031
754 96695
753 92603
635 22214
64 44163
812 86528
892 60138
421 21629
364 29951
970 39420
597 2745
756 33495
345 22767
512 94790
470 355
995 2846
102 72624
84 37913
390 36297
913 35294
935 69385
245 98472
622 84425
45 6504
408 5626
848 77591
546 14913
956 87608
55 60512
152 60086
452 22843
817 38408
249 64906
310 83789
46 82761
195 19266
278 22411
111 77887
168 30051
723 64078
80 11317
822 69277
158 35743
970 37435
990 30327
34 48665
366 5247
113 78264
658 59422
980 4138
796 7564
900 22228
977 44155
859 11805
924 8844
568 12838
889 50842
391 32359
805 83762
284 6472
497 82220
524 2983
531 99601
703 11292
182 81135
630 52733
250 81844
345 55472
11 82977
833 61992
190 70570
463 55467
126 65075
918 48210
683 32358
496 99731
97 78418
424 58331
948 8998
638 8405
148 74912
391 2585
670 35016
908 61384
609 87374
431 24901
724 57285
243 11238
877 89591
225 65599
562 93755
693 92957
69 24494
93 61104
936 32873
779 29494
157 37735
434 58683
641 90418
498 91148
298 63229
865 52808
381 77341
716 87181
168 67174
106 77275
778 19398
526 60680
753 20043
698 3071
575 58036
210 11436
258 82119
23 20175
416 13528
730 140
725 7399
782 82062
671 27669
116 10651
224 78006
697 96048
33 82969
999 6004
504 30346
86 52160
97 88181
117 65136
263 10627
717 77452
907 23618
482 46840
611 94313
567 80972
943 24915
446 2559
321 28877
479 84752
927 18713
918 69868
800 63204
451 21193
985 11171
661 97491
967 82155
939 42342
230 43590
957 1483
123 85096
652 89609
82 18513
737 69047
284 55500
220 21372
811 53887
479 87337
190 5656
400 58254
953 28628
666 97323
955 69776
362 40075
575 36063
302 41428
530 13817
962 60427
357 47770
811 4970
322 82106
849 47313
367 71186
177 11577
76 42989
157 29605
144 98332
771 79305
260 82318
742 60244
150 58566
989 30539
338 7546
785 23454
707 26908
549 48337
424 67789
60 15521
128 35377
799 73858
874 35426
220 52849
271 6631
64 31455
57 16242
509 3968
371 73470
871 95376
367 77812
293 20652
848 96477
165 67251
907 35069
892 22345
444 53643
185 91675
778 42225
48 96313
665 60380
314 30412
406 65521
695 56076
789 54545
90 11974
939 85586
568 59194
228 84264
848 2200
417 87916
553 7079
90 38684
282 40405
370 52579
171 69128
103 3188
237 68656
740 74827
980 2334
709 34889
256 3775
761 91535
822 10065
534 44893
821 30414
889 87988
37 70215
729 71279
766 50933
918 14284
97 91560
521 8296
498 60680
511 97853
656 77688
880 93519
957 47344
506 51301
51 43843
62 19646
3 70819
701 81101
25 28122
619 79235
443 33268
811 73216
140 41642
803 98331
380 45016
37 12524
316 80225
544 57044
769 91753
406 84732
982 80845
41 63784
98 97853
820 70288
721 320
19 63587
663 59621
803 54110
405 70565
592 98764
334 83585
772 44249
377 40819
833 24403
791 11196
961 15250
735 63807
209 86646
111 69758
630 58407
66 4064
878 78635
719 330
150 48986
118 74311
18 94328
570 46720
364 36174
935 21171
437 48258
920 71976
725 44113
725 43093
625 38548
537 84919
473 48898
377 62952
862 22102
950 69973
85 47620
279 83131
447 10207
262 6865
113 44211
542 98881
951 98756
43 25390
509 71326
757 80852
184 93009
715 68124
246 95114
844 41859
412 18477
813 80155
4 65254
386 76801
858 10607
767 5077
264 52248
751 91562
962 80560
67 29425
192 71521
492 94815
42 11977
2 53681
917 26091
111 61679
768 74150
860 23834
582 37972
226 12442
230 11912
889 69018
65 98233
953 48789
77 96444
585 86275
765 91628
488 5825
661 91857
644 91898
400 45179
82 48060
456 58425
137 74504
652 10
118 99477
743 32866
239 72719
414 76895
108 193
520 64025
291 36861
359 74142
964 27119
929 80184
473 56214
1 37263
452 31988
165 322
875 89725
178 40956
433 22217
474 25539
929 2193
714 22329
854 45933
643 95325
867 50943
799 40381
801 41976
902 62261
414 8048
994 41414
921 66582
447 13490
984 84630
124 82518
223 95717
760 18811
492 98747
366 14461
769 63554
747 26074
602 14121
246 97169
848 49480
707 80110
691 43904
733 22004
236 80232
955 55353
390 92632
938 33930
967 4527
570 31049
687 61521
538 48941
5 74351
534 79287
770 15160
700 50839
260 77892
202 97542
646 58223
336 1377
98 69727
894 88911
694 37415
497 1807
768 16557
139 21443
165 28533
206 1917
513 3068
882 51758
222 86308
447 7946
240 84845
477 13681
733 51242
1000 5425
138 4146
389 69383
381 936
513 20111
245 1193
5 67494
24 23097
803 86460
368 80713
433 12470
903 17241
639 34952
220 62022
244 1883
86 687
146 46245
247 81690
617 64984
928 37805
176 36440
622 21213
215 51716
122 8413
135 89511
828 70171
318 5983
965 26726
408 4107
374 78302
177 77937
585 5059
392 67377
581 47014
731 65395
239 8982
891 62748
322 15088
405 36658
164 21764
92 38415
510 36189
112 14636
196 58628
467 6308
122 19378
735 87734
413 79919
132 83711
817 30333
153 81816
991 68565
994 12873
23 86850
612 5325
441 92735
533 48682
431 54942
412 74671
18 13006
9 53710
91 81055
715 21492
317 58275
360 96245
804 31753
608 84462
585 60683
848 64182
191 85966
149 49959
682 41759
734 68882
733 86290
230 30209
295 36289
523 78537
6 11069
171 98047
555 12375
4 68946
532 47442
98 55453
790 79156
87 92461
767 92892
280 80874
85 36542
555 56200
58 21973
555 95241
133 84750
561 91558
326 95233
268 56501
802 73920
420 75316
770 85695
575 71883
968 54497
376 15077
334 63892
690 17433
241 84043
670 51877
263 78058
773 29582
310 53841
998 94149
341 14224
9 97541
157 19513
154 2355
659 14663
660 49080
258 40854
750 12684
82 45955
470 6725
907 42463
367 12204
744 42301
469 40054
794 59314
142 83475
921 44833
650 42743
881 86351
601 69426
347 42551
11 33808
855 2906
207 2905
155 69974
753 18633
436 92736
353 8824
969 91204
494 62622
274 57582
624 48633
147 31161
445 50522
102 5672
8 53848
330 79206
74 35034
782 68057
971 1811
676 35195
194 69293
597 47143
699 13906
330 60412
743 90630
181 25236
622 14497
247 20846
161 7290
764 86595
874 72974
619 86102
243 73051
819 62985
560 27872
612 49967
628 92930
755 86975
845 40627
58 94748
618 85895
749 41612
658 91020
181 22927
880 37422
746 18704
262 43177
20 45448
25 37594
250 30516
299 88843
14 7123
399 49213
292 94400
448 42018
437 80400
420 70772
522 10541
833 20620
554 90355
313 43099
518 27598
535 8393
298 64949
535 85389
596 28751
812 10904
243 89239
306 60347
634 85662
917 39522
241 47726
406 97316
630 7706
725 12612
986 31142
230 72307
83 98708
587 88691
291 62800
671 3606
792 46877
768 40659
646 53166
836 60917
616 96203
253 70994
763 93330
924 11958
565 90720
63 23190
576 97333
600 38871
669 78151
714 16105
754 28181
781 47557
589 82510
551 86262
519 89263
347 77815
452 38313
280 44131
677 30603
873 64858
534 75860
888 57229
896 34491
24 63566
372 41471
401 91348
161 41099
718 84181
592 91560
344 18256
216 61591
331 63920
904 47719
573 54670
270 45384
594 73014
887 80460
305 20198
386 20666
410 87517
936 18633
631 92340
964 80588
82 68312
616 836
950 76510
916 90077
467 66326
197 43235
591 77029
98 94647
468 73076
202 82199
591 11955
109 95092
110 25926
34 13744
873 77529
163 40675
657 49952
728 49611
78 99592
446 81217
650 18323
638 71882
430 32836
499 14580
146 83375
688 51333
430 30175
865 57209
225 58541
490 26885
773 61773
80 3591
121 92862
869 30172
176 22278
335 48425
279 28237
477 52406
479 31963
583 98055
471 78673
343 13018
326 57704
662 96614
811 43133
381 4337
643 52131
800 38393
567 61489
53 68317
305 47543
603 43508
418 25145
943 68221
742 41975
242 60651
789 27073
238 40212
669 55261
11 32047
262 34433
706 65688
572 31662
561 4367
592 2669
741 58998
538 91784
542 59298
716 3122
612 85097
104 75960
714 53956
831 40433
644 21756
567 58029
805 81615
169 97880
704 55888
376 39168
763 4297
345 51378
161 85989
354 59412
868 96548
105 15806
143 38616
215 57031
984 4854
18 45394
472 43583
252 76940
80 34974
328 48263
948 95370
428 33932
244 24955
848 78606
274 79700
252 21073
154 96579
161 78125
692 27406
569 65041
497 37396
396 95256
531 68864
573 49641
863 25122
43 77179
38 31599
512 8995
67 33769
732 86220
214 58793
360 9964
915 40070
695 98455
216 41393
8 47196
222 1399
164 8572
343 69179
893 30604
97 36221
33 42987
39 56578
607 5439
222 66214
265 50229
108 26994
663 50330
789 31040
762 12146
327 15316
840 47492
329 3374
456 84255
323 10294
328 40687
363 14059
763 15323
549 67935
562 72960
122 60840
313 4354
830 8202
952 16268
333 53186
633 8976
95 29707
204 66712
681 64964
431 65297
225 95725
90 51418
360 69559
576 90764
679 48904
879 87190
319 65150
308 48876
913 15714
945 19969
245 41901
471 58464
105 37029
626 71715
242 75594
257 33023
801 31346
925 56248
501 14942
289 56644
124 14091
323 82249
569 42093
152 64080
70 20776
42 15885
436 10775
632 10707
998 78378
744 17630
664 87977
310 88349
516 7112
994 56938
122 92442
600 93810
991 85655
78 98429
967 17564
775 54974
676 13592
81 58452
498 49606
983 12830
500 56795
860 88827
700 44135
419 47213
192 59086
695 57276
253 39595
302 56704
381 25537
496 80112
626 55947
589 99213
443 78051
476 43242
229 43048
822 82065
570 37501
779 62621
556 83646
662 79964
335 25104
332 66922
937 8365
334 16157
551 5363
465 34287
757 21883
723 60672
517 76521
122 89412
143 63046
149 86628
185 40835
691 97277
592 1070
762 20266
935 83504
234 78300
247 79839
66 46681
475 25640
860 71265
624 87364
968 60206
188 84820
795 18310
792 78623
16 15608
93 38107
690 46650
315 80607
351 72497
621 16870
76 24173
988 44137
553 58910
941 64076
500 71989
869 43343
585 7437
248 7799
317 2901
895 23908
207 34735
425 19259
869 16696
509 47455
850 44126
782 26379
905 32036
57 48918
918 6788
785 41023
701 11529
359 16073
330 51935
348 53395
962 50857
928 20099
105 27064
795 58649
524 38549
125 17148
698 85329
15 64046
873 60100
649 9122
734 46747
330 1716
66 71217
499 75640
860 2318
755 14845
476 18655
456 13188
804 33512
646 68999
120 49561
649 8973
889 25887
783 95578
459 69153
919 60178
290 17381
759 42230
355 98316
203 32235
966 7903
118 62111
276 71573
949 91671
279 37027
670 47295
80 37582
715 98345
28 69769
761 38307
605 41721
180 74727
82 73394
510 22292
448 40639
819 91130
452 19810
593 57822
425 32011
622 35035
292 24235
157 32355
633 91507
487 81230
412 855
213 93294
566 54063
691 80091
940 15803
745 590
522 63950
98 7300
769 70433
804 17141
36 536
337 80516
617 16233
242 214
672 45665
330 3408
519 88522
723 12889
575 78309
783 68963
19 11413
3 69508
872 93664
859 21497
761 64019
498 20800
942 13105
83 45665
994 80579
865 23218
551 50154
217 42301
554 86148
984 6307
144 49836
195 6931
910 10823
317 46408
761 32189
169 28936
601 99158
685 89820
566 65947
256 8039
128 92871
265 38220
584 40526
143 22328
631 5898
201 13658
87 28736
923 29910
230 74311
269 1055
190 16122
371 97942
986 57061
198 36130
44 53995
144 95
648 26795
493 66882
580 21528
463 78176
800 1972
97 46975
532 84014
157 99521
601 18015
709 23307
219 71231
313 81308
729 78710
221 81172
457 36351
950 58493
915 54880
679 82100
721 5172
325 45810
58 63165
453 97959
621 65691
606 70145
681 73082
404 51909
282 77762
211 87644
251 10786
418 72375
245 87792
383 52282
67 12362
728 83545
107 46979
903 59221
369 88536
949 34608
409 61398
151 84562
732 30648
371 19718
237 97137
804 20143
436 55492
132 71862
207 10423
809 86901
519 49392
972 57978
579 34814
805 19678
472 23966
466 52547
159 25032
896 44656
39 97662
505 74816
190 63133
461 83444
341 93341
254 49304
56 63636
397 6024
426 90008
345 9013
39 77046
785 60410
773 98522
43 20917
281 7402
509 21539
886 90867
903 33225
807 18795
148 34816
465 55152
738 98812
264 57265
676 85999
837 58413
855 84669
812 67044
980 32813
723 25809
332 81594
299 14928
564 59047
45 33446
562 25812
195 16484
662 53233
923 13010
394 97070
929 39372
424 61965
71 2374
971 43441
300 96802
639 88164
667 84060
532 82323
455 19468
597 80475
944 21442
926 95711
954 27573
949 17069
365 98290
461 21923
695 96412
91 10087
200 1668
485 50461
767 39912
895 24575
553 31127
242 63936
538 42626
809 9864
366 10308
40 82602
278 27445
365 25303
195 92047
753 42144
279 19839
84 6471
735 33506
243 69636
274 84957
975 40247
796 14571
432 71850
800 53186
771 5133
958 43920
660 1373
917 5388
748 15055
751 52896
313 46428
453 68988
703 36739
404 27786
180 34953
760 39508
72 34129
659 22074
369 48245
44 17262
45 20175
885 46164
618 13622
829 48652
445 48130
605 76332
684 73206
234 74254
220 10769
51 84305
853 49486
506 64655
260 92528
967 88366
145 86110
183 49859
599 23862
345 95611
406 6128
580 67397
491 99924
64 26934
784 51299
806 57020
696 94316
541 58395
635 6350
230 2188
73 64781
961 14574
520 83375
533 86139
81 65673
608 98599
67 46912
506 65474
997 33654
477 34182
871 29225
161 46344
404 15358
769 87670
42 22431
870 54872
783 62154
178 43187
685 78693
13 80047
249 41783
924 29877
988 73690
359 97649
315 31023
161 22155
494 33052
214 32065
618 29510
893 86970
709 6978
912 927
987 82724
866 35378
267 72116
165 18979
302 82393
509 89495
903 27867
509 87507
694 6240
195 77412
571 16930
257 39121
35 88502
180 15132
270 44469
993 23278
41 12953
496 71358
30 83005
292 86679
314 31869
843 62260
654 86047
622 28895
462 68461
656 95086
647 40329
602 70153
780 27001
265 54598
988 18702
551 36712
225 19061
139 40892
620 11154
555 77067
255 74095
505 68535
94 14182
607 54126
608 35002
96 15605
379 66021
593 63154
37 94392
911 42474
72 43255
405 84165
410 88085
140 45529
643 98144
817 83656
461 62143
120 33441
70 78599
815 99467
551 53555
54 50144
370 29078
810 71159
550 11463
957 36502
427 62114
612 47981
582 3564
841 49904
771 98791
314 89692
268 5969
307 94043
43 80078
875 61607
531 97336
922 66975
520 43921
656 44043
20 96437
294 45981
766 64002
617 70202
606 53898
143 76674
297 52382
262 26481
69 44937
993 57336
335 65377
881 87464
347 95156
659 81838
537 95263
345 14480
442 47670
932 62816
14 57217
524 1104
96 5822
139 78028
960 92386
962 17729
744 34482
828 38616
415 58523
796 7648
546 58195
461 85004
1 9796
313 62715
561 81156
302 45332
549 72836
637 95389
183 11957
7 57145
42 18325
111 65692
152 5598
896 4806
971 23480
965 40221
850 91741
312 40194
576 72634
862 71343
758 57005
275 64501
536 72866
183 87795
828 63492
721 7759
534 36617
541 63993
512 69846
833 31450
805 64600
486 22918
452 85378
711 44267
220 81016
783 50769
547 25342
798 52461
644 53639
795 86607
198 73774
683 20808
177 42600
851 40171
676 76413
45 46699
894 96814
556 31027
790 31851
992 53972
132 3308
987 17419
159 6277
765 85584
241 40512
14 71288
293 14023
834 43054
866 50041
515 55489
736 32346
255 61828
109 95870
185 85199
628 83800
706 46032
456 80970
940 5714
358 74858
610 61520
433 76991
421 63359
871 77904
639 46353
541 98867
716 17503
824 85535
836 57615
577 63615
902 38760
821 2903
940 22161
214 80496
812 44251
859 95839
209 84449
594 93525
698 78367
222 13177
191 82230
493 28068
8 66267
666 80870
960 85326
74 47672
693 92862
352 71343
304 83112
545 50260
398 6561
615 34050
617 95618
388 17675
326 56846
668 82037
738 7347
303 98878
26 11476
278 34410
238 83211
450 50542
404 99626
763 43803
500 23089
716 52420
737 62474
315 90572
222 34683
747 27131
35 54732
307 74463
254 58640
917 15155
928 53982
774 58284
92 18301
774 56296
916 65497
604 11048
137 81862
942 81783
893 98181
277 34414
980 12994
394 5380
783 56787
493 97780
554 16049
690 99490
950 94710
174 49278
540 97965
678 20950
698 1628
506 32802
564 66682
517 94977
278 80694
567 40961
74 12632
373 89294
548 59780
170 11843
702 1071
803 38348
166 13947
508 17315
619 78150
325 64274
256 84648
762 60690
162 59302
371 51858
19 62994
601 94743
147 31436
533 29666
590 69607
625 92306
387 73867
614 74943
351 92624
99 44729
214 74377
103 82497
104 37539
517 92315
531 59562
854 91079
292 83571
454 10057
833 77554
556 26944
444 22398
293 68941
794 30530
885 49639
365 40534
93 78156
114 1233
682 82827
170 61766
423 78376
448 6963
772 79886
641 54741
235 72799
105 56386
906 74656
84 54895
42 84144
895 16433
217 36949
831 71212
569 61027
904 42011
628 97067
662 60877
296 72031
568 65389
512 6177
524 38478
439 44827
331 10165
191 64953
559 13519
345 60679
378 29829
205 57487
860 14948
809 3997
910 29566
318 3524
591 92305
709 84916
761 88893
117 83790
373 85100
224 1137
614 99306
518 30266
304 89331
276 24887
257 1524
81 79369
713 82429
87 55329
980 80961
406 725
25 59795
638 631
289 91268
269 16377
607 32011
290 86091
203 64734
649 27478
387 40964
678 61906
665 80597
260 24611
993 30704
560 69735
483 82015
639 69900
178 6569
22 27264
734 8362
13 66083
343 42950
33 43205
668 17295
660 70932
541 28136
498 12225
549 749
951 51561
658 1478
68 96868
607 65650
74 99644
893 48556
357 42199
18 10628
12 81513
1 75260
446 37625
490 83958
97 75288
742 98352
789 18198
896 64225
342 55055
940 11269
139 54748
459 8678
377 2568
447 17971
904 94252
770 83679
676 82549
344 45140
976 5248
136 49896
863 89128
715 75010
940 7017
199 94890
983 65418
380 60780
122 60750
428 90062
447 23369
601 19264
362 2145
85 36126
505 71045
461 23229
967 39462
312 72892
194 51102
595 58125
973 18923
435 56090
917 61062
712 97859
182 44771
806 55318
866 34634
261 13916
676 39830
143 29324
348 2154
397 72587
40 28844
895 90829
8 53681
229 20986
240 82831
185 93384
685 73449
271 65026
997 2913
669 57094
695 42554
143 24172
423 11410
797 17675
67 80122
369 49016
32 42263
298 552
805 82719
101 45812
435 45661
146 9218
266 36910
1 57198
94 8413
802 62837
362 39824
309 5275
177 70568
862 71942
973 51989
478 59085
557 102
531 70639
505 35428
781 32365
285 68720
760 34762
89 6322
287 94786
873 60876
172 89067
690 29838
531 73437
585 54385
24 68114
44 27884
321 51784
674 86599
759 59185
608 40002
395 36664
83 96025
542 54665
151 89035
952 8196
480 27983
260 85734
727 78204
562 60556
566 81687
525 26028
148 32194
428 17956
669 62342
977 73262
543 43205
154 60731
607 15953
389 7099
460 90106
810 83135
432 79959
929 64241
933 89986
749 19604
967 1399
388 46005
340 20178
224 31850
751 29262
685 18239
426 48516
834 8987
849 23527
254 66901
24 88652
301 56406
507 21673
156 46841
966 71282
978 53760
233 78108
688 43774
715 73485
663 75890
358 689
781 36678
209 72610
668 40340
531 93228
186 46884
706 70524
571 24311
42 85128
560 89244
660 64321
23 70769
809 37421
715 61885
145 2395
392 16661
470 40774
102 49499
309 82816
769 48653
966 80499
90 19359
232 20121
601 14165
410 94594
172 77114
233 11736
251 22673
502 67800
256 10554
866 43323
751 15357
28 25281
485 21317
741 77406
74 11910
260 91094
678 27911
510 72916
350 42497
679 96040
120 47235
440 81536
392 80336
391 31929
982 49546
143 36595
266 2451
77 9014
778 21223
245 44328
220 99081
205 84968
251 14234
10 56850
493 53617
350 21566
859 20253
754 57557
87 81280
567 28536
612 63042
754 73698
127 70274
460 99465
12 34674
767 90437
798 58706
748 79912
690 58036
605 83351
1000 97438
601 73892
586 9258
540 53096
717 21499
627 68396
61 35072
339 2411
817 59903
558 72921
892 10407
724 7395
85 37930
909 51659
570 2984
916 44204
373 41508
770 55259
204 54922
132 84986
618 85729
567 46660
661 24899
805 61670
777 1754
158 38225
486 61499
294 66204
438 12286
762 49391
656 65274
156 35188
513 29452
726 44428
125 20691
896 33921
694 79308
994 99763
619 99526
241 26827
73 94520
30 9723
815 26879
684 72131
803 97676
383 68170
379 38547
671 56200
283 74084
189 56541
415 43485
213 20687
83 52145
858 22306
556 89086
398 41087
372 6617
743 70090
201 88925
684 77349
935 52562
512 81701
769 57496
15 41066
330 77719
537 22031
342 7175
180 19009
153 41897
940 27716
110 61630
93 70372
562 74678
958 88103
587 17019
612 80946
665 57551
169 34479
304 19589
936 13921
294 33824
89 45123
228 90663
396 10354
191 69138
891 52690
575 84673
753 62119
430 37540
386 89064
788 99663
935 51337
652 26710
751 41703
637 68452
319 47509
819 97327
476 42303
437 87288
577 6561
796 74141
250 71693
362 58741
172 41806
194 42415
180 38280
828 99509
573 87399
224 77890
7 87483
790 40412
273 45822
467 45975
22 41381
960 58251
926 19536
218 53643
480 25683
596 3017
125 12818
387 59734
321 44106
443 63893
702 70391
396 66577
911 46509
834 70580
944 69821
455 82081
468 18381
358 24375
765 30839
13 97
6 76368
399 2882
269 1768
439 69557
599 57380
526 57871
253 97288
582 49352
781 92267
304 88026
290 6969
18 30664
536 81909
218 19806
448 12040
422 44184
784 72998
905 9791
826 91976
165 7411
599 41923
665 17805
190 50898
117 34247
312 24158
852 15773
806 90920
375 78264
61 7961
707 16015
55 14286
174 99882
237 37241
104 90791
941 62945
538 69423
627 53244
302 69048
955 48878
63 79442
499 35071
608 26400
242 49868
610 70238
3 35342
184 95586
693 87031
727 36153
661 94159
542 97542
934 80044
662 77770
616 60222
479 44282
89 29763
41 50740
571 3181
756 29074
417 21354
359 65896
15 22027
545 91189
487 46275
911 15217
51 50560
953 60004
877 37969
650 80727
726 86742
977 40716
450 67421
43 35157
249 60916
175 84842
288 53119
630 48592
410 27489
730 29064
722 35021
693 29504
752 67393
285 35968
70 91745
69 55590
462 55190
313 7562
629 26058
885 98765
541 72601
133 82747
127 73703
254 79554
637 45489
539 42398
356 39827
7 13868
471 65962
195 24073
198 60441
394 4810
907 83189
882 50619
34 96912
839 63772
43 88296
668 92772
413 31647
640 74977
177 59755
938 20781
701 46698
430 21277
102 32433
341 96747
669 7096
294 33850
444 56261
459 90134
68 78099
871 99023
539 46866
644 18809
445 85908
993 41927
688 1442
398 90860
526 55110
19 50238
118 33131
882 10074
233 80914
617 60656
111 96760
564 79680
789 35208
583 92593
17 84609
290 77534
648 86768
867 2421
155 55527
459 15013
564 96849
965 91440
152 70784
317 11673
414 12916
416 43606
237 45524
207 96987
175 92141
185 2834
588 73043
3 19726
523 8832
913 90350
472 66860
322 71724
873 86342
130 64589
269 96036
827 19209
277 63390
554 90349
836 17766
244 11622
913 8492
26 87617
17 91113
77 19181
268 16395
285 83769
275 55320
467 7611
180 76841
632 80536
471 5125
786 90415
921 36780
983 8334
546 2332
850 46796
664 80815
606 48302
551 89106
86 4865
909 16977
493 79651
891 33702
940 2553
739 31125
619 93630
681 15360
363 72078
354 41401
446 43589
975 5151
923 53476
854 93939
451 76196
858 87977
115 41412
1000 71146
794 17132
520 81189
151 47516
790 8961
