1000
18 10
88 3
90 4
12 1
14 5
60 8
98 7
29 9
13 1
64 3
32 8
11 10
69 5
47 9
92 6
45 1
68 9
87 8
76 2
15 1
65 6
43 3
43 2
91 7
64 5
99 8
56 3
79 8
91 2
62 6
13 8
35 7
68 5
94 5
49 1
28 10
59 8
59 6
40 5
53 9
51 1
32 9
70 2
31 7
43 10
88 7
55 9
52 3
80 5
81 10
32 3
98 4
67 1
20 2
97 6
28 8
67 9
65 3
13 8
27 8
81 4
46 7
33 6
36 5
89 4
47 5
46 8
36 5
66 4
76 7
32 6
33 10
59 10
87 3
26 7
71 7
56 9
38 4
15 4
19 4
95 8
70 10
54 9
96 4
77 7
87 4
57 6
84 5
73 3
72 10
24 10
40 7
57 5
71 9
85 9
29 4
97 2
62 5
39 5
94 8
79 7
38 4
58 8
68 6
33 9
84 2
14 10
11 6
41 10
42 6
69 2
48 3
45 2
48 4
79 3
53 8
50 3
62 6
86 4
75 2
52 3
69 8
26 1
72 5
50 8
66 8
92 10
32 5
100 9
56 9
39 1
96 5
28 9
15 4
24 6
65 3
20 7
61 6
72 4
33 6
56 7
66 7
77 9
42 3
79 10
77 8
60 2
28 1
87 9
97 3
80 7
50 7
41 8
20 6
44 5
70 9
20 7
42 9
99 8
26 7
93 10
62 7
14 5
30 7
94 3
19 8
79 4
35 4
47 2
63 2
63 2
80 7
88 9
20 1
44 10
47 5
40 3
78 5
57 10
14 8
81 8
33 8
16 7
37 4
22 9
90 8
93 2
50 7
62 1
85 8
61 1
57 9
52 8
65 9
33 1
12 3
75 2
61 2
28 7
66 3
14 3
13 5
83 6
42 3
74 6
74 1
84 9
33 8
58 2
41 9
81 5
75 4
92 7
64 5
38 1
40 9
87 3
67 3
51 3
26 3
75 7
81 2
48 5
27 7
81 8
34 5
48 9
85 2
42 8
76 7
47 4
41 7
85 4
96 9
95 6
24 4
52 1
93 1
97 7
33 4
78 5
33 4
29 7
81 7
52 8
24 2
39 9
71 10
77 3
91 5
95 3
44 9
38 3
73 3
32 7
26 7
85 4
38 2
12 5
52 6
28 8
68 2
39 8
25 3
41 6
72 2
59 9
66 7
83 3
28 10
48 7
20 2
39 4
20 8
83 3
44 9
35 8
66 1
61 7
96 2
18 4
56 2
24 9
60 9
79 6
55 8
32 1
32 2
42 1
17 10
41 1
45 1
88 5
42 7
95 8
73 6
26 3
60 9
13 9
27 6
89 6
91 8
70 6
30 9
22 9
72 2
65 10
19 4
91 5
16 7
12 5
35 7
78 1
58 2
43 3
18 10
50 1
55 6
89 7
52 4
15 4
20 2
79 10
95 3
86 1
93 9
61 4
28 10
71 1
87 3
29 8
29 2
23 8
61 7
89 2
70 4
36 10
19 9
63 4
57 7
53 8
73 6
81 6
38 7
29 6
20 5
62 10
82 6
23 7
90 6
47 4
23 5
99 5
64 7
65 2
30 9
33 2
25 3
86 9
42 3
77 3
75 9
40 2
95 8
62 1
63 3
92 2
41 7
36 10
21 1
11 1
86 4
60 4
77 9
14 10
58 4
29 10
64 10
30 3
81 2
52 8
46 9
59 8
31 5
98 10
44 1
30 6
39 10
68 5
100 7
39 5
48 9
44 1
99 1
41 5
99 2
74 7
54 9
67 7
99 6
57 6
63 2
24 7
43 1
47 4
43 9
83 5
95 7
66 1
48 2
32 7
96 1
82 7
94 7
57 8
83 7
50 2
17 6
38 7
14 10
38 1
42 5
61 4
66 1
44 4
98 3
25 4
81 9
94 6
49 8
80 10
91 8
71 6
91 9
36 6
24 3
99 6
49 8
87 1
90 7
63 10
52 6
47 6
74 8
91 10
85 10
69 8
100 8
12 8
89 6
53 10
35 1
64 2
45 1
66 10
85 1
51 9
91 2
69 10
43 10
42 3
14 3
57 5
34 2
38 1
84 9
62 1
14 4
13 6
62 7
18 2
77 2
51 7
27 2
84 2
77 4
14 2
78 2
34 4
51 2
24 3
95 1
16 10
34 9
90 10
78 8
86 10
82 3
74 5
97 1
74 8
19 10
76 2
78 4
59 2
15 3
17 7
37 1
58 9
14 4
53 8
82 3
47 9
30 3
99 8
25 1
76 9
75 7
55 8
12 6
17 10
94 7
60 4
35 3
42 7
33 4
71 10
52 4
61 9
58 7
80 9
50 9
90 5
82 7
46 4
49 10
25 10
12 6
83 7
72 3
31 9
80 3
23 5
51 6
24 1
100 10
32 2
91 5
70 3
66 10
15 8
30 9
90 4
30 4
96 8
31 1
95 7
58 1
23 1
42 5
29 6
67 5
12 3
85 3
87 2
74 8
44 7
94 1
26 9
80 9
23 1
32 1
96 2
37 1
23 3
83 9
44 8
70 9
32 9
33 2
61 7
50 7
54 9
62 2
39 9
11 10
18 4
54 4
79 4
88 9
52 3
83 4
36 5
78 4
48 7
65 5
11 9
63 10
60 6
25 5
52 8
37 10
57 9
34 2
62 5
11 2
26 10
85 2
76 8
46 4
30 9
23 1
59 8
23 9
47 10
30 6
91 7
34 4
30 2
69 1
72 10
75 3
51 8
29 1
20 7
21 1
37 3
67 5
87 2
31 5
74 1
46 1
39 3
95 10
69 9
84 2
40 8
46 6
59 10
60 5
13 5
27 8
25 1
55 6
88 7
31 1
66 8
71 1
55 5
41 8
49 6
81 2
40 9
72 7
98 6
95 8
61 8
91 2
78 2
15 9
92 5
77 2
16 7
44 7
66 9
55 7
48 2
27 8
58 4
25 7
71 6
78 1
69 3
62 8
43 10
51 1
59 9
11 5
48 1
91 3
14 1
49 4
78 9
71 6
22 3
22 8
38 7
75 8
54 6
15 10
57 3
83 7
13 3
96 6
69 8
57 8
39 6
46 7
82 3
86 10
44 8
83 6
31 6
83 8
65 2
86 6
80 9
16 5
32 3
94 6
34 1
65 9
39 5
66 2
27 7
33 10
59 9
45 6
97 1
98 3
75 6
94 6
58 1
33 7
26 2
98 5
21 8
83 7
86 6
58 7
36 3
22 3
42 6
45 4
75 8
82 10
18 5
16 10
23 6
56 7
93 1
21 9
83 5
32 3
26 2
75 6
80 7
73 6
98 9
24 7
15 10
29 6
83 2
37 2
93 1
45 3
71 1
58 3
61 2
36 9
37 4
100 5
25 2
38 8
60 2
25 5
56 8
21 2
52 7
61 9
98 1
37 9
100 5
25 5
68 4
85 7
30 6
46 9
69 1
46 3
50 10
62 7
23 10
39 1
95 8
43 8
39 9
99 1
80 4
19 10
87 7
71 1
51 10
16 4
82 9
19 8
25 7
70 3
97 2
55 4
15 3
33 5
48 6
18 2
63 8
71 2
53 2
45 10
73 8
30 4
94 4
93 1
51 3
97 7
13 5
65 5
21 1
73 6
71 1
38 8
56 6
94 6
96 9
69 3
81 1
12 4
87 7
71 3
60 5
37 7
39 6
73 5
66 5
55 2
20 3
15 3
40 10
34 2
19 3
86 2
40 10
46 6
73 7
98 5
18 4
13 7
46 1
36 1
16 7
27 10
78 6
39 8
26 8
71 8
61 6
48 1
34 7
47 7
84 3
39 10
60 1
89 3
69 6
62 1
76 7
48 6
48 4
14 6
80 7
57 4
63 5
52 1
68 3
74 10
81 8
62 1
45 5
47 9
43 7
27 4
94 10
26 7
92 7
21 6
43 7
89 1
63 9
40 9
90 2
78 5
64 10
89 7
36 6
87 4
21 6
91 1
80 2
49 1
33 8
22 8
85 5
39 3
89 1
70 5
29 10
36 8
82 1
88 6
21 1
19 7
56 2
30 9
51 3
68 5
68 2
64 10
73 5
87 10
30 7
73 6
46 10
38 8
84 3
80 2
46 9
54 5
100 6
67 2
79 3
39 2
41 2
57 4
94 1
64 8
95 1
31 3
32 3
52 8
99 7
77 5
63 6
67 8
98 9
15 8
58 8
88 5
82 1
66 9
29 6
33 2
48 3
67 9
84 5
59 7
17 5
75 4
14 8
43 3
79 9
61 1
91 8
76 4
15 7
11 8
38 7
35 9
45 1
12 10
75 5
35 9
22 10
38 5
35 3
29 9
56 8
11 1
14 3
44 2
85 8
25 9
42 6
95 1
94 5
87 8
45 10
40 6
67 4
22 3
21 2
91 9
88 4
53 7
84 4
71 10
20 3
52 9
35 8
45 5
99 2
75 10
62 9
92 7
88 7
100 5
91 1
46 7
93 7
84 1
13 1
64 8
