3000
4553 4554
420 467
1053 1064
179 217
634 694
941 1028
2822 2858
2681 2750
1142 1178
1130 1211
3807 3906
4252 4321
1475 1572
169 222
4197 4261
2949 3012
4696 4719
3910 3991
492 592
3045 3067
3143 3215
1173 1191
2377 2462
302 342
2255 2339
1980 2028
3493 3511
4052 4127
1226 1228
4656 4696
2275 2279
1717 1724
2456 2520
1021 1097
3639 3663
4453 4535
2561 2601
151 187
2468 2560
2697 2793
3404 3469
2042 2067
1042 1050
2819 2918
1918 1977
2803 2839
4255 4310
1019 1032
1523 1611
3535 3623
966 997
3248 3293
1607 1624
4246 4303
4022 4096
2011 2102
466 504
1704 1707
4014 4079
2771 2858
166 178
630 692
4049 4092
4604 4678
3890 3928
2910 2989
371 426
4573 4630
2233 2331
2126 2189
310 391
3426 3478
2388 2445
2677 2774
4486 4528
2536 2608
491 525
2590 2593
4909 4953
1866 1919
659 682
274 373
4387 4422
2433 2434
4889 4934
3298 3335
3222 3240
1638 1668
1156 1217
1852 1897
1108 1120
1070 1125
2230 2286
4996 5000
1053 1077
4681 4684
730 775
4889 4943
2317 2404
1331 1419
3130 3214
4782 4824
629 686
1562 1595
2700 2784
2767 2792
593 654
3802 3871
4882 4897
2005 2041
879 881
4726 4795
972 1010
518 602
2583 2625
3673 3682
1528 1539
3001 3010
4597 4679
2445 2490
2128 2169
2295 2378
525 557
771 839
3556 3613
3636 3678
2802 2855
2716 2793
162 224
859 932
1410 1467
4268 4283
3402 3410
2038 2056
4 96
1714 1770
3759 3799
3037 3107
4024 4034
4618 4703
2616 2649
130 135
353 397
1417 1435
1103 1110
4059 4143
3244 3284
3576 3609
4825 4828
4306 4371
4088 4134
4607 4649
1095 1148
1416 1439
69 79
1668 1716
672 767
831 896
294 377
3538 3576
4636 4672
2054 2112
4494 4581
2949 2951
467 482
16 44
1314 1370
1046 1081
1738 1786
3906 3960
3095 3164
1770 1804
2658 2700
3319 3330
3517 3520
4018 4047
1848 1909
3389 3403
3564 3618
4494 4524
1906 1997
3781 3880
463 495
2763 2861
1286 1378
2466 2541
1835 1839
1606 1632
2665 2762
3376 3388
4457 4518
2548 2582
4579 4650
4318 4391
2145 2203
364 384
2955 2957
846 863
396 472
1869 1949
491 544
4254 4256
4148 4153
1066 1113
740 776
3485 3538
1791 1793
1177 1253
3698 3739
3682 3735
3274 3285
1262 1279
1322 1421
2625 2656
163 218
3347 3429
3352 3404
2229 2308
493 536
1827 1905
3011 3032
4479 4497
4102 4142
1595 1685
4203 4273
3055 3145
3441 3446
2002 2063
685 711
1177 1179
2028 2050
2053 2059
2238 2309
4157 4250
3623 3657
615 661
3193 3197
3615 3694
3597 3607
340 391
2365 2408
3997 3998
3296 3348
4765 4830
306 353
2960 2996
4759 4849
4137 4236
598 644
610 648
3471 3513
567 628
320 340
737 763
383 392
4087 4123
3412 3450
705 786
1816 1839
604 618
3473 3474
4933 4973
2974 3039
867 922
4180 4266
4429 4469
1289 1364
1601 1696
1601 1655
2299 2378
2654 2715
2888 2966
4576 4653
107 181
1507 1530
786 842
4167 4215
1831 1896
2544 2621
1998 2080
4044 4082
1233 1267
1403 1482
1124 1214
1241 1322
518 542
409 485
422 465
1086 1117
336 383
2994 3048
254 298
1955 1970
1640 1708
3583 3641
3767 3807
2975 3015
978 1028
3365 3447
300 352
812 886
1021 1053
735 826
2662 2760
4401 4411
3707 3712
307 325
2808 2813
594 631
531 596
1758 1809
298 324
2835 2906
4262 4292
419 492
4616 4673
1789 1836
3624 3625
4484 4556
4569 4646
2543 2570
154 194
4873 4944
3869 3913
688 739
4771 4859
1850 1855
3264 3353
98 194
4603 4700
58 67
388 457
1448 1515
3890 3969
921 945
4513 4578
747 777
1745 1822
1719 1791
980 1030
1864 1915
4525 4573
2518 2534
65 107
4796 4868
3282 3326
4092 4134
314 339
4193 4227
2875 2971
1930 1941
901 986
977 1075
1134 1183
3396 3433
3914 3963
873 894
1540 1587
2665 2754
1274 1362
4959 5000
238 338
4698 4750
1765 1836
3071 3171
4392 4486
1010 1084
787 848
3144 3197
1076 1160
135 178
1854 1953
2649 2738
1507 1583
4992 5000
2710 2717
482 525
3389 3476
1809 1817
2101 2117
2775 2845
4273 4308
3715 3720
1874 1920
2398 2408
3184 3232
1918 1979
3465 3496
4088 4162
3054 3106
3332 3398
4031 4067
3858 3923
1018 1024
362 398
2169 2182
3053 3101
2813 2882
390 430
1864 1865
4315 4357
37 128
1553 1570
2225 2268
1514 1580
534 539
3332 3395
2852 2925
4560 4599
1464 1469
1016 1052
909 921
56 149
4158 4178
333 370
4109 4189
4765 4845
1135 1211
3685 3738
2872 2919
311 373
3518 3548
3484 3510
1436 1442
152 157
2132 2196
1229 1301
1427 1441
4045 4072
3072 3103
1648 1736
1786 1849
4165 4202
6 38
3823 3831
1246 1340
981 1053
2370 2383
3283 3368
195 196
3048 3067
125 199
1740 1836
1827 1896
2039 2137
3766 3863
2054 2151
1877 1977
3088 3109
3285 3334
4509 4571
3347 3443
4451 4544
2919 2973
3960 3972
2046 2070
1883 1966
1012 1091
730 797
480 494
3929 3952
112 151
997 1071
4367 4446
3969 3971
974 996
3720 3722
393 481
3163 3200
3294 3300
1896 1944
2975 3002
2840 2875
2344 2410
3115 3178
3173 3266
1592 1603
2020 2021
947 1003
31 113
446 499
3518 3549
841 931
1114 1210
4964 4965
4379 4413
3490 3497
2481 2581
281 308
4416 4504
3892 3987
2566 2661
2524 2615
4190 4248
1032 1064
1776 1822
3336 3380
3838 3895
1008 1015
1028 1074
1806 1875
2903 2968
755 848
753 806
3746 3781
3915 3960
2394 2467
2979 3049
824 865
308 356
1736 1809
377 457
228 281
2550 2599
2807 2893
7 92
4453 4475
4462 4525
47 54
1910 1995
4629 4646
238 308
893 962
296 312
2611 2620
200 285
3942 3977
3323 3405
3217 3278
3638 3736
3322 3324
2268 2281
2050 2074
1490 1587
1648 1728
2223 2318
549 603
4884 4972
517 573
2238 2254
886 903
2069 2137
3057 3145
2476 2514
2612 2650
3445 3513
684 722
4750 4772
3097 3185
4326 4375
3703 3798
3315 3362
4004 4048
3939 3984
1159 1176
1010 1099
4869 4914
4903 4994
4852 4887
4467 4513
4142 4204
472 522
1591 1648
3280 3319
3109 3199
2125 2176
4211 4249
2198 2209
883 934
4092 4187
1456 1517
2576 2629
2168 2208
2282 2353
4254 4305
4046 4064
1647 1675
3427 3481
3403 3404
170 242
2866 2932
4045 4054
1536 1617
2498 2556
4179 4234
1218 1275
3504 3507
879 964
3647 3674
1256 1281
245 306
1847 1903
968 1034
2175 2206
1316 1374
1541 1637
1367 1411
2738 2741
4731 4736
1232 1260
4766 4811
169 190
3243 3276
3835 3915
3499 3512
4249 4295
3875 3897
3629 3697
3617 3669
315 353
2440 2507
518 541
343 381
2663 2699
3967 4025
2035 2109
1928 2000
4729 4767
182 215
2668 2725
2238 2297
1329 1418
1186 1222
992 1035
3864 3933
326 359
1993 2047
2672 2713
2460 2508
2610 2621
810 818
3262 3314
4192 4279
2969 3032
4969 4982
3054 3133
2854 2928
4672 4677
3626 3664
2675 2718
910 919
4543 4611
4479 4510
1285 1319
1549 1581
1360 1361
3183 3276
3866 3960
116 151
4590 4650
3104 3201
4564 4630
833 848
3936 4035
4873 4906
2555 2645
4798 4813
2817 2830
2068 2167
2573 2590
4360 4371
1653 1668
1459 1538
2186 2230
4552 4583
1292 1382
9 97
3188 3196
2939 2957
2676 2707
483 556
3118 3172
3722 3762
109 166
4392 4408
1403 1460
3462 3544
1327 1409
4727 4808
3500 3581
3059 3076
4978 5000
3966 4005
3522 3556
2049 2057
3118 3166
1897 1986
3545 3579
54 98
1080 1103
2969 2999
687 739
27 65
4968 5000
628 661
356 450
1528 1583
4544 4611
995 997
284 286
1892 1945
2528 2560
538 634
1369 1426
4487 4522
4686 4729
4024 4104
1277 1308
1637 1664
1851 1899
2118 2199
672 765
4482 4543
325 412
2028 2062
1415 1490
4223 4253
4315 4373
2158 2196
3464 3555
4146 4173
3769 3778
655 678
3867 3905
1466 1536
2248 2288
355 403
466 513
570 616
1764 1812
520 527
1512 1544
1653 1656
2222 2240
549 635
2126 2221
2382 2393
122 146
3113 3121
1646 1741
1609 1612
2143 2182
2457 2533
4992 5000
3249 3250
4567 4601
3334 3417
3170 3253
4127 4199
3797 3853
4518 4541
4711 4724
3959 3977
4984 5000
2335 2393
782 861
88 148
50 110
129 173
1468 1568
671 694
3153 3242
3536 3605
3310 3336
3915 3923
702 761
890 924
673 690
2866 2960
3509 3521
1186 1205
1698 1744
2478 2500
969 1004
4858 4885
2092 2134
1079 1148
3448 3502
2944 2952
442 510
3376 3471
551 621
4230 4232
4921 5000
1964 1975
2344 2398
1720 1753
215 303
2543 2636
4996 5000
1431 1438
2624 2692
394 480
3154 3196
1145 1197
1963 2040
3435 3516
2711 2735
4560 4568
2281 2356
1666 1733
32 93
2830 2883
1497 1505
4305 4383
4799 4802
2395 2452
1078 1130
2421 2453
2014 2107
3168 3267
3919 3932
2119 2186
2042 2059
4255 4273
4776 4787
2084 2134
1128 1228
2109 2184
448 548
4062 4134
2561 2587
4766 4857
3160 3192
2703 2725
548 617
4959 4992
4301 4395
2728 2823
1447 1474
106 160
998 1008
2289 2360
4895 4994
2419 2464
3373 3395
1999 2045
3074 3135
4194 4199
3227 3288
4953 4954
4042 4120
4630 4723
3608 3659
1027 1066
316 407
1075 1104
4232 4298
843 855
247 291
3445 3477
263 363
4197 4219
729 756
1352 1416
732 769
1741 1811
4040 4127
485 542
567 638
2260 2279
1722 1734
3977 4058
2750 2794
3389 3393
3164 3218
1435 1456
4704 4767
4361 4396
3654 3682
2357 2430
1249 1258
2776 2833
2856 2949
4878 4949
1998 2004
2666 2747
2830 2854
2689 2789
479 547
630 636
3103 3184
3183 3243
1616 1662
2783 2869
4596 4625
2077 2101
2724 2751
4294 4368
1807 1866
4112 4158
3650 3652
3006 3065
1647 1741
4908 4946
1401 1441
1168 1198
4845 4916
355 367
800 819
3207 3229
278 375
1889 1940
3444 3516
2418 2482
121 142
4615 4637
907 946
2337 2383
1116 1136
3670 3761
4768 4843
3579 3628
4994 5000
2756 2762
986 1048
1443 1499
4350 4358
2002 2041
1951 2026
2954 2972
3496 3535
3524 3542
2994 3001
2035 2038
2699 2708
2225 2315
6 36
2365 2430
4409 4492
3900 3967
107 126
4696 4726
3133 3149
4385 4425
3624 3661
1725 1815
2551 2602
4952 4975
3588 3665
2205 2247
3533 3574
22 119
860 926
236 336
2076 2110
740 838
1296 1300
988 1051
4991 5000
1038 1055
1776 1785
4199 4260
1950 1973
1315 1367
2252 2262
3066 3121
4560 4593
4913 4972
176 216
2335 2341
765 833
3722 3751
4713 4722
3742 3790
1342 1380
2037 2136
850 944
1213 1289
4970 5000
4252 4266
4499 4529
1261 1320
2598 2634
4542 4631
4335 4355
2003 2009
3374 3433
1034 1040
607 698
4319 4355
2233 2234
3015 3035
303 399
2711 2799
320 391
3662 3684
3251 3290
770 850
2196 2249
2228 2255
2235 2310
3475 3502
57 81
44 77
3447 3471
827 868
3335 3384
4479 4495
1408 1485
712 789
1498 1565
499 580
1294 1375
4560 4635
46 53
3409 3462
2981 3043
1133 1193
260 341
433 445
4691 4781
1086 1170
3781 3850
4019 4065
1475 1575
1397 1486
4789 4858
3089 3169
4360 4428
1411 1413
4529 4619
807 824
2725 2793
1682 1747
3743 3786
4910 4990
744 842
2820 2832
103 120
2348 2388
3715 3780
1503 1553
4486 4506
4195 4252
2804 2891
1692 1734
224 306
2457 2460
2360 2410
554 648
4720 4723
3319 3343
3820 3874
3951 3964
1458 1521
2613 2709
3703 3758
3680 3764
2587 2655
861 941
660 699
3306 3394
3118 3131
3768 3822
1072 1094
205 247
1744 1785
851 867
1981 2079
3670 3756
2244 2288
1673 1763
1051 1113
3199 3247
439 510
3338 3398
2825 2835
3994 4007
4649 4741
4645 4727
2418 2444
3601 3609
3426 3519
3949 4016
3465 3480
3866 3938
3545 3619
1976 2067
2163 2255
3905 3969
2255 2291
697 709
4538 4618
4130 4154
2825 2864
2438 2530
1221 1256
3941 3954
3618 3674
1391 1449
442 537
3616 3657
433 528
1704 1740
2254 2284
2441 2497
3185 3266
687 713
2517 2592
4873 4952
434 486
1617 1653
3277 3285
2108 2142
1228 1281
2918 2992
1595 1681
1820 1882
3963 3993
2060 2113
1563 1640
2975 3070
1576 1582
1837 1856
2306 2401
4919 4959
2251 2287
2734 2796
1179 1221
4047 4106
4006 4047
1040 1041
4871 4924
2966 2970
2120 2198
1673 1689
4165 4225
4648 4684
2598 2628
2023 2116
4104 4142
482 517
1873 1965
1604 1618
151 243
3212 3225
1544 1588
4961 5000
1270 1296
318 368
4617 4684
3294 3363
1933 1983
3701 3715
2314 2344
2049 2084
3764 3831
2409 2430
833 883
4336 4407
2801 2868
3214 3283
2700 2780
1866 1872
3143 3233
1254 1262
1661 1681
935 1012
4796 4870
3499 3556
1652 1667
3047 3051
358 393
2791 2794
3588 3649
1923 1951
4834 4868
4551 4581
4182 4259
720 814
188 201
653 748
4490 4511
2204 2238
617 673
3172 3265
4305 4374
844 906
706 779
1935 1936
2112 2125
2706 2779
420 495
3431 3500
337 428
3434 3496
4572 4625
4533 4559
2359 2417
3004 3013
735 784
4485 4545
1122 1155
2624 2642
3739 3765
2096 2140
3589 3617
3453 3471
4425 4442
2701 2783
980 1073
4363 4392
668 758
1062 1100
1158 1164
856 912
725 814
1012 1028
914 988
51 61
1486 1513
2471 2531
188 242
3719 3808
2016 2086
193 206
3408 3410
4499 4507
4001 4042
2407 2460
860 936
2270 2359
3257 3314
2076 2173
3593 3604
1240 1297
1269 1334
4845 4893
656 702
3808 3881
1820 1885
2020 2113
1400 1462
1354 1392
1679 1697
1085 1146
4689 4714
2930 2999
3947 3964
2148 2173
3504 3577
7 105
3835 3892
4331 4384
1050 1119
3211 3271
3673 3717
2397 2406
586 666
801 810
3977 4037
3405 3448
295 340
3405 3425
1055 1077
1942 1984
451 542
3327 3332
3852 3861
4504 4517
3530 3569
4083 4130
1220 1287
645 667
993 999
4325 4383
312 392
3003 3061
1293 1306
3434 3531
2549 2610
4852 4919
304 318
938 991
72 95
3430 3454
1986 1998
4709 4717
4295 4343
3407 3480
2813 2912
4847 4913
3371 3408
1782 1880
4352 4404
1532 1560
719 745
1000 1035
888 891
1603 1628
2729 2742
462 548
2212 2227
3118 3154
2130 2207
1606 1670
1720 1795
4440 4517
2603 2620
1490 1548
1838 1892
2746 2804
2856 2939
4343 4368
673 681
135 143
2301 2375
2892 2940
188 192
4140 4225
4769 4826
4764 4834
1420 1514
4757 4834
2521 2563
1225 1308
1420 1472
2433 2524
4663 4680
714 724
52 143
3731 3753
3937 4011
1722 1775
4506 4598
1772 1815
3148 3195
113 197
1889 1988
905 944
409 418
3929 3930
1575 1611
1533 1590
4200 4208
1415 1427
612 708
4827 4918
3574 3653
1190 1264
1066 1088
2603 2647
952 1032
1904 1912
135 193
246 325
288 299
4439 4490
3174 3208
4756 4824
1624 1654
1889 1904
3205 3221
758 851
3210 3294
2477 2493
3762 3860
653 736
3399 3487
2578 2629
1405 1501
1403 1419
4147 4229
1103 1175
1688 1710
2488 2534
3183 3228
1454 1508
2225 2261
3814 3843
3997 4084
3881 3932
4841 4858
4959 4990
302 377
706 714
3457 3523
3899 3975
4019 4093
1325 1421
3438 3479
3448 3541
2624 2693
4066 4158
1651 1702
2909 2982
2851 2861
3822 3887
4867 4949
92 136
1855 1899
4385 4386
4907 4963
2006 2058
187 244
3785 3814
3758 3769
4066 4106
485 514
4165 4243
3869 3911
1152 1187
3137 3202
2802 2872
4640 4677
1686 1774
3423 3462
4535 4578
926 981
1290 1312
4036 4063
4668 4685
1461 1501
3152 3217
1363 1458
2828 2840
4685 4775
3722 3735
2602 2669
2431 2480
230 235
2028 2046
4312 4354
3267 3281
4204 4261
7 45
784 789
4628 4670
2373 2472
2572 2605
4649 4714
4226 4287
155 167
3533 3604
2539 2580
2735 2754
4639 4725
1243 1292
1907 2003
941 957
3604 3661
3205 3235
1440 1443
2908 2931
3576 3635
2184 2195
4777 4825
4397 4486
2094 2177
2600 2607
3629 3713
1573 1604
1623 1638
4698 4735
1959 2016
2516 2524
2378 2406
1467 1562
257 285
459 512
114 197
3032 3109
2008 2065
2385 2420
1216 1238
3471 3496
4381 4402
2022 2068
1606 1663
4658 4679
4276 4365
4969 4992
3920 4008
4296 4297
1623 1654
265 361
2631 2710
722 736
2157 2231
2001 2025
2672 2751
2380 2416
1273 1297
4461 4546
765 834
4278 4356
3840 3861
270 304
344 401
2056 2133
3566 3592
1103 1135
3481 3496
3734 3806
455 479
1402 1443
4120 4124
1407 1506
3228 3248
4765 4840
4000 4091
908 983
3251 3313
1996 2018
3498 3516
53 128
2990 3059
2718 2791
3790 3843
673 710
4735 4834
3771 3851
316 410
2921 2933
4993 5000
2276 2289
3797 3864
778 833
1721 1731
717 786
3341 3370
1482 1551
1657 1663
1333 1345
577 647
4779 4804
351 411
946 1036
4142 4189
3171 3182
526 607
1215 1303
3534 3576
1967 2044
1898 1917
2609 2678
2977 3001
1917 1999
2354 2439
1137 1174
1916 1980
2177 2178
2615 2661
2020 2050
4195 4252
4796 4836
1801 1832
2954 2988
4729 4758
3109 3180
1284 1344
2651 2661
2793 2861
3146 3223
1222 1261
2993 3017
2164 2193
3771 3829
2941 2943
2533 2615
3334 3353
374 438
1739 1754
2925 2970
1490 1543
2679 2742
979 1032
4131 4229
2802 2819
4871 4954
1973 1982
3394 3445
1607 1617
4654 4684
1011 1074
2852 2861
4279 4374
1802 1901
917 1015
3101 3195
3913 3929
217 287
4143 4160
4394 4459
3464 3555
3505 3548
4994 5000
3913 4000
4250 4290
458 526
1791 1854
1965 1992
887 903
3317 3374
3827 3852
1019 1066
3855 3955
2589 2653
1949 1951
3489 3509
1840 1879
2331 2404
4784 4828
2334 2383
2838 2849
2625 2649
647 678
302 318
2570 2582
4832 4905
606 634
3327 3335
1413 1473
2457 2508
1098 1144
2257 2297
929 976
3559 3570
3899 3983
338 401
4361 4434
160 205
1405 1431
686 710
4880 4953
852 899
473 520
800 895
1441 1511
715 780
489 519
807 833
3807 3887
914 945
1565 1582
3205 3269
1938 1997
652 748
4379 4427
4928 5000
2849 2881
1753 1816
3726 3779
4616 4666
2306 2366
2900 2985
1837 1875
3508 3556
4239 4264
2537 2552
2054 2110
1660 1746
3708 3805
927 965
3589 3637
2050 2081
2848 2892
2439 2467
979 987
3779 3785
1851 1937
2184 2232
4614 4686
1707 1795
1154 1212
4625 4709
3190 3193
1727 1758
285 337
1644 1695
1434 1478
1208 1261
2321 2385
3848 3869
3619 3675
121 162
1100 1197
3257 3357
3376 3387
2462 2555
3938 4010
2735 2745
3109 3167
4006 4024
1808 1863
4876 4888
384 451
4922 4926
754 816
3911 3922
3958 4023
3243 3324
4074 4122
2740 2780
2231 2329
818 834
1664 1732
1222 1290
4304 4380
3472 3569
1563 1617
839 907
50 137
4349 4350
1930 2023
3540 3598
2427 2441
3222 3295
2856 2904
2552 2590
2786 2843
3245 3271
3593 3678
2841 2908
4127 4207
4923 4960
2835 2887
2651 2698
2566 2604
1767 1769
2368 2403
2228 2262
837 918
1624 1672
4764 4815
1019 1118
2483 2533
3317 3340
590 597
3213 3221
667 687
1574 1610
4962 4972
4280 4368
4506 4559
1132 1205
3599 3632
951 954
1591 1622
613 651
4475 4556
3479 3576
3958 4053
503 569
3022 3071
3367 3399
722 741
349 394
4112 4117
3692 3704
1696 1777
3089 3098
2456 2536
4958 4975
3037 3128
2008 2061
2074 2081
2868 2932
304 365
2239 2297
334 369
624 654
4711 4792
612 617
2757 2825
2646 2710
3814 3897
2165 2203
2582 2673
371 425
916 947
1506 1507
3992 4027
4625 4660
3273 3324
4512 4603
2521 2584
227 310
3625 3682
4534 4596
1223 1293
4670 4687
1757 1758
4725 4738
1085 1129
2695 2718
4099 4107
3648 3723
293 341
990 1081
4870 4915
1815 1874
3462 3546
859 886
1070 1148
3292 3309
1245 1281
2532 2609
2610 2634
1550 1601
3447 3465
37 58
2263 2273
755 829
702 756
788 859
1851 1878
1657 1706
856 941
3972 3977
1346 1391
2395 2439
497 506
1487 1532
680 713
4458 4495
2355 2422
3829 3844
2953 2994
3925 3986
4412 4430
2356 2418
3638 3732
4601 4634
2517 2606
1429 1526
505 524
223 283
51 64
3389 3459
2643 2650
15 64
3087 3167
1782 1882
2502 2534
4583 4665
698 739
4143 4173
4549 4634
1554 1562
4992 5000
1283 1362
2463 2555
3777 3796
4994 5000
1441 1459
2843 2844
1153 1205
1718 1743
4872 4886
4406 4427
799 846
4832 4890
4586 4652
4889 4976
2680 2711
196 221
2361 2427
3384 3391
1449 1482
4699 4749
281 366
2381 2433
436 463
4470 4495
3235 3250
256 272
3752 3760
1545 1641
1767 1771
2289 2372
371 441
848 926
1276 1277
3188 3284
4169 4182
1403 1501
4777 4796
2769 2810
4881 4967
3860 3893
1261 1273
171 190
4599 4635
4515 4577
3011 3058
3599 3691
4702 4785
3228 3234
1069 1147
2672 2689
3403 3413
874 885
3787 3861
2364 2392
3049 3076
349 361
4825 4890
12 30
2475 2519
4092 4172
4883 4936
602 669
1126 1178
4939 4966
2880 2948
2536 2583
3565 3582
53 147
855 927
4319 4324
4767 4836
234 300
1681 1689
641 673
44 82
2735 2822
3868 3884
488 519
2522 2575
2705 2780
2044 2076
4396 4477
3814 3896
443 458
4983 4985
2965 2973
526 577
1279 1313
350 411
3909 3983
1153 1246
480 560
1445 1464
963 973
3348 3408
4500 4560
525 621
1700 1766
2637 2667
2780 2820
3088 3122
1580 1657
4624 4672
430 475
1693 1762
4356 4380
1336 1385
1953 2042
1009 1020
4929 5000
3158 3159
1680 1692
4053 4135
2636 2687
3047 3136
2667 2688
160 215
4142 4183
3877 3971
4215 4272
807 841
1449 1456
2741 2761
3020 3064
3396 3421
2578 2654
2996 3014
4261 4340
1133 1156
95 125
2507 2541
1248 1263
4096 4142
2260 2273
3987 4077
2189 2283
16 108
146 155
672 728
4360 4401
2824 2897
273 361
1552 1571
1447 1458
499 535
1048 1101
2320 2401
3366 3422
1360 1393
15 34
4034 4063
202 216
3036 3062
3932 3996
2336 2337
3545 3611
836 900
2286 2289
1639 1731
1640 1687
3364 3381
4039 4061
1199 1263
2028 2104
4164 4166
4870 4912
2652 2748
758 791
1251 1299
1296 1371
58 74
3124 3217
355 442
3210 3282
3223 3225
2229 2267
927 960
3657 3752
4683 4774
1211 1262
3084 3125
2836 2867
4087 4158
3595 3605
1710 1721
3384 3402
283 290
4758 4809
481 574
825 859
4223 4225
4910 4994
4338 4395
4468 4563
2689 2722
922 1017
932 948
1303 1339
577 674
3322 3375
100 191
523 586
856 876
1398 1426
1825 1902
2858 2889
3463 3510
3018 3062
1737 1828
525 534
1887 1917
1028 1043
3423 3503
3109 3187
613 673
3762 3796
4829 4855
3567 3621
1335 1345
3939 3974
3102 3114
22 119
3128 3132
3226 3237
190 271
2704 2760
3753 3771
3707 3769
1201 1268
910 992
956 977
3022 3119
3691 3761
3433 3479
3421 3481
2335 2343
922 947
240 265
4198 4228
301 323
2723 2771
4926 4928
4301 4343
2666 2705
3384 3393
3254 3317
4549 4615
1066 1149
1639 1692
1328 1416
2375 2445
2714 2765
2947 3036
2811 2812
1810 1824
1863 1899
3677 3751
4204 4227
3263 3352
940 946
2247 2288
4279 4318
2923 2970
2029 2031
1697 1755
999 1070
3220 3293
3464 3512
3036 3129
3870 3940
3392 3490
1467 1486
2571 2599
3622 3715
3387 3445
1580 1604
607 696
3635 3673
2285 2359
3603 3656
105 132
2908 2974
2916 2958
3762 3798
4696 4741
1231 1304
3846 3919
4722 4803
751 812
3505 3549
722 734
2166 2210
2366 2412
4689 4756
3225 3280
2207 2290
492 533
368 398
4360 4406
3181 3187
3207 3294
4811 4862
4651 4691
2266 2307
1480 1493
4475 4573
4269 4280
2431 2495
3842 3852
3529 3593
3045 3053
2742 2748
4501 4512
595 630
1143 1204
1955 1974
3326 3333
2510 2606
2772 2803
3316 3373
3826 3879
3772 3798
3453 3497
3652 3658
4385 4467
2341 2427
4321 4361
999 1091
1406 1490
552 563
2571 2658
1534 1576
4184 4208
4173 4214
1840 1884
4822 4891
2242 2342
2393 2429
2358 2418
1371 1387
1961 1963
3778 3874
2230 2327
562 608
1804 1902
1476 1568
2423 2512
4289 4354
1448 1518
1464 1486
4428 4463
1351 1451
2149 2219
3349 3391
239 303
4675 4741
3011 3012
1307 1386
4704 4727
1884 1984
1731 1774
3218 3243
4527 4552
3854 3887
169 199
1460 1478
3701 3747
1019 1092
576 598
2099 2185
4686 4749
2599 2644
3384 3405
3006 3034
128 164
1690 1727
1743 1834
3661 3683
521 607
3219 3249
1451 1535
3666 3703
1615 1684
2812 2878
438 511
3167 3248
2998 3026
1395 1396
3034 3097
1639 1643
1842 1928
2135 2173
3293 3382
4775 4852
582 627
3751 3840
4512 4565
1770 1846
4291 4363
904 993
3316 3369
4327 4380
4269 4334
3467 3473
245 343
3773 3827
676 775
2667 2760
1830 1852
4008 4036
4019 4055
1678 1706
738 750
3261 3358
772 793
2958 3004
1864 1929
1345 1407
3551 3581
398 470
129 166
3648 3699
1420 1470
4178 4277
100 137
2122 2173
2945 2946
277 300
681 769
2373 2430
3558 3583
496 536
1393 1448
1879 1914
795 868
1278 1351
3555 3638
1014 1029
3992 4039
2018 2108
3708 3715
4439 4518
3928 4015
2636 2706
525 575
3039 3107
3537 3566
1408 1504
1802 1868
2692 2727
500 511
3742 3753
3568 3588
1734 1787
3861 3881
1114 1162
619 634
4722 4783
2660 2755
849 921
757 796
976 1039
3885 3927
504 595
4161 4230
536 617
3095 3168
2266 2329
964 990
816 840
220 254
682 744
3483 3546
2229 2238
2781 2835
2229 2314
317 371
1324 1417
1732 1824
1946 2020
2486 2534
2484 2538
2719 2786
93 119
1652 1748
1562 1582
2338 2384
3471 3486
1681 1693
1788 1879
864 897
1049 1131
4134 4147
4541 4635
1117 1143
4047 4101
3708 3784
2443 2464
4934 4979
755 793
3123 3173
4202 4283
4547 4631
110 135
2811 2842
4675 4715
1197 1232
3991 4048
4545 4595
1233 1274
1113 1186
4643 4670
882 981
1753 1824
3925 3976
1559 1568
587 610
4258 4287
3224 3270
4976 5000
2320 2321
1965 1986
4527 4601
765 781
3844 3877
2783 2882
4833 4842
3744 3776
1247 1268
853 953
2189 2245
2962 3046
1948 1981
2668 2690
32 86
4806 4839
1480 1521
4769 4827
4031 4067
2912 2958
3715 3815
1864 1919
2641 2733
1931 2008
3746 3810
4991 5000
4664 4754
3501 3527
3383 3446
109 184
2185 2235
1004 1020
1817 1834
4882 4899
4206 4233
3346 3411
4154 4247
4456 4531
919 939
3988 4088
1833 1873
761 837
2668 2727
3854 3924
144 205
4099 4196
4023 4086
23 68
3992 4057
709 801
186 187
4945 4988
246 319
4398 4415
1531 1540
248 301
39 56
2025 2032
2393 2432
4527 4590
3128 3212
219 278
2747 2797
464 491
4071 4139
3951 4003
1532 1614
27 85
2628 2682
3058 3153
1353 1385
1810 1910
1240 1309
2945 3013
3262 3288
350 411
2222 2264
4520 4560
3408 3508
4605 4661
4184 4220
2126 2217
3127 3152
3069 3092
2261 2347
3910 3941
3309 3385
2404 2413
101 147
245 340
4761 4844
2740 2770
2323 2325
500 559
2083 2121
3962 4038
192 269
2141 2236
1697 1740
1854 1893
4590 4621
916 994
4029 4105
4086 4181
1760 1824
1309 1365
2045 2064
170 182
763 784
1285 1300
2334 2376
199 253
4207 4255
3676 3766
1112 1184
1298 1334
726 766
2680 2726
3049 3054
4794 4844
1185 1269
587 679
153 242
4906 4980
2479 2523
4341 4423
4308 4340
771 784
3159 3231
2000 2057
3578 3610
4403 4486
4448 4492
2254 2326
3066 3136
389 398
21 109
4757 4764
4069 4162
4047 4065
3631 3645
807 906
1814 1890
10 25
4722 4800
3113 3183
4840 4871
714 761
4629 4706
2042 2061
103 105
1156 1236
1105 1191
4249 4258
743 806
4693 4700
1168 1189
3041 3046
2929 2941
4208 4301
4740 4753
4278 4290
2981 3050
295 310
4429 4472
2607 2675
4872 4898
2701 2745
1108 1146
2899 2996
1730 1746
2037 2090
2882 2885
4231 4265
671 766
2598 2654
1015 1084
135 164
2993 3038
94 182
745 780
4841 4897
2030 2039
1370 1446
863 942
4016 4026
2972 3058
1699 1724
3324 3393
4853 4864
3652 3714
1127 1151
512 551
638 695
3929 3950
1081 1117
1667 1717
2153 2186
4334 4383
3017 3033
4847 4881
2186 2273
1416 1488
2620 2661
259 281
1387 1406
126 180
790 890
3188 3234
3737 3782
3860 3951
2455 2511
3125 3192
1992 2032
1914 2007
3558 3628
3211 3239
3948 3953
1012 1072
2641 2718
1196 1269
314 337
3216 3219
887 940
3323 3383
189 232
4408 4429
2125 2169
4586 4672
1150 1167
3222 3241
247 343
1820 1849
3954 4004
3397 3489
2082 2091
371 408
2741 2800
4053 4148
2463 2531
4239 4335
1878 1949
2765 2847
711 748
1485 1492
3302 3315
3421 3515
4159 4168
1951 1967
2773 2809
779 791
2504 2514
2729 2734
2424 2465
320 404
2243 2329
582 641
1598 1695
2902 2949
2855 2861
3168 3199
2302 2305
4097 4152
1982 2058
2451 2479
4487 4545
1152 1206
647 701
3920 3994
2389 2443
1052 1104
451 512
477 567
4058 4099
1904 1909
663 736
229 302
457 528
1865 1872
4609 4634
217 270
1127 1177
3800 3825
2835 2884
3163 3205
3999 4055
1864 1902
1535 1559
188 282
3557 3601
3182 3212
1586 1627
952 980
3271 3308
2765 2834
276 312
4483 4526
4458 4480
2138 2198
3307 3363
3716 3751
394 474
3945 4011
3101 3136
842 889
1205 1234
95 140
1687 1776
2866 2939
4736 4778
1163 1170
2521 2534
1595 1684
2643 2737
3681 3706
4576 4658
1489 1561
3715 3778
3267 3294
615 681
1174 1221
4811 4812
2850 2915
1969 2002
955 978
24 110
1832 1874
2587 2621
983 1041
1980 1985
4996 5000
4260 4345
1760 1808
1175 1188
1703 1743
3082 3150
4082 4159
1583 1598
4964 4984
2890 2945
3033 3059
2014 2024
2670 2671
2362 2378
4952 4954
4686 4696
4355 4410
3040 3131
105 109
3138 3174
3215 3289
810 853
3569 3592
2123 2190
1143 1145
2647 2718
181 238
1859 1865
4823 4826
4304 4373
4528 4535
4812 4910
1780 1834
2840 2920
4899 4959
298 309
2258 2299
3952 4006
1974 2024
619 629
125 157
2063 2142
546 620
3268 3304
4307 4400
3384 3386
975 1020
1967 2002
1345 1437
2637 2705
3158 3197
472 553
3606 3639
510 588
4118 4181
4445 4485
2156 2209
2918 2995
24 110
2467 2471
4045 4092
4211 4249
3850 3902
2841 2900
700 726
3000 3037
2724 2809
4008 4042
965 1007
4936 4981
4353 4403
292 306
4246 4335
3681 3724
4899 4945
4740 4832
3166 3169
4141 4237
4241 4252
3184 3259
3388 3395
4220 4249
4742 4815
2282 2361
2538 2584
3411 3433
1072 1095
3439 3450
2885 2891
4231 4238
72 83
527 617
3134 3224
325 424
236 331
2545 2579
4093 4170
832 896
1319 1415
2617 2659
4029 4105
1209 1247
3089 3171
4267 4327
776 826
661 677
4121 4136
4646 4669
3809 3846
2479 2504
4196 4274
4859 4907
2853 2937
2146 2180
534 599
431 500
1614 1675
3940 3982
618 623
2733 2758
2557 2577
3924 4010
1637 1723
3837 3890
2583 2652
2369 2396
3245 3339
4982 5000
1447 1547
1168 1229
2516 2595
4053 4093
1500 1530
1816 1896
4634 4710
2732 2746
4442 4507
1694 1709
4797 4805
86 139
1502 1557
1077 1172
3906 3936
379 406
4635 4671
266 287
4785 4823
4029 4121
2358 2361
159 245
1352 1418
4027 4067
3378 3414
3044 3096
2043 2122
3381 3469
2887 2913
446 541
4416 4463
1111 1195
1607 1678
746 749
2276 2288
3992 4074
3447 3513
1607 1629
4538 4636
2063 2128
2507 2546
4914 4986
484 510
3758 3768
3929 3947
2643 2667
1155 1157
3263 3285
4864 4902
653 719
821 848
1381 1422
4769 4773
4996 4998
2570 2584
4638 4728
4793 4847
3590 3609
4857 4917
1030 1126
4764 4817
1772 1822
3214 3307
2910 2939
1057 1108
4237 4288
604 622
2773 2820
3195 3248
3567 3590
703 791
3762 3862
2168 2227
3425 3440
2381 2437
3978 4060
4989 5000
3215 3263
3941 4028
3683 3712
1130 1164
2356 2448
4872 4906
263 268
4898 4947
554 626
1712 1728
2193 2210
3024 3072
2821 2851
2601 2664
474 517
3965 3988
3152 3186
2947 2979
4937 4958
1704 1723
2449 2461
4053 4117
458 505
2517 2615
2343 2350
2408 2442
4972 4996
3454 3499
1222 1297
1972 2042
19 69
4976 5000
1689 1697
2771 2805
2055 2147
2992 3021
1925 1942
1652 1715
1935 1968
115 130
3349 3382
799 892
1358 1437
4200 4206
1445 1489
3207 3263
3047 3062
2359 2414
3600 3632
4347 4424
2844 2895
4120 4170
3750 3804
1289 1335
425 509
3937 4025
113 191
1362 1404
719 722
2809 2815
2364 2430
713 766
4095 4154
141 202
4866 4952
1259 1296
3213 3243
1850 1857
1239 1339
1613 1713
2941 3027
1715 1808
4835 4858
2483 2508
1491 1567
2132 2167
4999 5000
2100 2173
3803 3837
96 152
97 189
1486 1543
3700 3749
3077 3160
2057 2073
2336 2423
3254 3277
3593 3624
809 905
4246 4268
2674 2733
3072 3080
1246 1322
1992 1995
3660 3692
311 312
3617 3627
3410 3417
1907 1979
3022 3029
1268 1292
1231 1247
1883 1888
