1000 1
14037
933226
533840
170635
541270
86396
616562
411905
413403
854280
388852
153695
449258
203797
62906
976438
126328
365186
830596
547152
71137
719242
846593
224374
618226
259055
797613
919121
689957
899180
20943
293405
578207
452783
925643
393245
850400
769098
485137
374551
678880
42208
584533
908103
787535
736183
420405
736940
4479
584915
294932
648446
588172
664565
297827
784298
136219
653509
767842
853835
661165
225756
554402
233567
801212
78602
754437
92378
90812
636919
96913
911499
339515
275293
577188
94170
127839
471019
616917
508806
237304
507647
532752
829246
559382
384439
828306
428193
162438
952441
481322
14184
469292
462074
359014
426509
801786
193720
893531
372835
781008
391488
38285
776660
678625
23836
218882
566612
890726
106473
731837
550901
177139
44674
272219
995332
182725
717607
514156
110038
853183
860435
939577
259914
406652
729593
205698
394132
925897
515727
549356
552581
791728
736207
85734
50413
979214
127194
602677
854206
516145
260149
477040
530126
835606
941394
365901
707613
429250
366410
697311
460864
879907
755527
552792
180557
616845
357094
692882
348466
270271
938602
252952
323626
138611
364351
118222
338161
710429
446361
913338
384469
174075
268549
712459
480816
223067
601206
163508
830239
318397
638643
883706
993812
956381
579482
705706
101830
514806
126230
277391
954080
126411
108492
842169
211660
703633
158059
106074
769139
471502
472860
117070
978675
406335
604576
654742
128553
468925
322260
990743
850178
492420
715752
634054
787818
439389
909826
737928
141247
906712
894568
410606
784686
858566
232374
769355
931037
815398
410570
581606
572496
993460
97585
238958
768281
654120
993649
996318
753377
45941
733834
245644
453605
221236
832339
963356
618842
279238
825547
590816
673035
94087
864858
630744
952189
906545
573313
24708
644240
719791
391326
160052
418238
628062
819029
35169
518986
244648
674924
578265
350134
83425
336509
519242
88821
965921
245300
581482
930250
909496
12707
886455
533346
504627
333175
922717
994367
845349
230357
359213
591113
144258
408917
649198
409329
710078
374476
667493
666850
529113
32397
235727
708170
721126
188677
361696
767705
207420
785740
629846
801277
738011
841195
943304
20264
174553
696575
730876
861848
897730
390809
235365
865280
425050
448691
988023
231835
686087
716697
625229
576215
57208
238405
235677
754564
272974
254006
606235
759975
439526
530033
715275
972815
656478
635935
184722
380790
440395
699151
149636
416607
433991
928580
242002
594035
198381
406782
452711
620824
997545
43750
924064
234444
957596
928462
10400
350551
411707
617460
333096
798974
562978
289126
527173
436106
124000
711340
234237
972229
165517
208240
543549
143976
915980
650817
483847
682497
244819
895285
708767
574550
568012
513890
595708
628046
163087
366131
281157
45128
533684
502638
201458
871398
438406
322114
369509
195760
307949
654681
191265
119762
127698
247479
219150
399531
582618
968738
235539
539697
187296
235861
916425
911526
392300
718152
62519
331179
596072
810615
654458
546722
625068
543547
4758
398065
737053
684522
213684
114885
557682
192810
423713
304542
142107
970267
635463
695322
170864
522011
733810
466389
898327
974891
89925
906516
642392
749288
63661
372398
68626
786930
954604
778434
465792
514167
737696
109138
529999
404370
300895
84760
548490
795077
768976
790708
660979
770856
246857
88245
669771
207205
185626
812657
107230
50110
207963
239079
520041
72571
609893
14200
708172
793926
451910
635544
24980
939254
924818
305809
850147
659803
145508
508579
899569
101322
610594
318706
397942
803097
193282
226051
839432
968705
300722
228738
78439
649610
831921
542147
588637
772398
336577
774446
288775
721265
17392
597084
379422
394828
7881
223
852232
216091
540270
512562
874746
977436
515240
708249
309308
59466
237706
707249
834587
263147
242711
744840
925633
168296
446903
607564
446047
821545
177081
136386
902446
826180
372342
900599
216590
485526
971832
842058
863251
947633
495995
258434
412516
153285
509756
832655
61975
73826
802254
822543
772731
925541
24699
359053
880699
902094
385460
665154
44461
557586
582023
253815
366092
685320
738438
179840
784183
358014
509180
505922
993845
452698
806465
342347
139355
872293
59049
347390
228071
133996
949886
132400
310503
53066
695064
178969
152119
189354
144992
378099
841968
49818
868562
938622
794091
974346
796112
953275
584456
868433
422838
873862
42169
120139
660522
444593
105832
859658
813173
884644
327731
309779
291858
428970
903358
272918
569941
128388
408543
108344
170475
982811
422734
386081
390277
550689
198030
961745
121528
314968
631941
262036
815025
841798
535175
955532
177265
828011
269881
229360
670203
226925
946272
146971
359561
78611
991373
445249
268568
145911
46848
848363
38857
796060
986285
335036
653329
642412
4068
100265
381869
852799
639640
300647
213735
830509
485961
904463
932470
749928
620376
478618
983333
247990
753983
852204
399995
427186
959953
337948
567089
709414
243741
916890
97579
879581
725438
90470
720603
419140
234091
783671
112249
111203
957918
466935
948150
456034
231438
669303
33630
446228
328991
297283
768653
772610
987970
449543
370665
720713
145844
416826
830284
151541
914588
315144
67339
645709
2245
726988
17775
425621
211551
240819
262119
636550
777892
352364
791365
569794
521223
393118
373086
317663
134735
406422
724241
727516
503882
891653
340539
376718
448108
620281
360736
420966
441678
402965
365682
565538
494716
869616
797300
905889
311702
602329
5188
209795
113218
227277
505198
939792
808851
489646
472036
326061
882476
298384
527596
787333
427050
975081
38594
474418
871018
789753
86940
560446
772815
150093
56713
98648
380842
776852
248961
918668
125608
520295
484146
89970
357066
461677
920516
725581
910933
144543
402066
964258
893476
307178
885127
438626
769138
222245
678350
590733
513482
27264
77275
51407
6944
129168
523466
696954
53947
452229
963765
210129
202497
174560
102544
897324
944226
591020
105853
293944
401370
397037
241775
246114
574198
386625
212219
280973
118249
842462
873776
522907
682718
220971
299959
359715
545162
960527
930558
886758
32623
351680
152612
201367
764020
252609
948255
865480
831558
139006
335486
311703
579464
977582
467689
96920
888171
99815
360880
527809
755545
13397
326229
802169
627683
435681
283079
520637
396234
261388
899647
430492
660134
861562
6106
950454
425280
229646
266836
620041
424301
794981
886529
55518
372328
808214
335903
243816
582616
473930
532166
138004
651644
347408
857997
783008
296649
337513
887651
265562
728137
783284
731777
713018
906827
903142
132798
931873
275306
5846
822745
992557
449934
805507
637792
182215
74429
561738
350653
303808
608684
671008
523320
135940
887197
246516
210860
250392
298609
78756
189922
774744
166080
69043
704727
384229
98234
354276
680673
447849
430754
989813
220505
474118
78370
599697
493556
451713
308249
79193
857372
634691
94080
258386
357422
839479
927119
762266
945018
335702
926104
486530
260210
619015
800034
92505
290697
878520
