50 60
473490 723994 474539 709877 989649 107900 149527 617843 746908 748071 431669 804296 25356 143201 281184 958118 358402 512478 6788 734239 191435 480863 455196 541803 917281 373856 649973 557339 857019 320262 741352 105941 608179 864142 486393 139002 103768 120623 574978 969587 462754 40188 949456 163453 730250 284864 763517 78512 8906 361085 758025 791569 59493 377744 209670 437019 418976 851074 411545 513357
685027 952031 908942 588384 815668 449665 255737 849233 485939 457911 491591 898584 966107 162538 61720 618831 501130 794841 152476 502388 49293 985887 8726 520724 775407 326808 206979 63100 913107 616743 25827 755554 799347 640291 321159 188391 674568 570263 914251 802580 63717 299598 970777 355404 633516 833305 632504 528246 127346 520327 459251 505377 912061 152027 720486 689197 433258 826382 728167 960065
756331 187671 857361 314095 520091 715171 405593 127049 572611 802749 522542 399684 721008 433212 203492 868655 88941 141344 308778 439340 158130 698187 79526 388816 417940 334810 198072 689235 17963 556844 250369 167853 772560 984336 863893 351262 420286 620978 642930 235881 665277 961354 910854 510355 593153 456069 180507 159579 280693 609020 941232 455780 768798 179964 888740 456026 482979 217906 175550 833504
528865 861864 14484 864692 615716 927513 529179 54190 112780 19158 693181 106147 38791 715148 215295 832461 152395 840097 869008 254304 873043 297572 611287 142955 93096 326420 404577 983207 875103 233539 131154 948634 492002 614798 743702 679313 853543 310220 454609 638482 177415 228864 162372 320696 385507 559989 845755 449894 109939 956163 457330 610334 598224 165575 811574 37023 91889 950360 540860 694497
766889 351153 618501 572300 519673 632699 456458 277312 648280 527793 606005 991804 59550 893347 563197 747902 432169 285912 710018 844279 966698 807324 56931 530103 709400 849234 868113 889869 427493 517884 361005 579961 827989 885595 544429 288743 859204 932597 957056 294106 98640 107684 467518 1277 658308 649631 919312 625539 423190 38648 86345 908119 567211 766246 616286 721142 927916 964011 920094 845230
956997 493885 583281 794171 671945 780789 325914 559411 217586 242549 118560 767185 933501 585742 754172 324432 273664 364948 529369 79774 202874 111030 555983 957890 756062 83819 329700 527196 695370 659365 584395 825859 446006 605168 260661 603185 973781 135174 475701 60077 192242 324653 45606 431982 261836 581959 531696 327530 43792 786793 907020 540821 838956 792794 324426 37786 483439 999621 751018 59231
735275 866565 654926 134351 789296 641743 9532 179920 996273 456593 566366 680176 780516 518253 927788 208679 881727 872150 1634 162431 993182 147362 483852 68398 554766 832202 722224 731958 164653 610829 21011 774750 284515 858919 638604 634052 952423 291848 295056 736085 743877 68245 590480 601626 986892 812345 63570 181437 3560 126552 190291 461753 131750 572152 865634 11441 20824 86715 938339 853455
922470 58150 517964 106918 262639 399833 162751 909596 482049 473260 792451 164143 456931 111169 134594 110383 23630 802918 778639 891762 309037 166285 532936 552527 403666 943452 594215 173282 891296 288709 932266 808361 597828 703988 884073 497279 313871 305477 96306 766121 273093 399553 8723 73941 745993 996151 938130 916081 273573 880070 400136 408122 230494 655402 413610 653462 989254 303492 12379 994095
776537 392564 912034 821455 643039 539166 922430 209426 628241 811738 793212 946462 603145 749984 967838 952589 627646 23482 971964 80746 805231 480758 736655 786018 617385 404010 862723 865892 975905 845211 801500 289293 911958 330695 236274 594692 672966 170723 391140 841021 600606 777621 607429 82356 805714 700162 404073 219903 366347 14431 869513 920385 19099 719557 578263 770604 440278 918661 57924 169459
665684 994853 314806 237850 844926 678091 338166 49353 578308 831826 860586 272827 735766 494187 257453 603049 35789 446255 805603 206931 284732 530365 323130 146853 722165 493192 837666 392996 175344 740428 66157 880133 73835 555421 925092 10887 457154 27571 21647 356558 500146 382742 897946 422188 756886 765953 860927 204816 757139 962955 35105 845237 478051 531349 29422 478849 193790 599193 540514 244474
659868 402021 637721 602730 65610 264102 492799 968041 919212 500316 252371 390035 491898 753042 640764 758921 984841 402137 197989 393816 968883 170447 518518 761958 871935 336894 658479 156324 945651 62203 466646 12408 150965 348300 849022 119425 161439 305056 762073 888226 38237 592958 60867 687244 462619 478984 812267 852144 140908 725750 153701 634177 903278 410243 982009 376265 569699 994469 642484 506080
690541 734920 17871 620495 179410 423308 73849 372731 940632 983773 698049 913815 119906 853329 50249 449343 730921 946433 634350 273705 738316 262860 937298 792956 744022 388859 634188 208036 517117 184048 959646 330836 510391 873016 869180 970362 459335 465321 788572 865877 476243 943956 229485 936236 414513 231924 412430 229196 611354 250754 678924 551501 805425 630327 211998 388112 423023 344021 100496 192902
274027 225865 555363 562934 754609 812969 158876 205691 74510 993002 419830 706680 601650 654405 559342 66715 646628 507484 634460 72095 481847 100931 421135 554911 66138 437231 964523 381234 86423 557359 426122 989505 436647 127810 951162 763418 343273 380689 865882 142181 28410 264401 709877 522021 730678 840198 357389 753984 762876 811386 213165 190359 788063 373666 405423 298041 943772 810324 774555 791203
473339 558559 458894 166746 488022 723632 608025 608827 887432 50577 574180 112381 539707 375389 237614 81617 547859 563321 106568 148351 855714 324193 191712 302069 646142 26543 524576 296716 206544 972000 441879 82644 915714 715246 230908 160344 741895 205900 688916 42789 547073 369376 892866 336242 474621 745589 703240 280744 329566 99957 169837 785999 813908 933077 420581 389665 938377 45631 14185 627035
422430 934215 622684 138155 925105 790393 732189 969624 246870 796479 167028 641540 838380 647378 595565 943288 569464 473612 54732 990107 212323 457129 936841 57671 431867 253091 668918 669962 589539 517268 698556 533098 986734 780381 946957 607765 2042 385068 277967 657980 877685 682564 57078 753137 199615 586665 308921 187380 346684 446219 26080 504725 803783 417969 779283 393671 978595 643827 642775 635742
290119 286662 71195 652559 950464 203688 141492 746170 407164 220806 319817 193261 937992 819003 508867 143660 284574 602984 540049 398004 993948 189901 492740 750834 833534 208380 634739 824995 503983 130261 948762 194388 358351 699601 592074 653070 833450 597089 198355 33115 883293 885769 189352 217639 883859 502913 529977 365937 689505 441785 838130 91598 746626 567579 622046 486828 89457 193731 789600 972126
868301 563353 187704 573008 623939 949116 943924 835218 526386 367536 208265 731713 559635 700106 343198 372237 987948 605479 713884 385555 505363 77010 107210 125358 338528 760069 970570 572933 630341 344292 952463 400234 715445 63980 255247 66617 15317 927868 953953 452145 256264 856916 371186 711313 28409 20643 797078 817480 361619 474 592209 601504 831027 925306 619680 564599 286989 37746 749063 90907
823995 607054 294288 880886 938413 741330 944964 219932 602102 590487 669729 239759 202178 403801 483171 310634 297388 828610 335536 642659 928518 246885 167663 363427 587570 649763 369546 821573 613680 600954 315673 230977 212316 149826 324629 731637 145530 345125 54981 473387 670264 827385 692326 730678 789768 304696 851841 834860 920868 482563 293255 335551 463516 730200 261807 637675 579989 247126 850033 619405
407878 680730 582766 537252 143271 503133 174251 201907 598588 804118 341074 38003 411410 955775 218033 950555 450231 721796 52807 28108 807596 764012 908265 959641 548505 659217 479332 696659 890406 197274 407316 103073 462709 880805 722824 956547 211598 577848 678564 113623 874361 46640 872280 907107 230177 880530 314342 625809 435629 954692 62690 795750 808170 688600 906519 883373 507934 218378 733575 224763
164861 659534 29059 13341 939686 55468 679138 895994 597952 869972 317565 728106 665938 890679 41267 932561 641444 144613 273688 847719 188462 990581 539975 716356 492314 29376 33508 824734 547973 435873 825979 623737 405817 53790 890091 658665 629227 108506 586881 584313 351114 235731 249111 161351 48013 239077 96605 610814 867318 230337 129214 612818 694386 413970 260604 483598 261103 190497 185245 912244
298686 431988 394740 276061 41787 169609 165798 59564 110006 378731 236023 684774 865100 352138 841341 632127 670041 419613 46537 692825 977560 631528 791404 773297 615536 105391 908229 894717 64273 673679 44042 635468 230531 8246 275081 651943 896385 914044 444297 502700 553476 365016 383260 274701 270872 58061 604624 285392 644761 275772 946865 180663 641296 903711 994644 94020 282744 787781 879037 256647
283826 29223 540281 676892 648064 193488 794812 439818 157137 70388 42528 149877 883911 605241 8287 944275 703515 623355 589207 181922 587044 339197 898136 494623 97179 962478 13878 603073 846520 272126 281367 869600 137894 407801 694224 281140 858891 325910 896699 448007 28728 628821 558385 149109 732652 46412 792339 925326 522811 783269 534598 256322 118174 575685 271789 539031 157137 988609 419571 752233
792566 861721 536637 205845 798241 941431 157661 370501 934592 846629 79298 690945 689734 381245 470776 490798 112945 367317 881467 715143 839832 905703 606267 687357 275965 956985 971107 301588 163938 742829 316337 235135 756245 762631 542678 732272 837196 664278 773892 755837 242382 120991 441460 313636 530588 544159 415734 933253 369872 663654 644462 982568 271765 859176 69213 532554 213275 226618 830399 522881
507928 483571 100546 476100 724657 509696 407301 5483 77786 172392 129416 915502 3666 602693 890887 458057 154867 635751 518630 775091 853057 287758 345201 47399 455947 260532 448894 123277 178308 602850 627626 48861 595949 655903 719038 236780 982853 261370 686768 925887 749912 493221 362343 747942 147632 339818 105496 760988 103150 44949 410752 297080 577800 369324 183675 644358 416734 244556 926646 546778
554679 987329 605137 956958 731154 39596 756236 841296 603310 814758 599706 86054 440174 971650 345445 684705 504400 494712 938312 525184 700295 276923 583049 15795 69316 685946 74124 621585 892504 197138 819166 799212 576816 789899 734716 377297 196988 30563 784283 421739 624100 331876 492179 689463 575659 529449 629640 824303 912507 413096 191446 65195 921251 750243 465548 274664 477504 651922 476337 802382
93508 161901 761659 437286 593862 147322 225054 150129 672225 630480 166597 256043 377556 103158 389450 961751 339497 769968 527425 880938 266774 378120 867284 2831 309207 934843 869970 374839 66269 461333 965624 992001 312944 769250 390749 471328 8893 940141 631186 326190 426332 449802 172254 426216 450881 795304 665067 325266 507825 663581 31940 272643 647514 997169 444515 47461 817225 843041 483039 31357
546590 692319 477428 470360 478085 898667 94462 278247 525104 492573 127516 840248 689048 687421 764391 721969 264962 704743 236294 342841 452124 423354 156683 583660 265985 491410 244795 35362 601654 794805 805362 481623 867556 173871 492772 390410 23782 887231 400040 437572 557442 860790 961061 640311 135529 39332 266269 46164 673631 631671 870583 64416 104757 932454 121719 464076 2026 432696 800641 872983
919330 680412 587913 555267 226175 610616 33487 925228 972358 669344 673542 328008 782348 709610 498870 536429 624844 920282 400659 331070 554301 330306 4794 741814 157701 933400 326218 283539 989565 311206 651031 310728 209890 11412 788562 497053 677807 57453 153295 479350 705515 527341 143497 123361 390658 701861 67270 66031 380721 678023 556987 192693 589645 588644 485614 97399 815797 729592 159766 578379
311227 979679 596200 967939 138933 981081 868868 944862 486061 214031 221297 676148 205230 151018 722022 684174 990202 573853 490726 919011 483883 616109 315780 703255 42159 843961 832634 461105 269978 912882 639078 436109 358715 717816 962578 866920 708286 610223 220914 56207 936061 89367 63435 884650 196202 698522 731622 76155 70372 786514 658346 147111 580371 995298 960257 624934 520117 71881 631700 594191
77712 729036 126300 828125 324174 591211 887256 366139 112279 599760 318375 380596 933121 584581 125075 880702 512469 376300 491891 824097 478300 159756 716229 480164 637043 92009 857908 510671 838648 756806 915458 839010 29316 406555 328078 774806 662973 774620 289754 187843 995508 152247 635408 719897 94066 953561 488763 824562 896328 969827 542773 794532 424650 897468 890832 296868 123192 63990 127112 48621
289388 677596 185583 590933 405490 194412 692820 790221 940095 175672 65399 565575 34491 558786 457299 562934 500373 640967 182341 648624 595664 223504 279343 890259 344718 545481 527495 329672 414897 1736 542297 934807 87352 76885 240231 437865 504610 830760 101601 361200 461218 443773 23474 434336 857577 67578 259775 707734 224236 175428 474373 351372 105397 763153 843708 167766 974610 549753 367030 601457
29210 566059 5490 562256 843127 572672 793185 390144 641112 993044 56789 826528 538915 302177 964789 566258 348746 193496 69314 850800 60576 126246 421354 101810 577369 368898 618856 659308 681871 86019 62496 982712 247720 390923 899434 662717 942543 211521 109163 820602 485507 286806 124948 370224 284629 149915 881075 843205 291256 202395 11226 572802 951255 227648 927333 213174 149564 374800 290622 713741
293117 714286 325599 263253 114774 823809 966436 123327 652841 596443 721822 453615 760664 971261 351434 214322 957839 154745 178716 813213 820597 286262 585583 38296 209596 313563 159527 499207 853716 386913 353069 632915 993760 140230 397573 471572 147812 911311 612175 55808 202325 215739 286987 489287 796772 934311 430254 465010 59749 435765 610156 84330 264015 735050 852386 406546 704416 143960 324116 38036
937583 726731 37430 194648 169153 501432 743909 899081 226888 59882 752519 17431 449459 526215 698031 32086 193193 26518 954826 990518 871297 559488 863114 227406 336133 548371 465673 20565 232622 61018 781077 952301 86515 186613 543198 671796 714641 166640 991243 491934 569810 299954 684110 516016 88920 923919 23128 882937 929104 992041 19938 423016 205070 233810 398567 875931 346951 609819 731328 935216
305453 943917 648908 919909 904351 226351 373417 119658 17134 153443 399354 467048 718785 195907 552346 925887 341097 596030 404624 789337 648406 609523 978992 83901 704575 393209 128769 379805 891869 734250 636807 496944 740058 162813 318596 958112 662642 804656 639062 10612 989098 451121 77812 844797 451941 413663 813743 685604 743713 21461 367616 141084 305097 116833 282130 958371 370577 652381 363003 88738
151283 939323 639560 812255 337831 22337 311339 928872 635502 975730 72519 454292 877106 10145 26707 308881 790455 656080 649897 952370 211099 887674 856386 243557 445756 904862 366968 355494 535202 928323 807238 875108 714166 176448 509793 963224 301375 836968 241107 908299 271536 586543 525699 806208 330479 975934 38644 404128 699713 140771 486218 664536 464190 448157 86779 342683 952132 768870 474042 618234
763223 274175 743319 865355 471648 222081 681759 673092 854493 669506 381028 57365 333026 910985 273272 80077 726270 127477 906246 320371 398086 95670 453256 141510 346196 17216 784297 356275 359628 697350 754832 423653 500167 671110 73783 307096 511073 972938 957069 184223 956983 885156 41363 420241 174166 712206 148404 622501 888851 639745 911803 222416 510880 511562 65572 167584 763023 847336 489170 889442
119687 827756 557479 454186 119942 85244 514292 185732 540106 561024 51125 134249 52638 214652 275544 240647 867851 437314 484060 360564 91014 720801 963639 453863 357417 701745 875138 414657 941947 62567 368632 242405 679383 497903 494522 24023 39736 448109 224391 861877 261081 888047 299333 9464 838108 920995 967056 476702 728585 307 766835 142347 559063 213563 253969 500069 141430 343662 478785 738308
662315 788363 563871 81856 565807 318008 249962 434378 627786 511014 991583 715997 81149 706655 645198 36150 861727 568234 39550 601352 465472 950861 337588 851470 599013 738002 686875 567186 434720 220097 200247 51782 639313 808809 834488 996171 404078 295574 276130 65042 69111 230399 549200 176264 904753 256279 220529 167253 957767 439787 889373 195974 61178 45296 632531 135823 619841 646075 944544 933589
75055 768932 261748 8397 776018 777181 707550 106941 997563 799761 302646 885025 684871 83092 950940 252152 764181 768969 825183 40070 934168 206856 10589 940999 72397 56947 223238 688442 927358 167127 682024 330853 430958 429031 223848 207167 172283 164180 770174 541296 274147 409930 202350 275221 313679 317444 310661 933621 724110 215117 865776 31576 764610 769260 178576 410921 760246 406428 758631 214806
905801 651989 266932 395017 978287 245828 885975 802627 139763 397511 394688 922739 624724 691661 303675 509883 545707 45194 771648 860026 637180 811424 860215 617001 844579 155297 479927 263983 533125 35619 618472 577832 695705 645288 112852 288851 429266 995458 335008 508746 255727 552964 338104 164384 585960 316941 849161 259705 167945 882144 912680 800617 415571 36396 541810 521103 528292 810524 629915 904426
728362 802968 852970 740842 220323 919429 99877 444291 380635 21357 597790 500186 942538 449117 338315 618876 946120 63208 652913 837501 275401 789457 923434 17451 683297 448410 113078 525462 73973 100719 562551 314657 604987 327621 607097 108460 621160 427832 774991 221129 487479 262087 595544 178525 405349 276543 894347 420932 483892 537635 235021 83100 672554 918018 111614 60965 307215 613519 598284 476493
198975 956463 524864 294651 256540 312104 115335 366735 296439 663511 490848 762718 226732 596655 310907 474484 36335 862965 51757 120129 832167 739297 285819 46853 535848 518594 433119 837614 405932 848851 437006 86064 693419 784267 447997 49939 447693 903494 898321 555945 387158 742882 890257 11734 689 72917 581488 211712 780840 734666 703503 47941 176455 59403 669289 788672 728794 62498 186458 921389
88796 153624 883732 348063 894692 197055 963292 609579 829349 532853 874290 695159 140723 303608 922861 893655 669892 144685 577044 418614 240973 956201 106635 180349 273887 750239 706262 498069 523255 528705 637353 113161 175211 443181 161300 122167 917783 189335 929989 551345 818194 63622 440569 543350 20438 570334 101067 287791 612940 569292 880037 705516 131938 313833 785862 403226 611166 486390 61004 737931
529769 150251 561445 193083 16822 157136 758103 543774 818282 887309 18823 336787 248304 97662 972484 232653 97799 130416 580051 673416 78509 692087 439104 882715 599261 52712 519130 176869 212240 506218 883786 677896 494267 589032 174353 460632 381907 306988 507169 700018 749500 527779 96078 854716 292716 712345 879248 96120 163572 664438 751313 207131 853920 269950 977157 617525 689134 888825 434858 984420
189440 68643 477820 72936 908743 3447 948714 745536 631827 627762 733511 546557 504214 980384 292809 315694 177518 307481 328381 734302 391694 190888 258312 356437 195416 725373 533539 909390 24054 526546 877746 266265 791981 108632 409021 942274 838449 321782 854719 593270 990562 490292 221288 786567 427302 20772 687777 846472 548171 797368 750463 161043 312399 868379 48648 971055 579851 334421 134191 170411
291273 548855 138056 761334 804643 621384 766391 643658 237588 359128 384444 857290 311727 612873 166762 195141 555049 208787 566718 415380 180301 14829 720031 376843 58122 420944 397858 208297 645989 119534 528223 471252 925926 866224 928122 677481 491353 689036 400085 811996 302352 910758 522572 485226 278944 24039 951062 507695 970474 955392 486736 382000 888745 960838 848264 985237 874620 643333 593265 471031
957254 87142 746652 710146 421706 797232 87260 719410 918836 153548 398073 795156 234628 399970 949861 297671 345647 524101 847995 754521 987741 720202 235810 512216 132341 551490 449131 346422 984827 895913 761837 8256 584947 662675 49811 477406 273050 695484 904437 620230 804419 557363 638631 333997 18501 488821 104296 201000 196442 86540 677972 572906 244397 121482 76848 522041 740637 51829 164755 38960
23432 67723 43905 281055 244454 34260 392140 39535 109935 828024 34755 152612 443813 654671 265607 883995 828350 171600 114031 908598 996080 431482 352601 462732 799011 933728 448657 139876 106595 950868 404170 764298 792112 893661 764950 147405 497189 689037 780251 453656 537576 618233 847643 287050 445727 930655 33668 630565 550661 58107 726779 628580 766378 503577 215677 988679 340000 506224 958267 359106
121879 395851 570140 465881 902402 901588 501802 706797 846854 873689 751360 860174 909174 924583 482661 266576 845615 882716 193910 445327 846220 131496 923901 130500 142205 229401 394244 7845 988595 603133 314094 447272 581656 324041 875061 415431 778636 648489 866463 86011 186332 397927 853154 621032 912064 580619 169727 458199 737857 625241 149484 521983 160222 842613 550331 943078 265025 676538 462824 191036
