3000
29 464 923 403 247 217 512 268 625 653 591 394 486 725 89 989 76 986 665 188 814 216 575 742 574 483 170 187 753 177 236 426 619 389 821 639 492 886 513 98 363 362 793 873 180 590 26 182 964 851 128 10 933 508 689 188 874 424 471 791 547 545 71 872 718 569 895 510 350 925 623 474 10 994 351 436 155 936 587 418 466 619 607 967 9 862 298 194 284 10 494 387 852 707 572 714 160 689 216 628 705 311 64 156 458 540 923 968 111 576 957 699 21 895 279 731 785 874 377 205 550 235 568 234 395 7 230 577 611 652 329 302 302 752 935 156 769 27 376 903 826 958 419 118 172 833 553 147 388 380 221 345 16 640 247 394 686 374 291 347 310 754 432 158 378 285 819 1 211 742 230 748 746 306 5 90 215 405 153 418 232 290 209 664 984 500 587 630 868 482 754 911 869 797 303 720 542 465 178 804 970 182 763 438 233 28 867 987 423 658 941 953 781 951 311 858 917 65 913 704 428 439 413 250 487 15 708 515 382 937 295 752 29 999 942 90 704 251 658 998 382 872 596 259 169 77 270 478 952 260 677 841 846 575 725 658 939 276 45 51 735 412 758 894 122 141 131 92 965 828 682 971 981 893 685 776 302 128 301 659 905 691 696 420 193 581 609 588 308 975 873 21 395 780 835 243 178 636 454 290 809 911 612 84 470 580 506 178 121 872 96 532 217 764 400 111 562 586 168 440 911 104 566 35 521 464 510 656 517 383 9 804 688 490 895 694 22 63 379 690 692 873 959 252 677 432 700 928 439 665 884 119 871 633 579 711 666 439 704 827 218 65 332 778 987 703 804 594 755 156 182 47 923 891 177 175 724 976 885 555 340 889 824 154 355 457 699 332 206 872 528 972 654 754 32 229 263 929 673 844 521 253 648 976 724 896 214 695 24 739 254 38 839 327 44 499 122 383 531 912 232 339 192 257 26 849 381 625 534 946 152 667 180 68 205 224 605 33 785 241 439 169 370 61 496 482 141 781 268 425 68 843 150 322 881 773 61 126 172 197 67 629 537 873 24 991 171 4 144 168 48 43 746 793 569 58 305 170 865 131 528 160 340 611 303 955 234 867 678 139 189 948 467 117 400 413 295 86 263 611 840 409 879 272 517 424 806 105 388 877 508 960 139 621 472 977 857 526 705 887 288 245 896 336 556 35 311 274 600 308 213 31 160 15 121 731 736 811 443 621 330 629 503 477 741 705 597 472 404 676 84 101 876 448 104 332 501 0 50 128 101 161 807 135 787 670 566 1 478 187 993 237 342 282 860 359 593 189 934 234 346 849 770 787 125 994 595 602 475 814 464 98 272 509 167 953 362 319 694 297 802 19 627 935 246 843 451 741 440 85 937 929 309 403 167 928 440 382 815 540 323 406 55 244 559 368 910 578 980 741 528 653 187 640 280 814 180 16 942 944 524 32 490 171 353 837 52 864 617 521 670 986 85 986 49 456 603 49 612 80 1 709 990 89 684 712 659 739 10 462 720 374 677 115 160 124 858 251 47 526 469 781 194 984 641 816 681 988 678 285 385 838 115 443 677 879 616 550 838 10 350 900 451 541 593 265 475 140 16 334 790 23 722 952 664 571 25 705 766 2 705 269 161 521 146 929 884 657 777 229 855 860 992 48 689 630 666 675 108 562 464 563 291 813 104 48 219 130 644 820 590 563 546 690 765 632 862 896 197 191 749 21 416 298 419 317 511 758 549 321 95 741 348 580 99 772 320 17 237 289 547 209 224 110 734 719 660 592 411 831 887 79 339 483 135 826 331 329 876 203 830 735 347 980 727 38 668 787 644 430 168 559 784 287 363 677 632 580 841 321 88 725 734 133 909 792 270 903 802 866 152 55 846 197 228 597 918 560 978 594 393 92 323 496 166 155 631 63 447 267 177 725 60 595 96 481 221 85 465 498 192 4 302 588 883 92 551 537 362 143 731 85 213 248 362 289 836 88 865 153 771 188 540 713 559 457 941 252 881 693 18 438 611 84 890 70 441 820 122 778 921 25 469 333 531 898 959 4 768 236 282 365 871 69 804 695 993 631 399 891 593 865 109 730 293 458 335 236 931 896 93 295 558 232 766 181 855 305 106 402 862 395 375 253 304 573 76 150 667 151 730 775 790 240 28 32 224 433 787 926 463 33 672 249 36 910 795 189 927 457 278 481 19 642 91 736 116 620 23 158 501 943 521 55 162 52 719 794 929 733 167 8 190 739 329 509 483 414 49 180 200 928 333 874 422 990 925 807 49 131 264 105 166 580 773 623 520 592 937 634 562 988 505 702 44 241 444 256 432 283 666 401 179 102 611 664 805 24 504 750 884 777 752 15 224 672 628 122 71 763 280 938 895 240 531 511 103 721 489 630 904 951 967 64 534 432 577 597 259 935 416 479 711 216 381 916 486 296 272 995 395 855 657 828 315 511 305 692 942 559 285 497 194 206 637 386 606 287 416 163 571 340 189 329 118 785 38 688 10 393 849 345 221 178 170 175 921 546 759 406 480 425 336 251 854 128 782 707 953 944 338 563 527 771 303 329 541 747 346 266 264 698 656 21 763 969 79 485 653 754 357 608 406 69 117 462 804 885 465 914 864 590 951 924 130 822 36 267 14 244 104 562 477 164 257 606 240 972 856 825 632 138 442 976 684 642 112 149 719 589 882 748 212 100 32 231 909 95 451 420 154 387 613 507 870 847 689 473 399 186 872 3 963 418 267 308 80 951 938 210 702 454 625 594 168 23 750 232 412 333 75 435 843 530 745 794 869 801 870 984 873 44 777 655 158 458 558 487 614 483 455 510 553 937 673 953 308 400 727 685 914 85 123 463 640 183 874 14 868 272 264 652 145 642 499 490 263 366 960 937 409 963 609 54 662 523 377 803 34 745 202 971 220 940 900 471 699 83 25 331 465 599 789 459 479 579 554 228 312 189 581 212 68 541 437 563 699 693 581 303 697 52 683 433 800 930 9 304 875 572 725 684 312 117 579 852 111 484 962 195 79 494 280 79 931 226 25 127 804 548 514 736 710 85 887 701 549 975 312 553 979 889 91 640 161 175 70 808 515 51 0 478 487 888 815 946 179 319 32 652 217 63 749 579 7 935 753 307 619 551 463 575 136 984 212 277 892 33 409 12 915 106 251 801 340 514 372 884 315 922 291 22 375 747 625 988 812 354 621 658 194 464 560 135 553 850 505 914 192 79 192 891 660 514 299 466 273 632 242 944 489 230 85 727 839 71 651 37 462 796 883 615 951 32 213 722 435 780 738 399 914 566 830 316 369 232 548 607 727 371 779 838 134 840 631 150 585 612 521 595 182 13 777 549 452 262 616 462 109 820 900 59 988 499 349 820 125 617 72 793 344 160 960 957 919 895 180 962 456 586 681 721 703 838 573 823 632 325 684 381 306 360 798 451 450 707 473 229 758 884 808 320 727 631 607 987 30 971 934 125 349 119 104 436 956 504 934 778 2 194 72 395 275 654 447 844 221 926 325 834 130 837 962 833 284 244 253 606 639 918 100 273 110 208 716 485 579 134 422 551 629 247 1000 303 826 470 131 522 981 558 203 737 427 625 724 298 649 591 822 877 10 856 789 305 13 508 468 941 149 166 975 238 231 700 984 882 535 22 903 669 320 971 3 384 153 283 906 636 311 908 453 635 735 8 375 710 422 787 984 957 680 814 156 594 669 613 230 167 14 197 741 60 179 39 694 947 832 161 53 310 306 880 168 80 665 309 57 65 741 704 808 524 123 815 97 457 373 369 395 919 629 274 613 375 178 899 55 143 919 877 188 970 284 660 624 848 340 828 341 860 442 608 983 146 802 413 590 672 60 438 666 805 809 403 364 907 100 862 465 140 458 573 101 870 29 630 217 43 142 486 48 244 457 606 376 286 850 524 267 201 932 152 913 647 805 998 746 972 798 585 210 483 689 158 628 634 879 829 645 70 258 600 424 491 871 856 870 141 359 879 116 962 231 583 560 638 930 318 64 28 676 912 116 966 963 944 450 545 475 735 605 543 569 451 202 233 946 608 41 899 154 231 328 82 142 237 486 517 295 2 618 175 845 771 927 274 740 299 571 913 27 90 540 898 5 471 901 872 330 542 639 502 735 359 591 11 10 971 305 9 570 778 730 488 18 808 772 111 598 713 129 271 729 864 719 205 272 611 381 132 788 200 11 121 548 987 491 526 146 753 921 213 567 242 520 915 422 759 862 828 323 329 336 100 551 521 102 654 678 612 467 439 937 909 804 210 442 956 377 876 126 845 36 228 370 970 573 872 372 184 413 282 208 18 30 187 118 835 737 812 754 415 873 683 814 235 358 973 14 35 570 583 514 357 263 348 854 991 879 712 269 927 379 505 175 530 499 513 381 37 580 254 657 50 733 511 481 948 763 171 709 462 673 864 771 463 365 112 467 880 893 218 715 197 57 25 59 747 254 466 673 202 638 688 372 941 604 618 792 121 583 59 303 948 478 65 794 143 610 594 7 42 319 323 122 523 274 61 580 890 739 315 782 942 962 478 51 86 446 206 647 689 68 880 254 602 261 753 135 325 720 650 458 699 671 670 858 921 707 643 936 280 548 706 749 606 364 222 403 516 332 808 548 354 165 344 560 174 645 647 339 333 13 753 316 577 19 490 317 711 985 711 655 766 711 343 3 552 838 804 812 46 673 117 527 255 676 676 161 867 882 79 350 466 243 821 688 271 809 148 406 276 26 946 992 31 661 409 408 366 477 139 997 96 254 780 120 171 250 417 222 933 932 596 507 543 36 684 790 971 327 782 233 831 681 733 411 28 759 893 548 125 537 305 696 997 136 578 200 123 301 106 778 843 39 34 979 76 385 680 794 754 141 190 568 189 218 986 281 646 416 766 105 926 925 252 390 301 115 196 281 602 630 411 530 189 382 701 794 911 799 505 855 218 137 114 679 110 714 776 466 462 964 866 682 26 661 678 227 465 32 682 913 179 237 546 425 141 544 111 871 451 867 869 454 675 953 427 715 238 916 592 369 90 426 660 875 472 607 636 750 991 649 682 938 577 900 896 170 215 451 605 422 654 201 381 298 570 137 545 432 373 591 405 96 338 233 684 362 620 789 890 140 521 529 57 669 437 320 465 660 440 484 852 596 796 673 23 679 869 597 217 308 620 172 861 792 767 993 913 151 258 60 400 351 737 333 769 158 566 863 828 14 75 640 99 668 550 297 426 153 612 531 96 864 256 289 497 383 74 32 711 304 196 557 817 244 65 621 488 452 485 161 627 453 815 265 588 206 848 716 592 716 357 802 508 72 652 128 940 469 899 226 34 430 869 297 680 533 555 553 839 733 750 222 254 536 986 777 927 554 653 496 884 551 135 777 770 560 546 334 844 630 147 716 0 113 156 551 569 35 487 915 648 795 457 157 788 5 309 27 217 436 518 274 947 419 112 516 904 43 649 347 421 465 594 644 775 801 541 757 487 133 100 964 87 968 532 878 666 331 280 514 428 57 259 722 43 110 726 28 53 391 559 714 986 491 1000 149 136 315 722 161 977 445 272 509 724 527 642 86 760 954 180 777 340 483 858 74 651 34 554 752 23 7 25 898 968 899 142 804 943 292 118 126 623 366 635 300 20 292 688 874 978 161 891 624 193 835 206 835 425 881 355 27 118 39 354 948 702 234 54 27 578 695 141 542 250 761 573 955 550 890 730 240 721 975 425 894 697 786 94 652 42 863 225 591 965 491 489 897 571 681 677 742 172 383 3 981 771 658 526 686 976 939 136 420 88 943 940 339 272 658 428 825 326 197 754 575 723 311 698 718 774 963 725 845 99 370 96 108 584 245 189 164 206 606 754 868 842 525 610 314 717 493 834 839 223 924 606 700 682 891 256 795 385 251 464 951 767 356 624 555 730 79 434 594 352 423 905 612 807 429 869 444 277 206 57 723 670 258 368 682 88 345 599 920 386 501 50 36 67 513 386 395 651 100 19 479 307 731 183 339 571 454 758 648 756 866 975 829 515 142 71 897 251 936 550 703 916 704 864 1 13 582 1 306 69 566 450 975 208 809 240 981 293 278 152 832 19 662 530 295 171 728 367 36 414 77 294 956 898 99 899 629 204 792 965 105 363 369 845 72 504 457 847 601 22 789 156 267 40 882 703 944 355 661 206 59 555 166 997 667 892 446 68 504 991 961 508 125 903 896 869 590 178 197 950 285 441 289 477 880 94 760 550 826 578 739 610 542 147 334 39 524 730 929 762 326 147 85 234 306 620 898 82 703 404 910 722 293 943 269 711 364 93 675 869 12 949 728 566 978 576 982 398 604 739 649 667 23 422 257 585 85 592 810 390 382 261 208 782 763 473 239 767 661 547 41 621 25 875 168 621 446 546 432 654 562 262 992 510 110 61 161 782 885 284 751 940 603 953 634 248 812 834 136 623 231 274 693 903 895 413 855 528 595 542 708 960 229 485 375 582 779 137 726 578 203 203 361 973 361 14 894 910 577 139 223 897 930 853 227 310 322 730 36 108 659 125 400 785 959 614 155 698 411 500 7 31 266 375 629 478 748 643 984 712 445 982 243 342 735 857 371 852 826 232 400 665 228 766 98 269 742 926 104 734 826 882 250 533 679 265 706 477 854 275 103 944 42 51 890 792 282 238 95 139 455 121 440 275 306 350 584 76 61 165 899 831 946 746 28 569 938 947 712 870 370 91 409 973 976 62 521 710 215 658 113 715 28 297 506 473 570 510 546 615 552 368
714 2276 750
66 1905 598
4 2329 505
2484 1152 270
1839 1311 265
1249 2913 686
2826 887 191
69 1699 393
2547 619 645
457 2028 434
426 28 89
2961 1230 350
2683 1070 346
228 885 583
425 542 375
1795 2675 83
2636 1960 456
823 2980 870
166 1717 197
251 1259 643
994 2371 836
401 1456 796
2526 1105 90
249 141 739
166 2874 788
2956 961 829
2930 1714 22
1946 1197 902
527 90 679
1509 2542 80
643 394 157
2662 2236 723
1598 1247 153
233 1382 170
808 2780 626
465 825 804
1559 2402 7
60 1683 705
1011 2851 173
1508 326 343
2925 2950 351
470 1080 966
942 1945 445
1875 1329 698
255 1864 330
1900 1316 387
1751 2506 802
1900 1806 114
286 518 424
2755 1154 459
1253 2011 674
2962 2223 573
1666 2345 250
942 1742 347
2682 1553 323
813 1058 439
382 123 157
2275 2664 238
467 2045 890
1840 1453 954
2532 2971 983
442 2322 183
1388 487 977
2397 2508 100
2699 551 673
303 1856 980
2785 2637 870
272 1140 393
1346 1513 896
1576 2839 975
1391 2768 76
444 1391 343
2099 2142 908
651 2231 264
2047 2152 748
615 2753 744
647 879 639
34 682 707
308 2900 449
1273 210 373
927 1015 685
2289 223 776
2560 1327 191
1356 192 354
1826 502 611
516 2523 917
1794 602 313
1437 933 205
2694 2130 244
2412 67 468
2015 435 899
782 1395 135
1721 2902 643
2414 294 93
698 1386 339
1796 2633 482
2603 1179 362
705 747 360
1085 666 778
2386 1322 157
299 650 283
2003 2937 802
199 2859 585
2902 2014 38
483 262 550
2933 1106 739
574 1264 958
2209 2678 536
2874 739 905
1166 2432 847
2650 275 36
1565 1880 573
92 2077 525
2088 950 31
2550 1634 755
1343 2646 468
2388 2983 841
171 462 383
1286 331 680
470 2568 195
983 2552 927
1469 2439 83
2210 352 47
2153 1632 990
2906 1550 318
514 1554 512
939 2590 855
2328 2008 370
247 370 641
1543 930 550
209 1826 619
1439 442 318
1959 1026 771
2995 181 334
2507 952 66
771 971 115
880 801 428
1102 2924 414
1618 1626 719
2897 205 29
2114 974 397
803 116 614
2596 1214 182
2425 1930 871
1742 760 230
989 2713 769
616 2064 359
456 57 998
1839 1427 289
1933 212 195
2340 993 316
2473 2210 988
862 1203 62
1514 2125 160
1937 2333 282
1896 1993 486
983 93 729
1060 1199 599
311 1128 342
1025 1996 414
2897 2088 73
2158 2604 209
2345 746 426
385 1764 406
425 492 270
2906 1951 346
299 1544 300
1850 759 632
1294 764 443
2778 2925 806
1161 1686 601
2997 648 72
1902 1044 40
555 2672 784
2028 1308 225
2234 816 969
897 1300 141
2114 728 25
264 1298 911
2378 2665 191
166 2091 558
453 1891 792
932 2996 921
2843 2692 700
886 16 90
1979 1014 474
2576 758 370
2112 1001 655
2208 269 367
2391 2400 114
567 1789 553
273 2853 92
2041 84 620
1279 1178 912
835 2169 94
1794 2754 672
1541 2399 418
837 1702 942
2745 736 689
985 706 865
518 1478 602
1612 2364 401
1767 1679 508
1359 2262 636
1832 782 453
2999 1593 394
632 2351 963
1012 2667 590
1743 193 648
750 1577 347
902 1448 885
539 1796 244
1508 1060 801
420 150 843
807 1850 332
2834 2165 84
613 1911 262
2213 457 440
1508 1997 118
2529 2328 945
1826 669 539
1762 2058 287
231 1620 159
465 2081 469
1862 2049 912
2608 2496 828
318 1182 109
2584 2969 679
1060 2977 311
2394 2410 884
2298 437 524
1979 1929 657
2267 1002 808
2973 2245 824
469 2487 345
2864 1168 459
2127 2164 785
2679 674 731
2587 1509 262
1317 2224 53
1 1430 942
389 565 654
1504 2176 322
344 1973 771
374 1653 148
664 673 407
464 106 365
1926 2601 756
664 1147 762
2821 996 490
2058 175 181
1541 612 610
2995 599 682
2874 1524 463
988 1734 949
849 1673 384
286 1317 542
2435 1067 755
2640 2316 268
2099 2610 782
835 1879 152
516 1731 986
2934 2086 305
1540 491 987
611 1665 645
342 537 152
352 2489 712
2452 2208 734
499 43 836
1332 796 251
245 561 912
1766 2821 743
1363 1353 957
2803 29 358
2754 403 26
84 802 560
2604 2831 250
945 2417 150
190 2694 777
2203 1249 22
1696 1407 790
2379 1073 367
661 2174 516
2363 2359 599
648 1188 61
2073 1041 611
1045 1995 867
9 2148 417
1522 2954 104
1351 376 156
34 972 91
609 1932 261
317 2443 892
1025 1637 792
2507 1814 405
1401 2800 941
2684 1167 342
1273 1396 625
972 1525 86
1180 14 210
1835 1075 920
1316 2160 512
830 2292 743
606 2706 14
2879 347 96
1222 2866 703
1076 2737 36
2820 2769 159
1581 517 23
2721 2251 214
346 1126 996
2986 1142 643
1025 2598 330
1501 767 217
386 2842 161
1319 864 320
1645 1284 53
1752 2709 825
1654 1421 602
316 753 141
2529 1319 750
1672 2808 423
1343 1479 573
2435 2172 787
95 1913 378
662 2093 712
2365 334 426
1952 2827 851
2562 787 340
1335 1968 341
631 2679 572
1796 386 856
53 314 817
2600 1622 587
1501 693 201
1348 1773 107
1332 2442 787
1507 1835 63
1198 1692 834
1550 1096 708
2131 2799 188
902 105 358
1787 2885 572
1507 2949 493
1661 2883 974
1091 2606 278
247 572 29
2626 2247 190
2930 66 522
1972 1341 365
781 2968 674
2949 1245 106
2688 2195 750
89 1270 378
2471 2246 69
61 2483 941
2638 644 390
221 149 13
2775 24 919
1889 2167 388
1184 1303 20
652 931 819
714 1808 539
943 1356 862
1481 1585 386
2913 391 402
924 2727 538
152 2912 320
1669 1061 89
894 2670 457
1230 2641 50
1129 1083 543
873 740 862
228 1380 699
2528 2403 768
1060 2190 115
1709 2155 338
541 576 482
776 439 820
1628 951 978
1407 2017 898
567 2124 797
1977 1004 452
1549 2312 216
2945 2652 618
1505 425 608
796 1500 859
1198 214 160
2009 153 439
353 1583 96
854 1114 418
1818 253 314
880 325 196
682 624 540
2874 1718 465
939 173 237
1028 938 624
1666 813 380
320 1170 346
2304 1097 41
2270 211 195
2858 2123 484
305 1614 795
92 87 364
689 236 740
775 637 738
1740 2755 192
1714 1558 45
264 235 56
224 131 344
1742 2309 115
2339 716 311
168 1393 379
539 1598 626
1470 1130 839
2830 2554 186
1816 2790 205
2796 493 693
251 1269 395
220 2909 507
1099 2615 614
1152 1569 875
221 382 207
1672 2266 971
609 532 718
1178 1398 545
523 1275 877
786 1792 394
1983 154 411
711 2993 578
890 1024 985
2257 2324 208
249 1710 378
1512 1974 796
2013 773 875
164 2118 32
1323 414 109
2296 1549 568
2484 768 474
1982 2693 305
2663 164 225
1560 404 649
881 1976 236
1959 1926 524
848 114 211
2768 1371 160
1740 505 993
2396 482 546
2554 374 444
1778 1898 118
2356 2535 462
1976 348 266
2372 1606 737
588 1570 872
1373 1707 576
2255 1738 366
1595 1607 518
4 2452 521
334 1503 882
1660 1263 308
1232 846 760
2137 812 496
1902 1944 70
2091 1087 281
2961 948 824
209 1028 288
2870 2722 27
890 1369 322
846 2997 749
2460 444 647
2191 2756 382
1934 267 4
1766 500 931
2789 1591 119
2914 1785 839
464 646 244
1559 2510 656
401 2147 921
544 1321 810
1794 1411 821
2653 1476 626
2225 380 878
2901 653 646
2333 1804 555
2830 1205 828
1217 2238 471
1982 1215 275
2005 2475 4
2744 2268 292
1965 2178 295
2777 1597 731
2295 777 968
1692 2133 876
2410 1988 53
2280 2743 543
1126 2474 747
2372 2315 750
2162 1619 636
640 1953 369
166 2203 983
2753 1869 397
1197 408 306
862 2407 207
2576 76 588
1322 13 100
134 1347 398
1317 2608 533
1565 567 483
2305 2573 58
336 743 476
60 2075 445
1431 198 715
1386 873 326
1351 1829 24
165 2456 779
657 2212 618
994 160 470
538 2389 727
1159 1746 113
2257 755 420
2015 2366 463
2821 1700 731
2971 1340 316
2521 2938 638
1852 836 899
1439 246 169
1704 660 944
2880 2468 151
1696 552 399
2178 208 377
1481 2237 121
580 2623 102
1141 86 938
1133 2825 950
2238 324 14
1562 1392 729
1590 1828 929
1001 1023 297
1957 1933 972
1506 1051 101
1217 344 403
1743 107 141
92 657 152
228 2922 42
1526 2048 251
2704 2450 79
2179 629 318
83 1132 677
2494 1737 729
1534 957 797
2502 1228 494
2282 194 125
1555 1046 663
2582 174 47
444 1774 631
1281 157 375
1983 396 813
1838 1339 990
1156 257 125
2073 852 879
1788 2955 776
1794 2335 236
2436 1641 474
696 49 365
607 2110 444
1407 851 717
1401 64 182
338 1628 993
87 75 871
2175 1241 587
3 1027 128
1292 1255 902
1353 1166 484
1760 2717 242
1596 1401 613
1467 2027 6
1943 1950 263
890 128 552
628 1357 956
2040 722 229
2175 2951 750
2662 871 291
1935 428 506
2704 1112 469
2899 2170 973
389 1938 929
220 1231 442
2505 77 269
1660 1770 419
1598 1253 639
2735 1566 153
1159 2569 422
2208 2361 784
871 2778 441
1042 2733 593
587 1649 458
2000 1143 631
165 1758 173
275 2085 117
942 2760 24
1451 1232 439
456 417 92
161 2931 133
875 2029 650
896 2591 305
1578 876 527
2695 124 2
1518 2460 771
908 680 502
2913 2939 536
1946 2730 333
1716 112 457
2566 1918 904
658 140 561
1451 222 685
1827 156 770
1780 955 425
1039 2411 327
249 1967 47
2086 2546 264
557 1617 147
134 1846 814
111 1330 624
8 922 242
461 2813 234
673 255 189
1809 689 676
888 21 427
2073 2945 320
667 240 9
1253 639 708
2860 1840 72
1234 1694 599
1829 1860 447
2981 2710 642
1486 1817 443
1328 2425 164
991 1447 439
2398 776 306
2819 108 751
2830 744 214
2009 2596 940
2136 1200 921
1603 1124 778
207 2549 580
1580 407 550
166 2112 618
1803 2863 148
1879 343 722
2917 1198 767
1335 1065 976
1588 73 325
432 145 941
2236 1795 807
2042 2119 82
2829 1902 33
2091 132 726
2047 2115 114
1317 1900 543
1546 2050 388
1574 2151 314
2931 2010 236
2282 2279 961
1190 721 525
1832 600 345
2295 355 152
2675 1646 405
2378 1139 929
1914 2843 395
2827 520 507
286 896 588
2073 2833 112
1429 1315 308
1900 1437 770
1909 427 379
2234 6 536
158 312 32
80 1697 981
894 908 362
115 2638 507
1445 152 316
24 2806 256
2273 168 811
2711 279 779
1743 2326 904
974 2899 753
549 1904 939
755 1400 160
835 1711 261
1730 530 776
245 2584 242
600 981 751
1862 2153 169
2609 2065 476
2383 2445 899
1496 504 99
500 2046 658
494 1237 128
1341 2033 356
2951 820 253
1427 1799 412
1356 1338 6
1507 2656 235
2022 869 338
1217 2270 74
2331 2363 307
1672 2923 357
2754 169 514
434 2537 61
1565 1631 103
2556 2593 477
1897 316 141
1560 2320 626
2042 1677 969
871 241 469
418 35 981
1294 1751 662
2766 2952 182
869 313 25
2689 1530 963
2930 997 885
2682 496 16
2626 1870 773
778 631 694
1856 2060 244
1759 606 953
2887 2044 756
88 944 757
2073 1688 306
1875 2009 75
2008 1765 752
394 110 952
218 1624 48
1384 117 562
2039 633 495
719 1923 121
352 649 26
644 2374 713
2188 2531 753
2177 1433 101
1250 1896 173
1721 1886 491
592 44 533
634 2181 674
2589 1909 429
2136 2260 425
733 2654 226
2887 2250 850
1010 884 795
1475 1858 697
2307 2409 812
575 1528 413
2686 2566 600
1596 1514 3
385 2235 441
2811 2564 125
1478 939 274
1247 1648 298
762 1017 447
873 2016 830
1704 2783 290
2634 1009 794
1922 2520 864
1676 2757 649
228 2503 893
1470 854 93
1445 1481 310
1397 1709 905
2932 2815 57
1865 1810 329
1829 2013 334
1171 2490 796
376 2488 714
2986 2089 906
86 1533 232
116 371 53
2402 1518 677
1592 1651 468
2315 839 432
2136 2509 671
1902 180 926
999 1948 462
1619 177 485
2941 683 795
2554 2131 280
1299 2356 668
260 2168 308
1852 807 28
1476 2491 53
2961 399 255
2594 806 496
1292 752 107
2930 1672 892
472 1274 556
1839 1599 498
264 1897 867
767 451 37
1012 1705 435
2099 2063 372
2737 2032 546
1455 550 536
1560 48 443
2508 2094 620
2304 1325 498
805 2350 52
1153 1849 9
66 1786 299
448 1066 705
89 723 288
1835 2657 769
304 388 434
2356 1054 837
2701 2617 125
92 2379 711
1020 2749 687
2748 1189 75
983 2227 325
616 1091 931
25 2789 801
2805 2823 516
2332 1999 797
566 1989 219
2887 2314 774
385 533 991
807 79 126
220 1346 731
2452 2390 98
2910 476 806
521 2782 469
1694 461 336
2415 1877 675
2509 877 381
2183 273 149
635 33 666
2185 647 29
162 511 866
843 2248 101
2404 287 582
2499 307 723
428 250 603
2637 1462 306
104 74 502
243 1441 590
255 466 836
2662 60 496
92 1853 856
988 305 204
1455 1956 441
2078 1209 987
154 1633 322
326 2036 478
348 1138 982
2415 1693 177
855 2122 574
1048 470 207
336 888 841
1672 849 639
561 2932 643
1294 1077 904
1190 2773 361
2086 83 312
1323 1615 936
2571 1775 116
158 995 274
2684 2680 144
350 1007 680
1189 2256 155
561 883 846
2332 2053 450
2128 2651 88
264 1074 632
2435 2622 70
1187 1425 951
2219 1895 217
60 510 373
2979 2429 823
2198 2156 562
1460 113 900
664 1191 898
447 1603 467
1897 1358 127
2210 1422 185
498 1223 69
1250 2767 348
376 1555 544
2552 2344 949
2845 401 222
1912 2424 340
2551 2984 753
1173 2120 788
2811 1979 88
1110 1685 449
790 1947 913
413 2416 23
2766 667 392
1905 249 67
2163 2381 483
1870 151 201
380 709 41
166 286 549
1886 1033 843
2955 2998 362
2817 2486 380
2242 751 435
75 1681 269
456 2540 358
2435 2099 791
2978 327 789
1083 18 21
1787 2557 890
2040 277 529
2951 1053 301
628 790 575
760 1777 377
2662 2674 555
1803 133 839
2764 2668 730
2261 1660 391
1253 61 552
1351 2525 654
88 1008 304
1832 1602 191
1696 2681 741
2414 2492 968
895 85 326
1166 1983 252
2603 1331 431
2332 582 909
1915 171 16
474 2731 538
2431 2197 708
2 102 421
2532 690 219
334 445 676
513 585 876
1000 1109 847
2934 2114 845
264 2917 41
1152 688 694
1084 1435 631
2411 2581 461
1966 2695 43
815 483 316
1876 1454 548
1905 2184 975
1507 1523 215
2178 2941 711
1590 1117 418
395 1283 423
168 2015 583
1835 2111 661
904 501 589
999 2098 724
1306 1485 342
1778 2518 587
1902 940 864
1075 848 582
1612 733 193
537 707 931
457 2360 258
2263 2586 926
2345 868 872
802 1936 811
175 2869 133
1170 770 761
1412 2038 720
1316 729 692
2884 1278 67
2045 2943 581
2111 970 601
2307 2288 659
1321 513 851
2330 2953 417
1704 2071 236
1230 651 881
1060 2741 237
2457 81 768
104 821 437
1353 2691 300
2813 2388 446
223 147 919
1038 2458 102
2600 1302 706
1645 2565 185
330 2171 953
2347 1414 252
1664 2040 464
473 2129 122
1199 2126 564
2384 2406 525
537 1857 303
372 749 850
1000 843 232
2155 1487 621
2626 2414 667
2178 1928 745
1769 554 37
1075 2225 927
962 1584 41
2917 2629 483
1152 1162 792
1711 1892 634
2372 1865 679
7 1541 835
631 2960 674
1831 1551 702
2911 828 192
739 2533 691
1270 27 166
2707 2274 13
2899 3000 715
1542 2589 821
2665 308 313
2393 1961 27
2689 803 731
246 2021 535
1073 2087 426
1541 830 962
2413 1157 625
129 893 514
1452 2102 977
1369 829 64
2225 2631 374
472 302 399
366 365 7
1167 315 665
2610 1465 539
111 379 249
2921 2095 938
972 507 474
2655 2895 545
1232 490 885
803 2745 213
2685 337 535
64 1099 851
2555 698 621
1672 2958 351
2412 2852 858
382 594 472
1156 2989 787
68 280 224
2365 1172 590
2557 1848 717
2908 1890 887
1298 962 290
2747 2512 187
2494 2234 186
988 679 340
2808 640 420
1660 1212 604
548 891 947
1740 2947 403
1532 103 147
1392 917 223
640 2544 427
1946 1261 626
225 196 999
1778 1314 71
1215 1305 106
60 902 97
112 1287 698
207 2721 379
1225 1893 501
1891 2179 805
2830 1222 307
975 1768 327
2803 872 751
1596 786 356
211 1847 254
1171 2826 586
1594 1763 837
1839 95 607
2779 349 544
1608 557 719
740 695 58
2236 999 549
2621 2774 527
988 890 978
1436 2199 128
464 2563 357
616 2136 422
1949 2511 941
1816 2719 252
539 188 784
815 418 722
1203 2519 507
2612 176 84
1341 2346 521
1353 31 19
2180 1385 792
2674 405 791
1091 1049 528
9 2076 577
173 142 331
115 298 375
1982 2318 251
2073 1473 689
2934 1351 532
249 37 331
2887 20 530
2858 1876 1
1148 2083 160
728 1725 443
1920 531 229
762 982 535
2265 2973 856
2048 378 192
1758 503 694
2494 464 773
1217 2478 972
2625 62 810
2742 2303 33
644 1413 479
2005 559 652
2019 920 691
1870 1816 209
2067 2298 950
2623 1226 128
945 122 123
2906 2386 338
1689 2701 618
2221 2226 489
2078 2729 385
1779 2143 294
1306 397 34
1088 2132 771
904 398 135
2392 2725 590
1301 2835 429
985 2264 159
288 614 963
1806 94 795
2843 2418 979
778 1888 526
192 268 406
1751 2580 544
670 1057 418
880 1899 853
2603 975 79
293 1687 832
2109 562 973
1504 2481 282
2023 2437 562
627 1201 71
2078 2258 647
964 1151 356
2236 2323 917
191 1547 966
1677 704 114
120 1813 984
657 2 263
2900 433 912
854 529 143
2443 541 706
2602 2515 112
1363 1939 128
727 2419 728
2685 2673 786
2086 1173 383
2494 1257 120
1363 489 289
2365 2259 989
2198 283 18
1835 1359 636
1427 1682 456
2667 1656 120
1218 299 996
144 136 943
2354 301 384
1206 1605 670
946 431 25
563 2421 251
510 1145 395
281 1756 833
1363 7 234
2623 2261 365
747 96 736
1221 2467 965
2337 734 279
2160 2798 459
1602 641 273
712 509 696
2096 1747 852
776 2570 202
1742 1776 795
893 218 486
2473 2109 861
2565 1678 287
2917 1115 553
2538 356 302
1161 1841 409
1839 539 645
467 1559 699
2525 2271 166
2114 2862 557
1636 1519 604
2594 2514 273
338 2775 422
942 2634 284
635 2282 3
1253 2957 246
1397 104 517
2663 465 916
815 2809 878
447 1542 732
1970 1180 312
2852 1894 462
1075 1 159
969 58 11
2785 1285 29
2718 540 302
1970 1883 729
1165 1367 661
777 1324 877
1073 2961 126
474 170 554
1694 1955 872
1608 1429 364
667 1320 828
1245 923 512
1807 2330 186
2589 508 16
1716 2571 240
2033 2215 924
2644 1887 918
2423 2394 902
801 2915 529
69 306 809
2472 2653 208
2138 932 286
2910 1251 825
353 2436 519
1048 2267 26
1905 1458 140
2186 1272 593
115 784 692
2381 2413 166
1946 900 33
2042 1987 838
1717 2198 153
2578 1362 979
1162 926 731
1217 635 483
1465 2567 926
1003 259 433
1753 1564 559
1258 1345 32
1658 2440 384
2203 535 137
1625 2936 614
790 1402 629
24 937 666
1124 178 117
552 392 148
165 953 355
847 987 215
115 1527 166
92 2233 914
1033 1798 848
69 1753 203
2263 2627 704
624 1389 223
2837 2966 982
166 1467 295
786 2090 916
2273 1175 688
1593 2286 223
1281 1833 618
431 438 517
2279 2513 669
460 1439 647
1667 2723 851
2196 2849 214
2627 1432 64
914 2791 789
285 1352 574
567 1127 933
1305 2697 405
1311 720 880
368 2744 794
1904 1917 713
2417 1461 648
2950 2865 742
2482 109 277
1628 1940 115
1787 89 30
1351 321 225
65 1907 217
1896 2059 468
2109 209 909
338 1292 251
2975 2317 981
849 1092 240
1717 2553 252
1696 2758 192
687 727 500
1505 1119 314
790 162 836
1756 1419 237
612 1377 379
1566 1030 763
2634 1486 518
931 2735 710
1501 781 32
1411 1104 486
33 1436 47
1234 1787 695
1831 1373 39
2395 1059 572
1344 165 171
2018 2035 843
132 719 738
1844 2929 941
1393 853 121
2338 1889 224
570 703 794
2073 363 692
1864 1750 440
815 524 361
1737 1820 359
1210 1522 567
2362 998 114
2233 2716 607
2868 1078 724
1917 22 771
1894 750 851
1814 2703 82
2213 467 703
811 1036 405
1863 2891 753
2754 685 726
1148 1323 731
1433 2448 113
932 130 568
2015 1081 269
1462 1871 870
2356 886 453
2096 1239 115
296 216 938
83 809 51
1410 297 981
882 2765 458
2136 2393 556
2226 1771 711
2075 1978 193
1260 2502 109
2654 808 708
2175 942 109
1744 593 138
2804 479 505
661 904 602
2335 676 309
2478 91 589
232 59 607
1643 1409 794
388 1821 820
2554 1405 210
621 2594 116
510 309 902
2298 484 544
2975 2787 668
1963 332 202
2473 353 989
155 2219 64
1335 1146 303
232 2620 645
1209 45 519
1875 440 22
1042 2595 495
1897 115 622
1076 2146 949
2415 2700 919
1835 1332 708
1733 2006 443
320 837 834
1049 2687 573
932 1638 474
2989 2848 763
1524 735 975
1467 907 642
2662 158 79
2472 548 963
179 2829 647
418 2310 665
553 834 246
697 613 705
2214 1729 385
2338 1313 972
1489 1442 855
1397 2070 481
1419 2191 804
1839 1504 641
274 1202 61
1134 1192 567
2576 2278 493
1506 1861 808
2909 2585 604
2777 2057 946
2683 605 442
2247 1131 136
92 1659 269
1876 772 140
65 1767 651
1931 1384 709
1672 914 826
1147 2926 313
203 1921 218
2639 1210 549
794 866 945
858 626 557
1309 202 300
1762 2803 678
2759 1556 661
2171 271 294
2203 2930 512
561 2277 541
2364 220 118
2223 2976 863
1507 243 264
768 488 545
2213 143 32
2236 2934 761
1111 1645 733
1255 1417 841
1829 1415 489
1795 1196 947
1470 745 998
1511 2055 850
251 2704 250
2753 2840 847
2680 2605 804
1249 2650 379
220 1494 675
2136 1309 371
104 2609 572
1035 2290 367
1608 274 809
2608 135 730
2142 2750 139
610 2548 156
2684 155 867
1200 1954 459
1368 2338 508
733 2878 73
1230 1444 661
1947 1240 189
399 2619 821
2706 625 748
1552 1675 830
1967 197 93
2501 2349 882
801 1208 572
2969 2649 801
1628 231 38
2845 2621 418
2477 642 361
910 525 295
1884 2420 557
1157 889 565
2911 1129 989
1071 1755 468
1524 2082 495
2418 2946 395
852 810 63
2932 1567 458
2854 1016 395
2195 989 884
2608 840 879
1074 775 653
1508 2555 467
2259 2501 77
2662 1839 125
1147 2820 710
1218 2423 935
418 446 215
1134 2683 484
2398 2396 42
1029 1735 666
2829 2887 211
1393 2422 785
2309 983 510
580 2892 601
1645 1110 476
2261 2482 49
1622 429 937
2704 1745 113
1894 2816 130
42 1690 151
1364 26 942
2277 919 785
166 1716 563
762 757 754
1365 2461 294
980 2272 952
719 225 298
64 2643 636
293 785 480
460 1113 747
2063 1052 45
1239 98 639
2364 1434 542
2270 1031 809
2219 1563 473
636 420 739
2995 213 58
2282 2576 81
910 1186 913
1061 2069 376
2898 63 724
2388 2882 266
2945 2255 693
1125 2218 972
1664 2375 353
1249 814 356
166 2626 742
2989 780 640
455 2837 622
1015 340 877
2290 441 679
2017 2671 349
921 1076 913
1959 1477 845
1295 395 195
696 282 374
1255 1062 800
896 452 333
420 1985 288
1661 2558 999
518 1220 211
2917 1085 713
494 515 191
1353 2933 704
69 2078 417
2379 818 267
390 1586 79
86 1629 106
1074 2614 539
2365 2321 928
314 2698 793
2775 928 913
802 2624 610
606 2337 524
2355 677 701
2762 2037 40
1445 909 330
2983 276 876
1154 2470 345
1161 2209 753
1605 986 872
1173 272 860
2153 832 447
609 1125 671
7 258 206
2327 1657 958
942 670 696
884 1118 28
1244 815 837
679 2592 329
163 2426 379
17 658 294
875 788 787
2750 1516 946
2575 2828 934
2827 367 156
2762 1722 932
1221 2438 390
113 964 39
1157 1639 399
1356 700 147
1671 672 832
2518 1122 914
726 2715 525
67 1793 428
1478 754 762
1897 1507 933
984 1348 392
1546 1834 239
1292 1490 348
115 2275 275
41 2454 384
1947 498 79
1717 2331 773
2800 2527 375
144 1689 112
1386 469 32
1149 146 545
893 855 1000
241 791 939
2845 2202 360
1787 1365 756
1475 281 861
147 1495 662
2798 2182 376
1191 34 684
144 207 598
2962 2963 453
136 2911 480
2482 662 284
2283 2751 493
2473 2630 657
1279 833 176
2956 577 690
1331 2244 300
2141 100 779
2691 2072 169
266 1279 684
2557 4 583
1965 486 486
2 2173 6
1520 1370 558
931 1428 932
1796 2746 34
1346 913 181
2626 1508 807
778 2612 403
2611 2764 500
1696 1946 192
1915 708 362
2247 2636 219
1630 1986 140
897 2530 160
896 2428 233
266 1825 455
739 1873 246
1237 973 944
2612 590 987
1375 186 580
1958 2959 862
2231 611 117
1619 2135 543
1087 1000 977
70 1790 535
657 1578 363
165 2339 631
1049 1772 342
1524 1216 698
1994 1502 652
492 320 616
747 1924 370
2247 1470 984
223 1103 958
2047 1306 383
287 2844 96
2663 1335 389
755 1782 252
325 200 937
1428 2204 265
1294 609 533
19 906 700
256 1630 686
1766 1957 203
80 824 254
448 2981 988
1870 1713 21
553 1572 733
1612 2867 703
1608 2484 196
413 161 49
1027 40 996
727 295 247
1594 2505 530
2247 726 796
595 588 10
2402 2327 143
2089 2628 998
2433 339 141
590 1177 988
1469 1229 165
2753 1736 977
814 966 370
364 2876 872
527 2797 157
62 992 748
1114 737 776
212 2020 72
1851 468 353
2007 17 931
1191 2473 186
894 2358 822
591 2012 449
1644 2742 440
2175 1540 185
2221 1388 182
1676 1920 33
1436 2446 310
175 2127 474
2634 568 909
2198 856 419
2005 2362 723
1351 2378 682
845 1838 955
2282 1803 934
2662 2311 733
2845 2812 836
2555 943 701
455 2988 812
1794 450 582
644 1111 619
2538 2291 329
389 618 270
1785 292 481
2861 2784 518
2067 2229 993
221 2908 443
2948 2661 657
1359 270 361
1829 1647 162
1170 2676 52
2623 1161 783
2255 2092 197
1198 671 350
430 725 80
1526 366 382
88 2352 665
1073 2285 966
2837 1963 232
587 2777 38
377 2200 97
2323 1021 827
494 1149 834
2941 980 483
1353 592 675
578 2217 358
2570 2385 572
1217 1234 964
1331 322 674
873 718 918
2755 345 171
963 1403 592
2492 2263 383
179 19 961
2221 2884 923
455 422 24
2914 2720 33
311 1854 217
2160 2920 687
307 1655 383
1246 2301 607
1904 1797 360
2808 2814 186
991 139 201
2828 1383 129
1614 1652 947
109 960 553
1191 111 932
2482 1493 673
1762 1698 885
2699 364 678
1900 2759 764
2209 2372 811
621 2669 289
1636 1878 153
2688 2342 616
2977 601 756
259 80 754
657 1982 841
1131 1908 273
1789 2384 576
407 2956 737
264 25 910
2131 1176 912
1523 1562 898
2027 661 140
1905 485 785
2142 1515 57
2112 1601 349
1042 1252 737
1249 1466 735
1772 1674 363
70 2559 731
1844 1916 506
2583 78 606
2 2736 843
2420 2556 276
2459 527 504
1316 126 906
2391 1501 613
2805 2444 633
107 905 413
1048 1757 478
2298 823 986
72 2516 633
1753 335 642
2777 665 184
241 2658 152
86 1497 608
1048 1488 672
43 1706 214
1232 2025 556
2285 2607 282
1463 1981 555
2949 2805 429
86 2776 541
1853 2856 844
1558 1644 244
657 1788 806
523 965 38
1378 1708 205
1479 1079 3
1840 2128 560
861 800 91
222 894 757
2136 2185 179
2907 2097 961
487 1521 939
1983 608 748
1652 217 223
782 1150 686
246 1248 64
661 1423 44
311 2538 71
971 1123 526
254 850 139
999 2517 624
321 738 647
211 1783 8
244 1546 998
1816 2459 384
1482 1592 333
2919 454 353
361 70 814
2381 251 180
475 2145 307
1717 1260 255
1739 915 320
2781 2877 927
2827 1739 78
2435 38 79
1716 248 107
2365 1116 805
460 1511 37
2739 2524 801
262 2532 948
1958 2804 148
1714 731 139
211 2207 137
2279 1531 923
1043 1040 19
1900 861 497
2175 263 909
1047 2539 500
1756 2232 180
1376 867 84
862 2618 717
2942 291 633
1593 2587 353
2236 705 906
1669 528 838
2961 652 257
2608 373 897
2754 2230 789
1756 1994 900
781 2228 438
559 2690 409
1698 1121 809
2407 742 265
541 2762 865
1517 656 429
2121 1047 681
1209 1669 804
2688 1408 417
2919 1280 542
1108 1977 870
1542 1526 298
747 1233 489
861 411 594
336 2648 180
769 1991 763
661 1304 789
901 1350 927
885 2699 445
2662 1696 588
130 1468 312
2927 1349 642
2031 1604 633
2432 1184 984
2663 430 942
325 769 973
2047 696 783
2135 684 654
1574 2504 514
1478 1072 290
1441 2353 517
2001 341 423
136 1206 781
376 604 267
831 1730 178
15 1084 79
2073 762 96
2285 2766 987
2381 845 154
2511 2205 751
285 2302 604
1864 1037 75
1977 2000 861
1475 574 638
2977 702 546
698 201 537
548 946 752
1171 607 381
527 1290 165
1420 2734 560
1637 2113 436
2161 1469 617
1217 1472 962
491 260 211
2843 1574 234
731 2494 115
2884 361 5
487 1136 149
2521 1336 806
2607 2684 898
903 2583 248
1438 774 235
1244 166 438
1263 1612 480
1356 2477 143
2660 2578 33
813 1571 61
2378 1959 784
1213 717 547
104 189 81
1277 2979 381
2808 1695 977
384 860 619
682 2296 145
273 2041 603
75 1141 613
1332 2066 938
2436 455 988
2672 203 247
299 389 786
2288 985 980
2870 2431 723
2909 228 416
1382 2942 900
453 555 816
1087 2183 617
166 402 875
121 2166 947
2291 1155 886
2413 219 235
1886 2387 61
1222 2493 668
2539 2313 579
2225 1881 372
2625 2978 42
1134 304 919
776 804 516
2343 2108 728
1636 2150 568
2175 580 557
2636 2967 729
2716 2705 871
299 1410 970
397 789 565
94 2796 153
1475 2293 908
2979 2485 147
1165 2597 951
1595 317 569
59 1640 519
818 2811 170
682 1277 64
2691 2116 425
1124 1520 721
2553 1762 309
1880 2401 650
1843 2281 599
1039 1885 291
1209 857 731
1839 224 662
1111 413 988
2553 1148 82
2857 1831 414
2941 862 380
1734 2252 114
2691 1942 876
643 2455 783
778 296 331
574 385 559
1924 36 139
1593 870 738
1915 2551 392
1462 2376 317
1748 2003 110
1054 2196 592
1567 2201 479
1392 1281 434
1124 2824 463
862 1811 454
130 2526 252
785 1668 429
1467 2779 655
862 1650 566
1074 369 581
1358 2547 871
516 1003 148
1091 237 502
2706 2918 853
2337 1213 541
2807 2726 762
2657 795 490
1218 880 600
815 1445 865
2772 264 258
2213 1342 823
2601 2881 814
2235 1969 830
667 2872 485
2408 2600 104
1049 159 586
1929 2157 330
1866 634 435
1536 564 421
2578 2850 545
1680 2273 734
1161 587 677
1660 1754 834
2911 2056 420
2732 359 290
2224 2007 330
703 2031 946
2630 2042 974
1897 1035 169
798 120 288
2676 1064 762
2803 2300 190
2046 416 683
2740 2220 268
1645 127 178
304 252 448
1889 377 286
505 163 667
1931 1824 401
1628 947 97
2324 1882 234
2064 578 681
1217 52 947
1596 1399 266
1868 1088 590
1467 858 334
264 2163 663
881 2365 630
629 1990 524
2040 1394 994
1205 2921 221
1949 1819 808
2820 766 419
1332 2562 387
2823 2023 156
1828 1379 132
1871 1310 951
918 654 566
574 1984 98
1466 1588 713
1881 1404 75
1356 1715 307
821 977 833
1674 2451 593
1249 434 359
1680 1862 339
1294 2214 161
264 2500 877
2837 191 816
1483 410 924
1114 1193 30
1876 546 961
739 1728 73
1783 1038 48
1240 234 436
806 1761 381
19 2807 190
2682 2469 958
483 1318 484
1074 615 652
1260 2896 729
1730 2188 837
2750 2254 333
1329 9 461
144 1914 848
740 925 172
330 2180 687
1768 1337 444
460 443 229
1714 2522 231
980 172 286
2874 329 75
1715 2498 571
196 1055 62
2894 2964 777
549 1455 229
2772 1218 446
2947 2645 563
1244 1268 807
2662 865 475
807 941 676
335 2574 348
873 842 705
66 1863 33
2442 1666 440
1386 2901 28
567 1056 641
265 372 332
2113 1267 843
800 1195 768
251 2999 327
336 1250 679
306 1006 394
2610 1625 886
1872 526 927
1049 2192 134
1082 710 750
2561 1506 449
1993 1194 481
2931 875 452
2108 556 954
2351 419 942
2489 1387 871
6 244 663
1733 1361 603
755 1276 250
2734 12 376
1402 543 561
2509 1183 265
1157 1980 547
136 2449 838
2809 1165 235
2621 1496 443
1022 2377 109
1798 2004 495
880 2005 596
1384 1781 511
2034 2944 644
2598 1181 138
379 714 467
566 2319 761
1129 1901 560
502 2732 332
75 521 146
934 71 499
1840 910 155
362 1922 416
412 1867 581
2734 261 748
95 1704 805
890 969 656
1489 2107 170
2796 184 838
728 471 910
1064 2457 38
2778 1363 673
1544 2536 808
2163 1667 680
2302 1050 807
663 586 146
2232 1378 57
528 129 173
492 2101 365
2285 1537 630
1353 1965 290
1260 1101 139
1842 1635 166
2617 475 913
1506 1211 880
1841 2724 178
1722 1611 163
1171 121 598
2762 1482 33
1319 265 383
1544 1832 937
2310 383 727
2242 1012 496
2307 2249 158
1803 2464 544
2107 1538 271
2450 659 126
66 41 536
1439 1020 409
2086 1190 682
269 563 279
941 2935 530
1053 2466 357
1440 2240 583
175 2854 227
111 254 339
1359 2603 897
2607 1664 157
2119 1242 214
651 549 338
1273 591 865
2821 1724 128
1697 284 857
2262 32 726
2657 1160 109
2392 927 357
761 1174 402
2503 2543 727
1649 2794 458
1697 1265 620
1602 2084 615
682 358 64
1716 2213 733
2626 2175 295
2918 1627 190
2010 1169 515
754 2788 200
2399 318 444
2571 1102 936
326 415 145
384 1334 597
1608 1852 840
68 1701 66
264 1505 133
1031 936 406
2347 2702 145
1519 2889 751
1263 1045 790
1858 1221 798
1841 569 732
2909 1204 194
2379 1766 667
2425 687 891
1766 426 361
1204 2916 366
652 2663 170
2799 1575 268
1413 1164 21
1776 1915 251
1608 288 230
1026 1662 228
1100 436 417
673 595 68
2941 1158 292
2089 1727 8
541 878 736
258 1446 318
1783 765 110
1170 2822 877
481 921 642
1360 918 655
2571 1719 614
2741 2412 87
1616 2962 926
2232 1273 717
2675 2507 297
2986 692 74
781 2189 685
812 2476 153
1164 2149 358
2185 1471 442
2600 2927 80
861 686 142
1604 148 904
1513 2644 309
154 732 859
110 2159 217
2460 2348 550
1119 929 112
1204 844 185
1119 338 325
1503 2211 884
2722 898 583
2005 56 722
1043 238 642
209 2305 197
2591 1868 482
818 2707 64
1221 544 961
1234 1243 282
159 1769 851
1101 976 663
2222 101 798
2288 319 643
1852 2818 340
2443 1042 815
2230 1235 224
2219 793 983
1937 1029 242
1741 1449 534
2136 245 659
1444 1791 917
1935 570 351
1505 42 905
1256 1535 213
1870 1299 972
1767 2985 718
2636 1529 988
2382 351 875
1781 573 376
1734 2306 254
1219 1457 725
752 2888 496
2048 2903 275
2073 2688 423
1388 1163 998
1085 1560 972
959 712 698
2016 2294 361
1317 1712 441
740 2253 67
2192 623 360
2821 2870 356
121 1207 65
1716 1608 37
1808 185 915
1507 1794 835
38 2819 722
1428 655 907
1914 187 675
2752 1723 661
1900 1958 1000
1091 1397 393
1758 183 856
1074 621 932
455 2018 617
1507 1464 158
843 1843 415
2691 1090 566
1440 474 943
70 125 269
2986 1830 747
1795 2367 177
170 1837 87
228 2343 243
107 1970 469
1441 1589 488
2234 1424 243
1111 2845 896
1717 2435 292
1492 841 177
307 831 497
1704 2974 577
605 1971 307
492 2398 281
652 460 805
481 968 403
2509 1258 707
1033 663 854
2472 1293 935
1129 1344 349
719 622 836
190 2871 650
2279 55 925
815 1884 692
711 472 438
552 863 722
31 233 169
2598 1418 817
2482 1271 991
1874 477 368
2027 2982 10
880 30 12
1839 303 117
896 566 951
552 2368 898
1403 1032 262
1162 954 715
1458 2117 889
1247 221 480
2617 8 457
151 497 965
2291 1282 53
1865 1256 653
2951 1842 552
537 2193 73
2036 2299 176
815 97 243
1689 959 954
2897 2186 715
2636 11 347
147 2404 99
2321 990 54
1237 2243 709
1245 783 364
573 2841 900
669 119 422
554 229 786
2398 2137 724
801 778 700
2478 1082 351
2183 2138 561
2378 447 444
2622 5 207
304 1912 929
1888 558 667
814 2728 245
2662 897 832
657 2304 712
2747 88 426
548 2479 244
776 350 946
507 53 319
455 2846 864
2521 362 685
144 2073 951
1306 1594 442
457 1536 893
1555 1134 96
497 1460 943
1841 2405 320
124 2940 425
285 400 379
2011 1108 638
2874 826 732
381 323 562
1937 1489 235
489 2068 88
1676 1013 22
2511 2103 396
471 1474 873
2436 2864 438
358 134 714
2505 1094 48
309 2297 171
2360 978 596
2579 1333 340
211 1483 160
1914 1752 190
1488 2187 788
1826 1966 417
2923 2139 896
1753 901 776
237 1089 614
1661 247 499
1478 293 132
2637 1355 173
2877 2340 748
2481 1069 923
1507 1855 707
1558 2647 906
1742 2154 753
651 2336 694
1517 2928 494
451 1107 576
31 838 444
2436 1919 773
1074 2521 1000
1003 2747 363
942 2894 532
68 2051 295
1207 2738 862
1697 387 208
2065 2395 286
1681 2858 458
1677 2206 952
2163 2392 606
608 456 19
2824 2795 690
1552 2696 531
923 584 21
460 1809 677
2381 636 752
2473 167 434
2435 481 533
2773 516 299
1253 1440 78
1997 2550 279
1250 2991 750
25 1866 389
246 2625 356
2097 2074 109
2378 811 743
578 903 211
2168 2660 646
222 2408 10
1871 2613 919
1946 2052 595
2689 701 597
952 1071 669
305 545 553
2083 1412 149
251 1779 968
2566 1621 992
2101 2880 967
1511 409 464
1676 239 175
238 1801 516
1542 627 43
843 1286 890
1931 620 407
544 2868 532
1894 2832 580
664 144 353
2210 459 236
2759 2711 734
2180 2786 500
1863 453 118
1540 2995 526
299 1375 832
996 2104 763
1420 1975 969
810 835 59
2953 761 717
1936 2284 905
2811 741 511
397 1376 201
2932 2355 851
1756 2105 493
1166 2039 478
1672 2295 422
2852 1543 454
54 1744 85
2672 794 525
1260 616 473
410 522 571
679 523 321
782 449 615
460 1301 778
132 1822 319
1612 1800 129
1642 1289 371
1987 949 207
318 799 321
518 1636 53
2316 589 133
1057 583 952
849 381 732
1880 1498 291
778 2712 143
731 730 418
2210 1227 537
1710 2611 533
60 1295 841
2484 2577 34
2347 1943 442
778 2836 629
491 822 341
1253 368 990
1423 2024 178
2938 713 867
1020 478 436
1905 963 3
111 924 884
2170 2972 659
2573 1934 774
2925 2022 131
872 2141 150
1001 2096 386
1218 336 473
1431 2462 907
2235 2987 213
473 538 379
623 1512 600
1319 699 853
278 2287 238
1606 1557 333
509 2380 366
2622 1927 668
2148 2177 190
1222 2640 304
801 2898 445
1215 1596 778
2663 1019 982
2613 2904 191
574 226 782
2952 2463 490
1256 1851 973
1262 1484 429
573 354 850
609 458 6
2843 1372 471
2007 182 302
2493 2162 345
421 1836 482
1761 1452 884
2899 2893 119
2394 1225 94
1482 2642 57
1887 360 770
1642 393 985
2491 1005 23
1829 691 349
510 2830 813
1900 232 661
728 2861 262
2918 1610 860
2706 1623 409
2988 763 759
2213 2465 18
549 2948 765
2240 967 731
2419 2140 715
2773 1642 772
2737 2079 691
1215 290 937
2329 1098 133
1114 2817 676
1178 1568 139
1987 1616 362
991 2834 369
728 1153 991
2386 2453 133
539 50 258
1798 1573 131
1831 1778 925
1507 1039 740
1840 2001 523
1012 390 251
1717 1565 240
438 2659 776
1835 2067 19
2778 448 480
1317 2472 839
1492 1903 996
1173 2970 722
2544 1246 944
320 979 854
2931 206 112
183 1185 561
1429 711 772
2989 598 607
1780 2708 80
802 1459 851
431 65 105
2175 1874 937
491 1133 851
1894 278 656
1649 138 495
1730 1366 439
2154 2030 465
809 1312 105
2941 2886 708
1128 15 166
1886 1539 107
2554 874 572
1408 519 789
541 1431 830
1591 118 578
1858 1845 41
2169 827 44
2781 1262 467
2213 311 971
2778 179 614
1904 2990 231
604 406 401
107 1992 703
1024 1288 503
1833 137 686
1364 1022 754
209 1156 156
1259 2528 744
188 2283 445
1676 596 833
2142 617 547
826 1011 441
1173 2905 883
664 958 729
510 2914 589
2913 473 821
1823 630 880
1201 547 508
2164 1587 229
896 748 42
1249 2308 778
988 1733 220
2357 681 377
809 1741 934
2888 2002 47
679 581 298
805 1925 258
2261 1294 429
2476 2054 14
1407 2529 124
457 2748 982
175 610 108
1604 994 713
1608 2579 588
2229 817 545
1162 424 185
1407 69 977
881 1875 793
1098 46 307
60 2561 193
264 771 259
1672 2194 602
1351 1972 57
255 514 342
278 1545 635
1035 2427 595
1110 694 653
92 499 850
1426 2499 651
854 432 165
2826 1749 2
2939 756 428
1025 2588 36
2322 330 142
2494 2222 173
778 2430 236
1218 881 247
2639 2986 454
1065 2144 769
2872 1297 967
2887 2860 757
1944 1590 432
1886 2354 96
2341 859 227
89 1159 615
1916 1063 529
1144 892 706
2339 575 17
770 47 23
293 2873 921
101 1450 493
1661 310 345
1075 2685 69
2555 1643 726
1343 934 649
396 1807 679
132 882 113
1597 895 854
1877 792 714
2650 1937 800
1938 495 19
1841 346 787
1418 2471 383
621 199 526
2941 266 109
1854 1532 570
795 1534 271
745 638 374
678 2801 846
222 1025 742
199 603 630
2007 2602 153
2089 2855 40
2907 1095 14
1203 2433 84
407 1100 757
664 92 267
1596 1760 670
1909 1658 457
1907 912 822
950 1720 841
1507 2761 285
2366 724 257
2486 534 528
605 2838 286
1558 1451 160
2005 2910 170
1207 333 296
1143 2992 745
570 2357 86
2270 2689 378
960 2763 955
1730 945 313
1603 2341 719
1111 805 746
273 1931 791
822 1844 163
2622 2382 172
2495 1827 653
1976 23 734
703 1823 488
2693 2121 693
1489 1510 389
1835 2447 240
2127 1291 270
2821 2682 499
264 1654 239
1464 1381 649
2496 1671 550
275 39 902
1166 1552 711
775 1426 604
1325 2793 664
245 2545 85
1181 1670 649
2829 480 554
1054 571 859
1664 1784 386
2677 2434 408
1689 1187 147
2772 664 568
881 494 592
1298 1910 517
2473 2907 763
2528 1618 759
1931 412 595
1971 230 632
1119 956 482
1958 1998 847
2989 2061 199
2958 1224 418
557 1443 378
2860 1043 756
372 2369 205
1460 285 657
2828 242 871
906 1135 354
2677 536 846
2766 632 674
1203 2616 595
658 1219 275
1475 1949 49
2678 1859 664
644 1018 652
555 300 432
646 916 254
1776 2047 517
1367 2897 121
1742 190 249
1733 1661 36
766 1463 502
1863 512 337
56 1663 94
1075 628 685
982 1941 800
2298 2906 941
1830 2332 875
516 2241 400
2142 2879 859
2190 1034 180
2745 779 415
1007 2666 184
2999 1732 287
1508 54 812
1506 10 120
2394 1364 238
2138 597 570
2479 2771 618
1596 1368 3
965 2541 717
1809 1582 422
977 1561 613
1803 2560 582
921 1010 42
2083 2575 345
7 1171 145
280 984 125
2289 1390 407
1075 1935 30
2511 2802 231
2932 645 947
1234 2034 7
1232 2810 652
62 2497 780
1776 1759 236
1074 1354 273
2434 2847 215
889 82 720
880 1491 137
1020 2391 697
2999 2397 448
1467 1343 671
1267 2582 811
2309 899 821
1074 1576 104
1119 2415 92
421 678 77
2091 847 169
2946 1802 677
570 2062 251
1040 2158 497
387 1499 91
1042 1805 513
1166 1048 773
260 2242 922
840 1684 189
1938 2534 786
512 2370 473
1535 1613 78
1217 1691 583
2203 1475 375
2553 1438 203
1437 2100 503
1479 1068 355
2398 1266 89
580 579 83
2547 2975 1
41 1548 908
1451 911 273
809 384 740
2472 1962 872
1681 342 926
1206 1374 340
1619 1964 588
20 2373 696
2028 643 245
1033 2965 276
2456 195 955
1264 2770 978
1613 2334 900
649 1254 92
1420 1581 261
2415 2019 159
264 1244 215
644 256 411
60 2752 212
2579 2572 27
2337 204 104
580 1748 880
290 1906 596
1505 2221 368
2482 1740 130
1317 1217 691
60 2739 529
2573 2655 142
2105 2216 2
1062 2919 8
1506 357 84
948 1600 655
1354 1703 798
2579 1815 154
1853 1326 866
2648 1780 197
2539 2875 437
1897 2994 429
2530 675 894
1562 1406 788
2027 1137 16
1489 506 260
320 1416 370
736 1120 209
144 1328 845
2152 2269 234
33 72 398
2442 1307 228
1402 1609 988
647 668 980
1421 51 462
56 697 204
128 1086 64
401 1579 778
1915 2134 310
1835 988 748
1941 715 192
2214 1420 740
147 819 855
1896 2632 466
281 2781 417
334 2106 933
2026 2686 445
304 2857 695
888 227 856
320 1952 503
972 1296 47
2261 1360 942
2612 553 314
1926 1812 769
1831 798 437
66 1580 149
2250 2347 413
1222 421 160
1407 2289 742
2951 2307 675
1585 423 61
1217 1680 584
114 2480 604
549 2239 156
1036 1726 334
2662 2785 431
107 1676 903
1642 1144 621
166 1721 586
705 68 645
1709 3 715
687 99 943
1012 1872 650
1751 2265 85
2023 2280 400
1866 1743 867
1717 2662 485
344 2325 479
2109 2740 632
2091 2639 700
497 2718 349
2778 2257 252
1714 2714 729
1727 2026 211
429 375 186
1231 2441 842
2301 935 373
705 2792 300
2688 1093 666
1897 1595 292
2830 991 327
1280 1236 848
2852 1818 560
1298 1517 150
2401 797 819
851 2383 230
1559 2599 884
2928 2635 530
822 328 446
2018 1480 902
285 2161 952
904 560 374
1951 215 170
1159 2677 730
250 2080 485
304 2890 594
2539 2495 550
1135 463 163
1159 1492 991
2309 2043 489
799 289 147
1600 1238 315
