100 50000 10
30308 613657218
6836 195021088
17764 851335691
33936 669439029
27823 931445714
16727 833825214
23471 377801674
10058 659505766
17594 377127511
42806 370219004
23620 427107946
12263 288583079
12569 91349500
9410 84380379
47933 725994304
36480 627348937
49744 144238893
2750 343441906
32476 194553246
40340 706823007
1406 771633950
25774 159280304
18544 983727512
31833 494553346
31742 626369319
42250 350173379
37409 114141644
23620 119152828
22465 616292558
28176 205317187
17350 907065210
43350 42243966
9696 829757111
23689 8204492
2521 44279118
40690 618365856
1423 50409745
40743 319480306
33022 996545576
40811 841267558
30638 821018869
33701 153777090
15493 464627341
8573 367096429
31537 702945216
28957 857758566
27015 508061131
24022 467317347
33326 191677893
34235 319132352
17565 912931070
41188 912787359
12510 996547684
30366 165581558
42943 489990694
7737 552956328
8873 994064889
35279 209613384
24301 641633537
28367 664626858
12321 984454566
34048 25297132
8849 131567884
17836 950069008
42197 488609940
25718 847396913
7828 227084538
45493 699870621
17898 154820177
14853 576604593
17129 839799795
3048 784262835
14305 559367100
21455 430937726
29292 529421198
45620 205472296
21448 95205147
29996 204937920
15732 515928102
15530 873564208
3177 825112071
29081 676468033
49196 363206477
35235 945553313
42799 901182114
37470 514341991
32892 531188757
17066 782222896
20045 718955876
30811 573980360
37952 579302566
18968 89844090
47198 450370263
22636 867276552
5214 257270610
23829 373318425
26853 709590917
3958 208435008
29775 121888109
43524 25793285
