100 50000 10
1243 676781086
488 552417375
690 111193300
1319 133715579
657 884929707
1552 303142768
1335 875289294
231 59091727
876 346129981
1080 797732609
259 530419411
327 956972202
845 854174380
1227 849929007
1216 49222396
642 931996057
706 30374657
1680 191099141
309 2418172
1523 484241114
1611 665422405
1749 592217999
584 849325936
1983 452093058
803 32660892
708 837249819
1539 43404960
986 975857924
1393 132431703
1030 74161811
523 327557520
510 154388105
348 463904868
1764 431419151
1795 564962774
123 310725374
1689 778292506
414 918440644
877 732615875
775 73871049
1228 819769627
1297 931698180
1096 409783399
1264 572375639
853 487860888
1797 939637687
523 516226232
910 487805559
963 525620036
1707 234941863
324 827876096
1023 495595258
41 58213831
685 285394033
1721 962296253
395 296673947
1294 749671003
639 287052447
402 712337906
1693 63390248
1603 99060917
1923 651026537
92 706350126
237 139612110
1548 972452683
1089 157869884
333 735851749
179 78089729
1997 930537851
1848 13044323
317 807235046
203 782959654
1612 277158250
1777 535818088
1001 572059226
1883 740221602
1870 129551250
487 414531485
768 865682139
978 148456152
232 759460844
311 695192678
1287 510365931
1002 541892503
439 968229623
1315 767691429
19 259925137
85 113169709
1467 918807070
1082 604702019
1043 808871591
342 206413114
1177 810165010
421 115809786
1140 596616580
291 994985956
1187 109906529
860 156526126
1904 829788098
296 244908489
