100 50000 0
1107 844942741
1400 195333213
3559 678343377
4794 754905821
4292 511226479
1236 128797500
36 537735956
1614 364522623
3019 497023865
4644 329083255
1440 813497991
1759 467046337
834 115279847
4234 732386434
136 287259914
1162 879374984
388 467084730
4829 132601134
3560 782863968
4715 409307576
887 881411912
3714 918208654
3137 903403165
634 576128626
1988 961970721
3052 991182945
2774 394129490
9 592682220
1517 761350363
1361 27775853
4707 418783538
4030 607936256
2544 498354283
1870 971104410
483 660077152
297 152883496
4761 740737550
2386 643608674
2847 604509809
832 926059445
3404 277681114
661 106245111
4737 837141870
160 571764846
1430 764249355
1699 735428033
1339 189395937
551 490107540
2639 19179449
2678 741449288
3736 786719671
1493 278088741
3753 785036796
3998 579712141
4658 220795274
1158 562354751
1940 388473796
650 517666602
1492 664608463
1406 156498746
2872 199279486
2311 35448967
4812 58648774
772 964809595
1861 602177085
651 49302343
910 608659250
2888 683507087
1702 185631105
2270 902782632
65 437384267
2012 605128511
3774 195214955
1094 630746823
3966 95518742
4880 920908652
1219 185718882
4431 227159449
606 783982138
2265 124788827
4905 283316817
4850 24861340
2125 121547915
407 652766946
705 689641106
1020 485897579
4947 917477335
3360 197151349
4890 799728321
797 732115812
922 595150755
4388 866944275
803 20326552
1264 939941017
2302 915221498
1803 328024303
2745 101362751
4107 720745070
4972 520525687
277 342611867
