100 1 10
3 728854176
2 886151933
1 123171449
3 884315904
3 595243523
2 962753160
3 943551057
3 609608485
3 403462842
1 849674361
1 640765304
1 592974863
1 263706765
1 76398415
1 37471994
2 527262278
1 798570105
1 665149819
2 148685908
3 752721933
1 781839441
2 856270758
3 852706508
1 730060512
3 419813084
1 19667799
1 978421545
3 57735923
3 747004309
2 37622454
1 36429513
1 744490382
2 149694477
1 134014710
2 666166147
2 695685099
3 282281109
1 745432505
3 386067502
1 809469008
3 644338931
2 492472976
3 857914333
2 224654620
1 43145724
1 624016005
3 97011781
3 883310437
2 890917941
2 242595463
1 9999064
1 430669174
2 533676495
3 222919758
1 508134641
2 124521792
1 918955079
1 922358012
1 43025088
2 268360725
1 819378417
3 353921767
2 681864593
2 324621205
1 880954132
3 379525426
3 866738410
1 774854329
1 488560962
2 190046382
3 322712295
1 228073172
3 812275854
1 217842979
1 33875813
1 124127843
3 154544633
1 968141490
2 569579906
2 2935306
3 82536904
1 622055955
2 900267150
1 860627168
2 680565068
3 987912479
3 515071425
1 366256681
1 697389340
2 770936279
3 884926386
1 971984193
2 691466691
3 669620210
2 432510705
1 478704026
1 359167790
2 406243780
1 420581644
1 134283025
