100 50000 10
36907 1
34368 1
23579 1
15878 1
14832 1
19963 1
10436 1
33995 1
4355 1
29634 1
16970 1
38585 1
49232 1
5436 1
5323 1
12171 1
12830 1
9826 1
21334 1
42245 1
9574 1
48946 1
47608 1
33665 1
10670 1
28229 1
31002 1
13094 1
49516 1
44616 1
5644 1
31232 1
39537 1
21345 1
7108 1
3688 1
14271 1
3325 1
9602 1
11033 1
23933 1
21786 1
658 1
19969 1
38533 1
32019 1
12245 1
1775 1
19929 1
31340 1
1834 1
17579 1
34708 1
22494 1
24784 1
15859 1
24623 1
36407 1
24274 1
32799 1
24280 1
34514 1
42042 1
27856 1
12122 1
45679 1
8917 1
10978 1
38509 1
20653 1
4943 1
7756 1
48351 1
45532 1
25898 1
16828 1
43511 1
39461 1
14803 1
1086 1
35856 1
36924 1
14198 1
33494 1
32486 1
48370 1
48060 1
31603 1
18381 1
8546 1
18138 1
20705 1
40397 1
4494 1
45495 1
39160 1
38861 1
42304 1
38384 1
38049 1
