100 50000 10
30001 1000000000
20001 1000000000
20001 1000000000
20001 1000000000
30001 1000000000
30001 1000000000
30001 1000000000
30001 1000000000
20001 1000000000
30001 1000000000
20001 1000000000
20001 1000000000
30001 1000000000
30001 1000000000
30001 1000000000
30001 1000000000
30001 1000000000
30001 1000000000
30001 1000000000
30001 1000000000
30001 1000000000
30001 1000000000
30001 1000000000
30001 1000000000
30001 1000000000
30001 1000000000
20001 1000000000
20001 1000000000
30001 1000000000
30001 1000000000
20001 1000000000
20001 1000000000
20001 1000000000
30001 1000000000
20001 1000000000
30001 1000000000
30001 1000000000
20001 1000000000
20001 1000000000
30001 1000000000
20001 1000000000
20001 1000000000
20001 1000000000
20001 1000000000
20001 1000000000
30001 1000000000
30001 1000000000
30001 1000000000
20001 1000000000
20001 1000000000
30001 1000000000
30001 1000000000
30001 1000000000
30001 1000000000
30001 1000000000
20001 1000000000
30001 1000000000
20001 1000000000
20001 1000000000
30001 1000000000
30001 1000000000
20001 1000000000
20001 1000000000
20001 1000000000
20001 1000000000
20001 1000000000
20001 1000000000
20001 1000000000
20001 1000000000
20001 1000000000
20001 1000000000
30001 1000000000
30001 1000000000
20001 1000000000
30001 1000000000
20001 1000000000
30001 1000000000
20001 1000000000
30001 1000000000
20001 1000000000
30001 1000000000
20001 1000000000
30001 1000000000
30001 1000000000
30001 1000000000
20001 1000000000
30001 1000000000
30001 1000000000
20001 1000000000
30001 1000000000
20001 1000000000
20001 1000000000
20001 1000000000
20001 1000000000
20001 1000000000
20001 1000000000
30001 1000000000
20001 1000000000
30001 1000000000
30001 1000000000
