100 37777 5
1199 683615286
1233 727763996
978 929409796
1011 924100280
1175 814408150
936 924915707
86 733840197
224 308523900
1447 217275919
1434 204894152
487 642983435
865 97945883
1272 129249446
1105 113246291
871 638290261
1167 783922748
679 521980456
122 126445916
860 6408813
903 721795317
822 182214439
1162 604040035
605 6386283
1233 735705499
1018 927856395
79 569524464
555 854286977
630 153200203
182 790286988
1387 187809244
1163 890039632
1172 738398392
241 53652182
913 999333989
1163 312494242
803 119199406
504 422960585
168 523806325
61 678614325
1441 348134614
1498 754916387
1177 732629374
1105 752179683
437 604813057
625 604622322
514 119508534
1356 181814280
1188 766853484
1352 743312349
1226 385150757
892 373886908
800 258109432
480 971831301
1374 718557611
1047 734962641
120 298596721
958 464833475
1124 110956418
522 388924666
1361 331220056
1316 447165892
648 678115591
1421 875683823
820 917791060
1069 566873743
1331 730234066
172 578443128
504 403951423
1143 173842771
1039 67153047
981 547105283
1440 235748884
1331 725457463
885 849687975
1495 145652494
971 864721987
1379 796860515
293 503349023
1327 340129729
1494 426935637
1443 790402640
1356 529141213
71 927572863
143 911418733
1033 738937564
189 238588464
306 532778023
1123 308947062
116 843075573
467 474413349
1225 781459118
162 870609556
1164 536543904
127 415877314
1432 246186030
198 448169008
1431 465962717
694 563115586
832 493756557
1110 723882847
