60 50000 10
5723 108305280
12612 643348296
10612 276949372
45697 457200717
21953 756971725
26461 403229530
22860 907496059
20597 678066878
41334 780085123
24705 224379871
24301 152855833
45376 971271111
35016 382877367
17092 850220727
30506 814128977
5841 611758590
26568 519984170
26388 739448692
33710 17053665
30277 167407345
34120 85047383
24584 859943119
5944 797691331
21589 160768997
14287 872191243
29820 566987780
1229 607796389
40362 372578226
33851 981153839
4354 355063058
35809 879465732
7824 461856306
38610 7225820
9352 3941145
35763 832315298
16668 152039625
33268 583306113
7478 638188253
12954 939774855
34172 937117215
6188 563980469
21663 978408750
41085 944672116
19551 619010795
1379 334803744
42105 734877097
42525 288539271
5730 627918419
11122 413121690
21088 101948743
34775 455074130
38798 413861089
6365 267202657
6318 118483510
6434 430247545
2630 459235696
297 507936117
43102 71045170
23020 95202890
43165 281292452
