100 49999 7
40885 186396631
19353 684458134
4492 544738649
34776 497142523
7808 656975378
25340 255013584
20735 931785903
13929 793527229
1011 812878208
46152 268302554
30153 613461401
21031 179180198
26631 750568454
24084 605073086
13373 257451739
21717 579361610
14684 746990433
5935 444800362
35937 26927420
4234 771064352
21952 266357631
20821 479034818
28060 653986229
27043 443202307
47362 353540774
25012 444243930
3687 606159455
30883 61521749
13054 221757343
15822 748919413
9663 206638244
39192 983735819
30664 18381274
6968 949669464
9341 959310288
35504 896265147
23910 640517722
32294 659593446
45808 4015022
48337 854306127
27986 296472816
32228 754568143
17430 111932666
5136 20098315
20472 35399370
11632 398951949
11566 644011044
27676 832412656
13680 683724161
44047 513377871
29934 796095001
28766 512658834
12160 862030252
9467 999717194
4355 220114803
19216 701970601
37819 456688541
20498 438889573
27466 580158367
45407 443825964
8399 520032155
11787 957512127
16666 132348081
41406 446241698
5683 811595395
12461 87710084
5089 956734243
11150 197458313
46752 518219761
36118 561994431
39875 291210733
14070 382907615
9275 456206657
24775 291922587
6619 477441678
5036 563876805
29529 879155257
6981 8619885
30415 704646728
15443 265883015
2848 584907634
39268 701805510
22600 691867364
12155 487861655
13925 452853291
11080 789847154
39054 869734343
46649 309581846
22533 882874736
49849 547143980
36846 161909907
21265 43493410
32144 689401436
5964 142906568
16020 500740287
4343 391705515
16197 111198350
31620 707728301
47132 789246437
37739 900634368
