100 50000 3
90 576525766
160 337753150
918 769697179
453 669010733
878 897484642
698 250320025
717 932864228
199 300219251
192 845399703
466 306356342
406 762877695
691 662616505
954 155850235
900 917119154
826 204225083
651 278581229
367 443461973
425 863772731
798 499479409
352 558462378
521 863090115
449 463480291
93 508030677
744 49512097
19 658527840
107 530476951
475 254321964
61 647546484
64 989454170
193 995163309
319 650540359
32 767958130
842 186133510
999 662781720
774 683518253
921 189188244
150 367274261
735 781032636
286 569828141
487 436191579
361 616968114
156 637110981
528 826585259
719 542031560
898 361643861
225 340238250
902 807789008
918 771712291
996 742375539
781 740806647
749 350311804
206 698839112
970 248105366
348 456126517
588 775706236
901 853480751
265 922700102
369 54254501
847 484800279
811 911141438
98 716473194
954 733450648
704 870009240
314 765302321
772 520952812
47 804768291
208 335924533
874 789894785
620 565524310
74 788180256
663 892751939
762 406110094
947 26782965
364 241884124
667 636170923
570 471121738
464 983635534
842 757119175
669 940555433
476 182785002
406 73259544
127 371093602
862 488061756
41 511359453
21 591464832
603 476377190
737 974928908
40 273382265
132 449868410
171 594019672
736 960094934
45 452234430
837 816394980
20 900790677
25 878490990
209 827084079
133 908393525
969 770450227
577 475908865
772 725170593
