100 25000 10
48 303088830
7782 551632423
7573 376416044
1771 22711442
7460 460370672
398 782269646
9880 500299027
6509 900078812
3360 608723901
7011 868692234
171 246337940
6492 368308108
6707 29307874
6134 18675165
2510 813914758
2675 456151935
3220 870957017
9827 747107890
7001 494279021
7589 991667949
2437 944814006
5945 755524846
7260 726497217
9890 982317265
5974 843478557
119 102773956
1616 172366633
7279 841560083
7484 888625507
1391 532402275
690 746871937
5137 273647173
4436 852577551
9972 788685105
456 908121278
4471 689904104
5589 290530892
9729 629388547
3818 371921099
3451 798938126
8483 891862839
8091 723617371
5559 44951997
8541 795364968
9678 661376907
8750 226660924
3469 995228617
5084 858738768
3708 167058317
6484 427165620
189 679454167
5257 944564490
1042 724262051
3331 73622389
3954 492670965
5649 973736307
9244 590632743
5807 424317669
2205 490797193
1488 583896686
2825 787962145
3928 227703618
7533 1778333
3388 646430885
474 48002571
921 23666861
7489 364176206
8965 734990184
1710 828645205
5921 107749255
3203 848836975
4085 396245757
1749 640471743
8530 306080982
8871 148836158
6959 354588848
4858 909640686
8935 36894228
9257 939793598
5009 29587744
368 798803958
8328 58856543
9212 903628547
2839 314012277
8316 543056572
4463 144536545
6867 681294588
9876 769445858
7537 359869452
9200 407010627
9176 225199548
8249 556613008
8138 431189438
3490 828975057
1399 915935897
6243 261976264
7535 348195326
2010 493610575
4545 303225369
2074 366430202
