80 50000 2
41980 888492662
28856 3094642
46095 823520432
4350 774968985
9996 545429981
1464 780628668
29075 71423979
48921 998144834
48891 331103330
36821 651324766
38153 385194204
22480 288844596
25263 585090181
35702 996373516
17563 91451531
33791 816197208
13647 635855195
35946 56096579
5008 183973039
21135 208439596
15704 253458945
20874 356274717
6273 244404560
35623 165930632
10073 789522539
24921 892994046
38871 988048450
49269 316043058
10045 215369625
37925 708560486
21477 10305090
42672 2900158
45397 361923516
45195 998342925
7519 405244362
7874 208651505
14161 969584015
28828 753345782
36018 823760054
44672 379196653
22579 966966618
29030 337707725
41373 328104571
42647 975840540
33738 66654854
45957 861971870
19184 571287846
42777 856220710
12640 853947292
49799 47214042
31523 366684451
17359 125387615
39331 712449638
22110 621316480
30226 823041996
3254 237489611
4155 9205927
35849 624675175
26737 188485783
39031 905604776
39254 636023543
49830 644605261
34698 221264014
27851 503857492
8612 276816313
47037 756951416
31446 592418913
39330 14512183
39752 488507877
20020 564925363
21769 508505377
36135 429487096
1281 857495474
14547 552309232
36418 89783700
41739 171897049
28841 407147390
23603 861118203
10280 580185839
1212 927435699
