100 50000 10
46165 999999635
42620 999999279
41089 999999943
48943 999999207
40853 999999993
48365 999999964
46881 999999875
49139 999999540
40951 999999217
49634 999999211
46810 999999549
45616 999999775
44391 999999806
49071 999999036
47303 999999275
44970 999999612
40409 999999202
49137 999999219
45913 999999574
43681 999999408
48729 999999462
49028 999999495
49282 999999655
49634 999999810
41330 999999592
43789 999999711
46859 999999513
47914 999999556
40387 999999366
49299 999999414
49920 999999871
44251 999999056
42157 999999706
47244 999999567
49315 999999875
47281 999999409
49195 999999973
41358 999999218
48119 999999495
45019 999999367
41138 999999158
47847 999999667
47281 999999731
46870 999999410
44069 999999522
41476 999999262
40331 999999142
46223 999999627
40544 999999173
49011 999999367
42254 999999144
46914 999999670
48039 999999138
41780 999999883
44242 999999407
46198 999999435
46105 999999832
41753 999999316
48871 999999862
47843 999999814
49999 999999045
45474 999999253
47628 999999103
43586 999999595
46537 999999552
44083 999999279
40576 999999747
43905 999999170
45022 999999124
45850 999999180
40429 999999897
49669 999999366
47588 999999678
43439 999999820
41766 999999457
44100 999999590
41275 999999466
40582 999999456
47118 999999257
44224 999999898
49399 999999822
42426 999999908
44408 999999798
47997 999999946
43532 999999779
47242 999999165
43996 999999937
41081 999999866
40803 999999841
43607 999999140
40822 999999537
46664 999999845
48607 999999181
45806 999999615
44139 999999429
46993 999999122
46920 999999907
41917 999999353
45498 999999991
45327 999999423
