100 777 10
2817 677382043
2135 785758450
3855 717377935
3601 581426473
3885 902831913
2573 988884619
3147 704087444
3315 539002767
2397 874820239
2935 534162141
2393 926656493
173 502413830
3717 772265508
3309 527534648
2081 740303784
953 697571430
2305 559947849
1547 596408851
3741 918093215
3153 806568288
1777 546238032
1255 685547661
1797 843952543
1739 591697740
1315 844072479
875 534427492
3473 836664566
2219 745749995
939 883587359
3525 707168124
3375 662569804
387 652991440
3305 659327686
3693 964483660
575 524351543
825 603775495
2957 675549849
325 866425020
1237 871200115
1173 787750774
2017 865111424
173 860689753
3469 631142485
2019 531259057
2283 888098078
2237 638988015
1287 502436483
3333 958339691
3179 880698459
3829 841295372
1199 957244443
3877 563634245
3961 632289423
2057 918989451
783 960102709
2705 838145146
777 837548435
393 651926591
3105 858081514
3987 927833738
851 550847852
315 734928159
101 675637157
2833 609813696
3215 804201740
2183 942867317
2079 549767204
3455 679661946
3781 591349391
2569 860765331
289 597828150
2401 606456536
733 792698240
3983 850285066
3495 577485955
1945 655173435
1773 844448437
1879 957874578
735 931643968
1329 988541287
3133 840806288
3957 695988697
987 803693293
2059 619315431
2933 640048805
323 901934086
3203 868625155
1363 752617457
295 698174750
333 666186009
1845 646057283
3785 861653601
3101 828678738
1519 705725436
1083 840030990
2759 997906488
3533 619504346
2639 669257484
395 933854215
1429 865118473
