100 3001 10
3603 589790312
2167 929384816
585 601832459
1747 972312957
1475 620328179
2305 769419415
1693 527261889
3805 645093406
2047 821480798
3699 758580123
97 844127092
1151 708269750
3905 728006550
3731 695201848
2573 979227905
2525 680842367
1681 706127224
3915 788597371
491 743615321
2947 957402145
1197 800755531
539 653692275
289 636908096
2971 982480318
1065 757719693
2879 579885582
1749 573214847
2499 701833874
3623 591313702
1821 786642165
3595 970326582
611 639431253
753 701176436
1573 851974622
509 604983886
1737 655173433
3533 755328589
2679 628108794
2321 566006230
1763 978497968
873 990698094
3885 856433559
2645 551282006
3785 748547813
467 676425002
3473 820518775
1039 828643266
11 757989741
3871 696964461
3113 675062652
781 799576158
919 759082977
2233 628272185
1317 681278168
2809 555211536
595 789574726
3737 804197881
2847 851906015
1827 553001560
1685 546294558
3735 883679310
105 651747714
2705 634346912
889 881244175
2197 699585688
2279 593937958
2619 930153544
3299 837706172
197 833426333
1955 679966060
2121 832352714
3945 714897775
585 971965204
761 624863500
3907 957272391
3103 748768577
1969 550977778
2617 521683043
1955 505617437
1835 758616821
399 740000319
1627 760428169
3877 562034025
741 862201823
3871 532371471
3439 536744299
1411 553237617
2159 530070726
3993 819373878
51 974233220
437 778887002
3901 761514717
2043 560594492
3075 544104969
543 938374804
3557 530172784
1449 729028413
3747 807740034
3055 800574800
3251 902910970
