100 12345 10
2365 807287010
3981 654601275
3665 522389616
3267 701609783
709 954931406
2113 694155381
3385 703515590
3703 907596243
2563 997768537
1371 990698323
1885 512800886
2761 613288914
1399 863039574
3703 640044557
3981 558808390
415 618812509
3279 704054123
1491 797602134
2163 654606780
1423 808740999
1833 974598093
1865 825916093
2865 599209717
403 818334417
843 772088838
3265 769593032
3227 815167201
2781 519913089
2347 839868302
3793 910059567
1709 842438138
1917 725575752
1703 715504955
2637 864874647
1141 800729319
3907 564763925
3859 844014140
1819 989980597
1985 585587597
2457 892331653
795 613399193
3127 506326695
3335 793689813
3431 535763400
779 561488406
3493 978816746
1329 627504061
495 588766155
3089 875779460
3895 902490456
337 833417479
2017 994673526
1483 771082572
3967 790050182
1445 931942475
3019 530483486
3213 654449412
295 639549412
551 629824240
2171 536046604
1549 770627399
163 864639455
3159 705948684
1263 988973753
1669 786587753
2699 574321981
289 753567873
3715 573786727
1097 673420027
2571 635281839
1599 772574938
961 941418829
3349 610431854
2979 729841552
2451 773047880
1159 746857300
2175 872420915
487 869909621
329 777790804
3271 787043588
357 714323053
343 638032710
1931 881404386
3781 561335905
903 522875071
1399 882904005
1637 697067973
2815 920102389
847 806575126
331 777926631
1193 668097390
905 857387721
1833 617948217
2077 877460879
1951 911162673
1141 702723203
1683 888312272
2093 694553510
1507 880486164
3421 942717827
