100 49999 10
1913 726043520
2175 755458318
3299 835483394
89 502439757
835 507934752
3143 743583706
1343 666832699
467 781856634
3355 727620062
3541 799612244
2631 737564689
2695 809110200
3715 772754593
2839 910682897
3321 825639279
2293 609861026
2013 987271256
25 559729503
3921 831879278
129 947745194
1833 609991794
1987 985116054
1485 888008737
3279 911780774
3189 755330673
759 590073909
3083 792718131
1221 991324744
1335 640190565
1625 905487107
2099 960088038
1901 886064022
233 608186930
1659 866740331
2655 827637829
3909 867368358
2129 515623793
3561 657260300
1745 574298484
2073 815785357
2707 778397430
1405 957059926
3073 834833060
4001 826706149
609 943958311
2779 718010930
579 908952828
2689 988611161
2481 887098912
2189 596951092
181 923725922
2765 710353886
3071 592635991
2847 574449167
545 564834348
3371 866021506
3509 756003743
2613 632840358
3495 855242134
1537 980511854
2651 588160886
2355 831165114
383 696117146
3845 950069730
2905 712461608
2453 820684858
3703 875568721
257 666424441
59 926173862
1627 729351579
453 565755619
3215 560844057
269 803465523
289 748431503
2175 889732097
1179 924591001
2279 885002296
1327 514879626
3403 982243649
2057 873291766
2181 992041479
1319 563189321
2939 813832811
3927 519616566
123 911286545
2601 590190060
1275 780995451
2809 507930887
793 828709450
1551 599800360
3845 520874591
1379 628291301
631 781200787
1881 686712152
287 676187825
1219 702103869
1581 949487509
1785 864441237
3317 561523286
973 977713700
