100 101 10
407 509723719
2857 824521268
1895 841053023
2291 598576626
1347 525531388
717 981970885
1019 886669982
3903 752561199
201 921083560
979 667903674
2801 750730889
1525 902712446
337 739071436
1209 896119845
445 532808452
3057 905606999
1029 730957709
107 606050139
3925 601728293
1247 534599244
3249 747164401
467 981957434
1323 746874931
1585 572102967
3775 902283305
505 605129308
545 929286142
3321 762705027
965 560932837
3085 858883425
2043 796095113
2775 835283622
313 778743271
1113 790818984
1513 633453153
519 970334859
1961 939615481
3033 809724891
1295 904208945
2301 821148764
735 781345870
975 990404146
963 892931065
1097 801292057
1541 578469094
1327 740624797
2151 904905460
1555 998470458
2755 898754385
3267 886511323
765 925095807
1663 554886548
3079 537494096
2643 838741976
1549 733866883
3809 961212271
3037 847937092
1781 552016499
3047 509351548
3427 927876304
1355 959166753
3605 576146164
3693 559622131
2291 584627219
179 525183881
2181 579013607
1441 769002532
1955 920005117
2173 670416819
3559 770074881
3757 958403661
2373 947023317
1271 965165559
3745 805608855
3137 660831987
3347 977570168
341 767276226
1889 703584814
1415 504864489
3177 636346069
949 609398842
3001 738791039
1525 863448916
3691 717109294
1803 812580962
385 638757602
1939 668065672
1497 868454916
1351 874236788
1947 992351386
1183 548030779
3575 979048377
2413 512951509
929 959370636
3043 974776686
275 881526946
659 524241067
1269 593128367
1905 950727475
3327 676420011
