100 2023 10
2251 755666859
299 806148229
1199 979449886
2615 915232588
2077 902272432
937 566372636
3891 793354589
2457 579852158
3933 968369918
55 631352042
1727 507035487
165 550955576
2485 591114425
1343 572268447
1393 879519263
37 829542849
2531 570474357
107 842987924
1323 943203524
1521 990319432
1633 898481573
3525 828499636
327 682777005
665 887903639
1707 752579012
3597 799414924
3833 604479615
2111 849939479
1381 877294351
907 841189646
489 540422044
3011 696157856
1627 796815039
2569 631649302
55 791174443
2597 786337334
481 994100990
2681 576094157
1289 892952711
2647 676535628
2997 551210236
2085 672672919
1259 641794904
2911 912041935
631 565526705
485 668259101
2869 992277620
2367 590266978
1485 591364486
835 592946602
2759 722213691
3689 890799242
1203 990789212
1381 898038777
1397 862226363
3565 825436625
1307 990544680
859 700609920
3503 907201154
1635 631784539
1299 606563686
1507 749162773
579 552914747
3981 691623844
445 905642206
1387 638439101
3555 612065499
3531 757311662
905 577924512
3041 711187743
1853 784132505
1801 596146115
2345 540769693
2259 703996483
1221 687995374
1867 799060401
3787 592393648
2697 877752771
3323 625165594
193 832716947
103 531799512
3475 825536440
1471 864148380
1245 694657486
101 691238999
1261 676172418
1287 731199636
3539 694865001
3241 996425012
1687 927273009
2757 723527199
3013 762703306
1369 614740527
3075 827856049
2467 524275651
2705 505599278
3619 773306796
2947 662897846
1565 834713097
3571 530840834
