100 555 10
2919 581011965
3741 959558444
2407 736763674
985 972426653
1021 749218448
2623 622183195
619 706483783
3151 731572791
1169 708987886
3795 519159650
1741 522251239
2145 894022485
3967 704815797
3139 965743422
3989 729471292
3503 732949464
575 569643271
3061 902160447
1603 574062456
1569 785409061
2055 863170895
469 607849332
905 664270245
2047 854140490
815 815346508
1275 771521881
659 687881774
2565 628608395
2453 561124423
2685 810619804
1983 729689046
3477 541850289
3247 793409764
3213 914391497
137 640151389
3259 813172723
3947 655214303
571 690250066
2987 772361700
1927 749382512
2337 804618604
2559 526128783
3387 677032316
469 708238461
1611 623522208
2171 628034984
673 721682906
3981 650154447
2799 906249665
2871 644942046
2863 905923810
19 605603837
3597 643829912
3013 621076838
2219 956530401
3353 824126930
51 908082013
3387 841748730
3015 588381366
2493 948762333
1845 776851536
1441 714075768
3867 777482065
2963 823191903
2657 619105127
2911 785398596
2561 819648838
1801 946018054
553 758522009
2425 712220719
3475 609797153
3699 715429793
2565 537489886
2237 673443923
2163 795274958
3717 883349136
2943 764787583
417 816547464
769 788606930
2529 569130292
2759 703593960
3931 916299099
2917 962982676
933 744997163
3809 949818288
13 541823403
2933 999685964
3901 533774907
2303 962182459
2925 794168772
2887 545098229
2221 706163824
3623 979307885
1279 731420792
893 546881920
1783 857890479
57 851969059
1239 932846091
931 672256548
2317 693170203
