100 8191 10
1363 608935391
1081 713110038
939 534757034
2671 861381794
1101 682099704
2231 767691740
2015 631706818
781 567689985
3193 826136726
227 771006562
743 516447460
2009 969141057
2269 771504612
1033 540084394
3035 835882583
2421 669554349
3539 641788342
1223 834474736
601 710156780
127 834130279
2629 924150090
3017 502301255
173 522029705
655 943614625
3499 543310494
1289 837982436
1031 582565246
1161 940885193
465 690235403
2801 924623497
3817 895103213
3469 708143645
3255 759791923
3559 658209915
1687 844273679
1767 727936031
1973 924773922
2649 569579125
2129 806807542
1335 672401521
3627 812389381
3585 638784698
3871 889730790
1021 926263509
1891 667504075
3481 583707517
2317 646321640
3583 912681373
3487 781368654
1833 625740314
1233 900746435
53 939672842
249 876827856
3603 774728350
1827 628747020
839 647273773
799 717722286
3899 619816058
3783 690816485
37 788014165
691 957901104
1199 556673536
2935 862253773
2577 760119937
1687 941937760
3409 767471749
3753 954918246
3451 957805586
177 614213809
3917 851453417
469 661241242
909 944821212
219 578235394
301 741860910
3849 517011052
1319 858784188
263 737334273
2063 522051287
2675 694836380
1311 712342338
3067 623617177
937 685630460
1331 842098859
2445 942754635
1499 963236808
1173 821455017
1315 694491811
3203 798240305
2573 774651685
269 702387533
2083 929485151
1715 779579670
1679 819898812
2049 668997936
2537 609816454
569 787803852
3355 874289522
2063 705314289
3917 641335437
1715 783670535
