1000 999 499927
1 2 7 13 100
2 3 5047 1000000000 282
3 4 5334 1000000000 121
4 5 5460 1000000000 762
5 6 6222 1000000000 71
6 7 6295 1000000000 138
7 8 6433 1000000000 632
8 9 7065 1000000000 86
9 10 7151 1000000000 736
10 11 7892 1000000000 734
11 12 8626 1000000000 45
12 13 8676 1000000000 282
13 14 8958 1000000000 707
14 15 9669 1000000000 536
15 16 10205 1000000000 206
16 17 10415 1000000000 856
17 18 11275 1000000000 310
18 19 11588 1000000000 46
19 20 11639 1000000000 936
20 21 12580 1000000000 928
21 22 13509 1000000000 350
22 23 13862 1000000000 304
23 24 14168 1000000000 320
24 25 14491 1000000000 954
25 26 15448 1000000000 336
26 27 15787 1000000000 355
27 28 16143 1000000000 687
28 29 16834 1000000000 269
29 30 17105 1000000000 863
30 31 17969 1000000000 697
31 32 18666 1000000000 676
32 33 19347 1000000000 356
33 34 19707 1000000000 357
34 35 20068 1000000000 107
35 36 20178 1000000000 499
36 37 20680 1000000000 738
37 38 21422 1000000000 235
38 39 21662 1000000000 499
39 40 22165 1000000000 312
40 41 22479 1000000000 216
41 42 22700 1000000000 767
42 43 23469 1000000000 6
43 44 23478 1000000000 189
44 45 23670 1000000000 169
45 46 23839 1000000000 4
46 47 23846 1000000000 948
47 48 24794 1000000000 120
48 49 24915 1000000000 663
49 50 25578 1000000000 949
50 51 26528 1000000000 127
51 52 26657 1000000000 120
52 53 26782 1000000000 958
53 54 27740 1000000000 747
54 55 28490 1000000000 160
55 56 28654 1000000000 602
56 57 29259 1000000000 203
57 58 29465 1000000000 442
58 59 29908 1000000000 770
59 60 30680 1000000000 716
60 61 31397 1000000000 316
61 62 31715 1000000000 143
62 63 31860 1000000000 717
63 64 32581 1000000000 583
64 65 33164 1000000000 652
65 66 33816 1000000000 794
66 67 34614 1000000000 696
67 68 35314 1000000000 822
68 69 36136 1000000000 768
69 70 36907 1000000000 321
70 71 37228 1000000000 873
71 72 38105 1000000000 552
72 73 38660 1000000000 588
73 74 39249 1000000000 326
74 75 39578 1000000000 464
75 76 40046 1000000000 838
76 77 40884 1000000000 795
77 78 41679 1000000000 500
78 79 42179 1000000000 404
79 80 42586 1000000000 391
80 81 42978 1000000000 312
81 82 43292 1000000000 463
82 83 43756 1000000000 265
83 84 44021 1000000000 52
84 85 44073 1000000000 45
85 86 44120 1000000000 332
86 87 44456 1000000000 783
87 88 45241 1000000000 281
88 89 45523 1000000000 284
89 90 45808 1000000000 365
90 91 46178 1000000000 741
91 92 46921 1000000000 486
92 93 47407 1000000000 661
93 94 48069 1000000000 880
94 95 48951 1000000000 252
95 96 49205 1000000000 371
96 97 49577 1000000000 129
97 98 49706 1000000000 905
98 99 50612 1000000000 603
99 100 51215 1000000000 421
100 101 51639 1000000000 21
101 102 51664 1000000000 745
102 103 52410 1000000000 272
103 104 52687 1000000000 819
104 105 53510 1000000000 639
105 106 54150 1000000000 991
106 107 55141 1000000000 615
107 108 55757 1000000000 414
108 109 56172 1000000000 157
109 110 56331 1000000000 209
110 111 56543 1000000000 409
111 112 56952 1000000000 113
112 113 57066 1000000000 257
113 114 57325 1000000000 933
114 115 58261 1000000000 692
115 116 58954 1000000000 956
116 117 59912 1000000000 527
117 118 60444 1000000000 235
118 119 60681 1000000000 559
119 120 61242 1000000000 64
120 121 61309 1000000000 824
121 122 62134 1000000000 481
122 123 62619 1000000000 149
123 124 62772 1000000000 242
124 125 63015 1000000000 382
125 126 63397 1000000000 455
126 127 63852 1000000000 694
127 128 64546 1000000000 44
128 129 64591 1000000000 228
129 130 64821 1000000000 777
130 131 65602 1000000000 508
131 132 66112 1000000000 672
132 133 66787 1000000000 76
133 134 66867 1000000000 929
134 135 67796 1000000000 158
135 136 67958 1000000000 53
136 137 68012 1000000000 115
137 138 68132 1000000000 601
138 139 68737 1000000000 651
139 140 69392 1000000000 607
140 141 70003 1000000000 671
141 142 70676 1000000000 317
142 143 70997 1000000000 823
143 144 71821 1000000000 735
144 145 72561 1000000000 22
145 146 72587 1000000000 223
146 147 72813 1000000000 829
147 148 73644 1000000000 424
148 149 74073 1000000000 170
149 150 74243 1000000000 657
150 151 74903 1000000000 121
151 152 75027 1000000000 498
152 153 75527 1000000000 896
153 154 76428 1000000000 598
154 155 77027 1000000000 902
155 156 77932 1000000000 869
156 157 78804 1000000000 173
157 158 78978 1000000000 881
158 159 79860 1000000000 264
159 160 80124 1000000000 271
160 161 80399 1000000000 399
161 162 80801 1000000000 57
162 163 80861 1000000000 911
163 164 81773 1000000000 10
164 165 81784 1000000000 519
165 166 82303 1000000000 35
166 167 82340 1000000000 14
167 168 82357 1000000000 582
168 169 82942 1000000000 887
169 170 83831 1000000000 888
170 171 84720 1000000000 517
171 172 85238 1000000000 872
172 173 86110 1000000000 867
173 174 86979 1000000000 774
174 175 87753 1000000000 505
175 176 88261 1000000000 792
176 177 89056 1000000000 501
177 178 89560 1000000000 625
178 179 90185 1000000000 388
179 180 90576 1000000000 45
180 181 90623 1000000000 289
181 182 90913 1000000000 732
182 183 91646 1000000000 861
183 184 92507 1000000000 372
184 185 92879 1000000000 282
185 186 93162 1000000000 929
186 187 94095 1000000000 294
187 188 94392 1000000000 687
188 189 95083 1000000000 567
189 190 95651 1000000000 283
190 191 95935 1000000000 753
191 192 96690 1000000000 511
192 193 97203 1000000000 434
193 194 97641 1000000000 500
194 195 98144 1000000000 702
195 196 98848 1000000000 871
196 197 99721 1000000000 52
197 198 99776 1000000000 352
198 199 100129 1000000000 59
199 200 100191 1000000000 623
200 201 100816 1000000000 956
201 202 101772 1000000000 742
202 203 102515 1000000000 220
203 204 102735 1000000000 508
204 205 103244 1000000000 774
205 206 104022 1000000000 707
206 207 104730 1000000000 877
207 208 105612 1000000000 785
208 209 106400 1000000000 427
209 210 106828 1000000000 852
210 211 107683 1000000000 747
211 212 108431 1000000000 42
212 213 108474 1000000000 926
213 214 109404 1000000000 382
214 215 109789 1000000000 622
215 216 110411 1000000000 232
216 217 110646 1000000000 614
217 218 111263 1000000000 442
218 219 111706 1000000000 422
219 220 112133 1000000000 438
220 221 112575 1000000000 870
221 222 113449 1000000000 875
222 223 114328 1000000000 843
223 224 115176 1000000000 22
224 225 115202 1000000000 376
225 226 115578 1000000000 138
226 227 115718 1000000000 453
227 228 116175 1000000000 689
228 229 116866 1000000000 732
229 230 117601 1000000000 436
230 231 118039 1000000000 393
231 232 118433 1000000000 202
232 233 118635 1000000000 502
233 234 119142 1000000000 311
234 235 119456 1000000000 602
235 236 120060 1000000000 500
236 237 120565 1000000000 457
237 238 121027 1000000000 169
238 239 121198 1000000000 997
239 240 122200 1000000000 416
240 241 122616 1000000000 766
241 242 123382 1000000000 646
242 243 124029 1000000000 642
243 244 124671 1000000000 851
244 245 125523 1000000000 885
245 246 126409 1000000000 136
246 247 126545 1000000000 593
247 248 127139 1000000000 918
248 249 128058 1000000000 793
249 250 128855 1000000000 19
250 251 128878 1000000000 332
251 252 129215 1000000000 887
252 253 130106 1000000000 726
253 254 130834 1000000000 417
254 255 131254 1000000000 34
255 256 131291 1000000000 537
256 257 131829 1000000000 679
257 258 132512 1000000000 768
258 259 133280 1000000000 222
259 260 133507 1000000000 239
260 261 133748 1000000000 871
261 262 134620 1000000000 528
262 263 135151 1000000000 299
263 264 135452 1000000000 163
264 265 135615 1000000000 980
265 266 136599 1000000000 24
266 267 136628 1000000000 632
267 268 137265 1000000000 315
268 269 137585 1000000000 238
269 270 137827 1000000000 36
270 271 137866 1000000000 421
271 272 138288 1000000000 180
272 273 138472 1000000000 460
273 274 138934 1000000000 357
274 275 139292 1000000000 164
275 276 139461 1000000000 288
276 277 139749 1000000000 695
277 278 140444 1000000000 545
278 279 140994 1000000000 956
279 280 141953 1000000000 698
280 281 142655 1000000000 777
281 282 143434 1000000000 375
282 283 143812 1000000000 311
283 284 144128 1000000000 256
284 285 144388 1000000000 791
285 286 145180 1000000000 538
286 287 145722 1000000000 859
287 288 146582 1000000000 176
288 289 146763 1000000000 959
289 290 147725 1000000000 142
290 291 147868 1000000000 213
291 292 148085 1000000000 689
292 293 148775 1000000000 903
293 294 149680 1000000000 747
294 295 150428 1000000000 43
295 296 150476 1000000000 354
296 297 150831 1000000000 368
297 298 151203 1000000000 58
298 299 151262 1000000000 108
299 300 151373 1000000000 378
300 301 151751 1000000000 146
301 302 151900 1000000000 843
302 303 152745 1000000000 514
303 304 153263 1000000000 347
304 305 153614 1000000000 92
305 306 153707 1000000000 974
306 307 154681 1000000000 619
307 308 155304 1000000000 350
308 309 155656 1000000000 629
309 310 156289 1000000000 304
310 311 156598 1000000000 865
311 312 157463 1000000000 810
312 313 158275 1000000000 228
313 314 158504 1000000000 311
314 315 158817 1000000000 612
315 316 159429 1000000000 590
316 317 160019 1000000000 378
317 318 160401 1000000000 697
318 319 161103 1000000000 870
319 320 161974 1000000000 614
320 321 162589 1000000000 109
321 322 162700 1000000000 10
322 323 162711 1000000000 950
323 324 163663 1000000000 686
324 325 164349 1000000000 719
325 326 165068 1000000000 354
326 327 165426 1000000000 938
327 328 166367 1000000000 987
328 329 167359 1000000000 548
329 330 167909 1000000000 597
330 331 168508 1000000000 798
331 332 169306 1000000000 176
332 333 169484 1000000000 120
333 334 169604 1000000000 160
334 335 169765 1000000000 775
335 336 170545 1000000000 951
336 337 171499 1000000000 430
337 338 171932 1000000000 961
338 339 172893 1000000000 34
339 340 172931 1000000000 683
340 341 173619 1000000000 997
341 342 174617 1000000000 610
342 343 175228 1000000000 66
343 344 175296 1000000000 842
344 345 176138 1000000000 213
345 346 176352 1000000000 909
346 347 177261 1000000000 411
347 348 177673 1000000000 257
348 349 177930 1000000000 608
349 350 178542 1000000000 354
350 351 178900 1000000000 6
351 352 178910 1000000000 700
352 353 179610 1000000000 833
353 354 180448 1000000000 960
354 355 181410 1000000000 878
355 356 182291 1000000000 450
356 357 182742 1000000000 364
357 358 183109 1000000000 845
358 359 183954 1000000000 964
359 360 184921 1000000000 835
360 361 185760 1000000000 596
361 362 186356 1000000000 467
362 363 186828 1000000000 14
363 364 186847 1000000000 204
364 365 187052 1000000000 315
365 366 187372 1000000000 230
366 367 187605 1000000000 115
367 368 187725 1000000000 291
368 369 188020 1000000000 568
369 370 188588 1000000000 956
370 371 189547 1000000000 605
371 372 190154 1000000000 708
372 373 190862 1000000000 271
373 374 191135 1000000000 4
374 375 191141 1000000000 334
375 376 191479 1000000000 267
376 377 191747 1000000000 332
377 378 192084 1000000000 180
378 379 192268 1000000000 778
379 380 193050 1000000000 566
380 381 193621 1000000000 879
381 382 194504 1000000000 25
382 383 194530 1000000000 105
383 384 194637 1000000000 386
384 385 195028 1000000000 470
385 386 195500 1000000000 972
386 387 196477 1000000000 198
387 388 196675 1000000000 986
388 389 197663 1000000000 821
389 390 198486 1000000000 511
390 391 198999 1000000000 533
391 392 199533 1000000000 281
392 393 199815 1000000000 419
393 394 200239 1000000000 66
394 395 200310 1000000000 885
395 396 201196 1000000000 74
396 397 201273 1000000000 276
397 398 201549 1000000000 380
398 399 201933 1000000000 772
399 400 202707 1000000000 559
400 401 203269 1000000000 261
401 402 203535 1000000000 614
402 403 204153 1000000000 434
403 404 204591 1000000000 196
404 405 204788 1000000000 713
405 406 205506 1000000000 334
406 407 205844 1000000000 604
407 408 206453 1000000000 653
408 409 207106 1000000000 477
409 410 207585 1000000000 445
410 411 208033 1000000000 998
411 412 209035 1000000000 22
412 413 209057 1000000000 270
413 414 209330 1000000000 546
414 415 209881 1000000000 299
415 416 210184 1000000000 7
416 417 210194 1000000000 514
417 418 210712 1000000000 254
418 419 210969 1000000000 571
419 420 211544 1000000000 109
420 421 211655 1000000000 570
421 422 212230 1000000000 624
422 423 212859 1000000000 536
423 424 213395 1000000000 740
424 425 214138 1000000000 381
425 426 214523 1000000000 865
426 427 215393 1000000000 470
427 428 215866 1000000000 258
428 429 216129 1000000000 728
429 430 216859 1000000000 157
430 431 217017 1000000000 787
431 432 217806 1000000000 417
432 433 218224 1000000000 580
433 434 218806 1000000000 282
434 435 219093 1000000000 240
435 436 219337 1000000000 980
436 437 220322 1000000000 509
437 438 220835 1000000000 889
438 439 221729 1000000000 860
439 440 222594 1000000000 800
440 441 223398 1000000000 600
441 442 224001 1000000000 194
442 443 224199 1000000000 276
443 444 224475 1000000000 823
444 445 225301 1000000000 449
445 446 225751 1000000000 553
446 447 226304 1000000000 652
447 448 226958 1000000000 861
448 449 227822 1000000000 982
449 450 228806 1000000000 843
450 451 229649 1000000000 447
451 452 230098 1000000000 922
452 453 231022 1000000000 96
453 454 231118 1000000000 354
454 455 231477 1000000000 478
455 456 231960 1000000000 485
456 457 232446 1000000000 84
457 458 232533 1000000000 106
458 459 232639 1000000000 383
459 460 233027 1000000000 348
460 461 233379 1000000000 54
461 462 233435 1000000000 87
462 463 233527 1000000000 694
463 464 234221 1000000000 227
464 465 234448 1000000000 361
465 466 234812 1000000000 693
466 467 235505 1000000000 164
467 468 235670 1000000000 299
468 469 235970 1000000000 766
469 470 236740 1000000000 412
470 471 237154 1000000000 497
471 472 237656 1000000000 567
472 473 238228 1000000000 13
473 474 238244 1000000000 942
474 475 239191 1000000000 74
475 476 239269 1000000000 146
476 477 239417 1000000000 45
477 478 239465 1000000000 675
478 479 240142 1000000000 998
479 480 241144 1000000000 262
480 481 241411 1000000000 138
481 482 241549 1000000000 202
482 483 241751 1000000000 601
483 484 242352 1000000000 202
484 485 242557 1000000000 474
485 486 243031 1000000000 311
486 487 243345 1000000000 380
487 488 243730 1000000000 736
488 489 244468 1000000000 975
489 490 245448 1000000000 239
490 491 245690 1000000000 792
491 492 246484 1000000000 628
492 493 247112 1000000000 662
493 494 247777 1000000000 177
494 495 247957 1000000000 405
495 496 248364 1000000000 100
496 497 248465 1000000000 793
497 498 249263 1000000000 572
498 499 249836 1000000000 910
499 500 250748 1000000000 378
500 501 251131 1000000000 455
501 502 251587 1000000000 612
502 503 252201 1000000000 972
503 504 253175 1000000000 667
504 505 253846 1000000000 735
505 506 254582 1000000000 674
506 507 255257 1000000000 28
507 508 255290 1000000000 547
508 509 255837 1000000000 287
509 510 256127 1000000000 531
510 511 256660 1000000000 480
511 512 257142 1000000000 599
512 513 257741 1000000000 134
513 514 257879 1000000000 372
514 515 258252 1000000000 471
515 516 258723 1000000000 825
516 517 259550 1000000000 885
517 518 260438 1000000000 84
518 519 260524 1000000000 681
519 520 261209 1000000000 120
520 521 261332 1000000000 542
521 522 261876 1000000000 243
522 523 262124 1000000000 120
523 524 262247 1000000000 355
524 525 262607 1000000000 287
525 526 262896 1000000000 319
526 527 263218 1000000000 796
527 528 264017 1000000000 654
528 529 264675 1000000000 3
529 530 264682 1000000000 703
530 531 265387 1000000000 951
531 532 266338 1000000000 608
532 533 266948 1000000000 468
533 534 267417 1000000000 153
534 535 267571 1000000000 768
535 536 268341 1000000000 505
536 537 268849 1000000000 192
537 538 269043 1000000000 250
538 539 269296 1000000000 700
539 540 270000 1000000000 47
540 541 270049 1000000000 182
541 542 270232 1000000000 437
542 543 270670 1000000000 909
543 544 271583 1000000000 748
544 545 272331 1000000000 935
545 546 273271 1000000000 33
546 547 273308 1000000000 781
547 548 274089 1000000000 908
548 549 275001 1000000000 82
549 550 275084 1000000000 757
550 551 275843 1000000000 508
551 552 276352 1000000000 601
552 553 276958 1000000000 278
553 554 277238 1000000000 365
554 555 277607 1000000000 102
555 556 277713 1000000000 690
556 557 278407 1000000000 605
557 558 279017 1000000000 374
558 559 279393 1000000000 297
559 560 279695 1000000000 338
560 561 280035 1000000000 439
561 562 280479 1000000000 454
562 563 280933 1000000000 78
563 564 281016 1000000000 657
564 565 281673 1000000000 718
565 566 282394 1000000000 275
566 567 282672 1000000000 264
567 568 282936 1000000000 812
568 569 283752 1000000000 44
569 570 283801 1000000000 648
570 571 284452 1000000000 284
571 572 284737 1000000000 497
572 573 285238 1000000000 730
573 574 285973 1000000000 283
574 575 286261 1000000000 346
575 576 286607 1000000000 192
576 577 286804 1000000000 71
577 578 286880 1000000000 302
578 579 287182 1000000000 812
579 580 287998 1000000000 13
580 581 288012 1000000000 653
581 582 288665 1000000000 74
582 583 288740 1000000000 458
583 584 289203 1000000000 652
584 585 289857 1000000000 981
585 586 290843 1000000000 798
586 587 291641 1000000000 596
587 588 292240 1000000000 3
588 589 292244 1000000000 388
589 590 292632 1000000000 187
590 591 292824 1000000000 945
591 592 293772 1000000000 419
592 593 294193 1000000000 732
593 594 294930 1000000000 888
594 595 295822 1000000000 658
595 596 296480 1000000000 879
596 597 297360 1000000000 921
597 598 298282 1000000000 394
598 599 298679 1000000000 436
599 600 299117 1000000000 452
600 601 299569 1000000000 995
601 602 300565 1000000000 333
602 603 300901 1000000000 585
603 604 301486 1000000000 581
604 605 302072 1000000000 269
605 606 302346 1000000000 358
606 607 302707 1000000000 735
607 608 303446 1000000000 137
608 609 303584 1000000000 804
609 610 304388 1000000000 27
610 611 304419 1000000000 67
611 612 304487 1000000000 752
612 613 305244 1000000000 591
613 614 305840 1000000000 421
614 615 306261 1000000000 872
615 616 307133 1000000000 472
616 617 307610 1000000000 519
617 618 308134 1000000000 414
618 619 308550 1000000000 509
619 620 309060 1000000000 665
620 621 309729 1000000000 447
621 622 310177 1000000000 578
622 623 310755 1000000000 364
623 624 311121 1000000000 164
624 625 311286 1000000000 598
625 626 311884 1000000000 449
626 627 312337 1000000000 766
627 628 313103 1000000000 824
628 629 313928 1000000000 727
629 630 314660 1000000000 948
630 631 315613 1000000000 944
631 632 316557 1000000000 624
632 633 317186 1000000000 592
633 634 317780 1000000000 637
634 635 318418 1000000000 124
635 636 318547 1000000000 891
636 637 319440 1000000000 496
637 638 319938 1000000000 657
638 639 320595 1000000000 71
639 640 320669 1000000000 355
640 641 321024 1000000000 533
641 642 321559 1000000000 662
642 643 322222 1000000000 693
643 644 322916 1000000000 863
644 645 323783 1000000000 169
645 646 323956 1000000000 627
646 647 324583 1000000000 766
647 648 325353 1000000000 603
648 649 325959 1000000000 490
649 650 326452 1000000000 664
650 651 327119 1000000000 853
651 652 327975 1000000000 573
652 653 328549 1000000000 437
653 654 328988 1000000000 188
654 655 329176 1000000000 309
655 656 329487 1000000000 121
656 657 329611 1000000000 263
657 658 329875 1000000000 928
658 659 330807 1000000000 914
659 660 331723 1000000000 480
660 661 332207 1000000000 718
661 662 332930 1000000000 727
662 663 333662 1000000000 464
663 664 334126 1000000000 219
664 665 334346 1000000000 86
665 666 334435 1000000000 619
666 667 335059 1000000000 958
667 668 336020 1000000000 183
668 669 336203 1000000000 532
669 670 336737 1000000000 670
670 671 337408 1000000000 257
671 672 337666 1000000000 35
672 673 337701 1000000000 710
673 674 338415 1000000000 434
674 675 338852 1000000000 700
675 676 339556 1000000000 407
676 677 339963 1000000000 194
677 678 340157 1000000000 115
678 679 340275 1000000000 846
679 680 341121 1000000000 84
680 681 341210 1000000000 751
681 682 341964 1000000000 375
682 683 342341 1000000000 370
683 684 342711 1000000000 176
684 685 342892 1000000000 848
685 686 343743 1000000000 640
686 687 344386 1000000000 433
687 688 344822 1000000000 597
688 689 345419 1000000000 471
689 690 345891 1000000000 40
690 691 345934 1000000000 299
691 692 346233 1000000000 746
692 693 346981 1000000000 996
693 694 347980 1000000000 941
694 695 348924 1000000000 176
695 696 349101 1000000000 124
696 697 349225 1000000000 788
697 698 350014 1000000000 519
698 699 350535 1000000000 573
699 700 351108 1000000000 967
700 701 352078 1000000000 279
701 702 352357 1000000000 547
702 703 352908 1000000000 529
703 704 353440 1000000000 799
704 705 354243 1000000000 82
705 706 354330 1000000000 861
706 707 355192 1000000000 77
707 708 355269 1000000000 273
708 709 355545 1000000000 271
709 710 355821 1000000000 266
710 711 356087 1000000000 894
711 712 356981 1000000000 962
712 713 357945 1000000000 148
713 714 358094 1000000000 704
714 715 358802 1000000000 462
715 716 359265 1000000000 677
716 717 359946 1000000000 280
717 718 360230 1000000000 209
718 719 360443 1000000000 326
719 720 360772 1000000000 599
720 721 361373 1000000000 910
721 722 362287 1000000000 795
722 723 363087 1000000000 115
723 724 363203 1000000000 436
724 725 363644 1000000000 400
725 726 364046 1000000000 515
726 727 364562 1000000000 56
727 728 364622 1000000000 755
728 729 365381 1000000000 766
729 730 366151 1000000000 814
730 731 366968 1000000000 436
731 732 367406 1000000000 589
732 733 367996 1000000000 593
733 734 368589 1000000000 420
734 735 369014 1000000000 409
735 736 369428 1000000000 888
736 737 370319 1000000000 870
737 738 371189 1000000000 651
738 739 371841 1000000000 947
739 740 372788 1000000000 121
740 741 372909 1000000000 347
741 742 373256 1000000000 785
742 743 374045 1000000000 956
743 744 375002 1000000000 214
744 745 375221 1000000000 747
745 746 375973 1000000000 360
746 747 376333 1000000000 130
747 748 376464 1000000000 444
748 749 376909 1000000000 375
749 750 377288 1000000000 658
750 751 377951 1000000000 361
751 752 378317 1000000000 202
752 753 378524 1000000000 800
753 754 379326 1000000000 749
754 755 380076 1000000000 315
755 756 380392 1000000000 522
756 757 380915 1000000000 149
757 758 381064 1000000000 268
758 759 381334 1000000000 542
759 760 381876 1000000000 791
760 761 382671 1000000000 826
761 762 383499 1000000000 411
762 763 383910 1000000000 651
763 764 384561 1000000000 229
764 765 384791 1000000000 658
765 766 385449 1000000000 863
766 767 386312 1000000000 5
767 768 386320 1000000000 672
768 769 386995 1000000000 392
769 770 387390 1000000000 495
770 771 387889 1000000000 215
771 772 388104 1000000000 849
772 773 388954 1000000000 282
773 774 389236 1000000000 696
774 775 389937 1000000000 781
775 776 390721 1000000000 192
776 777 390917 1000000000 681
777 778 391603 1000000000 970
778 779 392575 1000000000 909
779 780 393489 1000000000 104
780 781 393596 1000000000 285
781 782 393884 1000000000 539
782 783 394425 1000000000 164
783 784 394591 1000000000 879
784 785 395472 1000000000 697
785 786 396171 1000000000 907
786 787 397082 1000000000 911
787 788 397997 1000000000 855
788 789 398856 1000000000 148
789 790 399004 1000000000 738
790 791 399747 1000000000 75
791 792 399827 1000000000 285
792 793 400113 1000000000 293
793 794 400406 1000000000 290
794 795 400701 1000000000 697
795 796 401399 1000000000 593
796 797 401993 1000000000 994
797 798 402991 1000000000 749
798 799 403741 1000000000 689
799 800 404434 1000000000 639
800 801 405073 1000000000 512
801 802 405586 1000000000 549
802 803 406137 1000000000 298
803 804 406436 1000000000 952
804 805 407392 1000000000 518
805 806 407913 1000000000 705
806 807 408623 1000000000 145
807 808 408771 1000000000 512
808 809 409288 1000000000 721
809 810 410014 1000000000 305
810 811 410321 1000000000 468
811 812 410794 1000000000 718
812 813 411516 1000000000 741
813 814 412260 1000000000 137
814 815 412398 1000000000 883
815 816 413281 1000000000 100
816 817 413383 1000000000 496
817 818 413879 1000000000 52
818 819 413934 1000000000 257
819 820 414194 1000000000 490
820 821 414684 1000000000 341
821 822 415025 1000000000 479
822 823 415508 1000000000 108
823 824 415617 1000000000 853
824 825 416472 1000000000 903
825 826 417375 1000000000 569
826 827 417946 1000000000 528
827 828 418475 1000000000 30
828 829 418506 1000000000 807
829 830 419316 1000000000 18
830 831 419336 1000000000 176
831 832 419516 1000000000 160
832 833 419679 1000000000 129
833 834 419810 1000000000 850
834 835 420663 1000000000 191
835 836 420854 1000000000 63
836 837 420920 1000000000 407
837 838 421332 1000000000 703
838 839 422035 1000000000 262
839 840 422302 1000000000 300
840 841 422605 1000000000 594
841 842 423200 1000000000 625
842 843 423829 1000000000 55
843 844 423884 1000000000 315
844 845 424201 1000000000 867
845 846 425068 1000000000 143
846 847 425214 1000000000 398
847 848 425617 1000000000 227
848 849 425848 1000000000 533
849 850 426385 1000000000 173
850 851 426560 1000000000 841
851 852 427401 1000000000 822
852 853 428223 1000000000 163
853 854 428387 1000000000 903
854 855 429292 1000000000 252
855 856 429549 1000000000 383
856 857 429932 1000000000 728
857 858 430660 1000000000 539
858 859 431202 1000000000 870
859 860 432074 1000000000 862
860 861 432941 1000000000 712
861 862 433654 1000000000 740
862 863 434398 1000000000 961
863 864 435363 1000000000 169
864 865 435534 1000000000 982
865 866 436517 1000000000 463
866 867 436980 1000000000 209
867 868 437193 1000000000 565
868 869 437759 1000000000 256
869 870 438018 1000000000 956
870 871 438975 1000000000 229
871 872 439205 1000000000 572
872 873 439782 1000000000 505
873 874 440287 1000000000 495
874 875 440782 1000000000 419
875 876 441205 1000000000 616
876 877 441825 1000000000 818
877 878 442646 1000000000 540
878 879 443189 1000000000 232
879 880 443424 1000000000 403
880 881 443832 1000000000 981
881 882 444818 1000000000 375
882 883 445197 1000000000 657
883 884 445858 1000000000 656
884 885 446517 1000000000 142
885 886 446663 1000000000 984
886 887 447648 1000000000 836
887 888 448486 1000000000 679
888 889 449170 1000000000 835
889 890 450009 1000000000 82
890 891 450091 1000000000 805
891 892 450901 1000000000 816
892 893 451720 1000000000 520
893 894 452240 1000000000 202
894 895 452445 1000000000 699
895 896 453149 1000000000 940
896 897 454091 1000000000 639
897 898 454730 1000000000 864
898 899 455594 1000000000 856
899 900 456450 1000000000 696
900 901 457151 1000000000 951
901 902 458103 1000000000 801
902 903 458905 1000000000 642
903 904 459550 1000000000 517
904 905 460072 1000000000 49
905 906 460122 1000000000 11
906 907 460133 1000000000 415
907 908 460550 1000000000 184
908 909 460734 1000000000 172
909 910 460910 1000000000 442
910 911 461354 1000000000 494
911 912 461849 1000000000 384
912 913 462233 1000000000 429
913 914 462663 1000000000 7
914 915 462671 1000000000 37
915 916 462711 1000000000 892
916 917 463607 1000000000 94
917 918 463705 1000000000 318
918 919 464023 1000000000 246
919 920 464270 1000000000 209
920 921 464482 1000000000 933
921 922 465416 1000000000 999
922 923 466416 1000000000 513
923 924 466933 1000000000 141
924 925 467079 1000000000 326
925 926 467405 1000000000 936
926 927 468346 1000000000 112
927 928 468460 1000000000 951
928 929 469416 1000000000 218
929 930 469639 1000000000 729
930 931 470371 1000000000 329
931 932 470701 1000000000 71
932 933 470773 1000000000 496
933 934 471270 1000000000 632
934 935 471902 1000000000 114
935 936 472019 1000000000 452
936 937 472473 1000000000 779
937 938 473257 1000000000 14
938 939 473275 1000000000 66
939 940 473344 1000000000 882
940 941 474227 1000000000 237
941 942 474469 1000000000 825
942 943 475294 1000000000 722
943 944 476019 1000000000 313
944 945 476337 1000000000 346
945 946 476684 1000000000 44
946 947 476733 1000000000 983
947 948 477717 1000000000 532
948 949 478249 1000000000 218
949 950 478470 1000000000 309
950 951 478784 1000000000 686
951 952 479471 1000000000 624
952 953 480098 1000000000 572
953 954 480675 1000000000 435
954 955 481113 1000000000 694
955 956 481808 1000000000 627
956 957 482440 1000000000 322
957 958 482764 1000000000 250
958 959 483014 1000000000 77
959 960 483093 1000000000 285
960 961 483380 1000000000 576
961 962 483958 1000000000 560
962 963 484518 1000000000 27
963 964 484545 1000000000 933
964 965 485483 1000000000 784
965 966 486268 1000000000 951
966 967 487224 1000000000 27
967 968 487251 1000000000 614
968 969 487867 1000000000 69
969 970 487937 1000000000 551
970 971 488490 1000000000 945
971 972 489436 1000000000 21
972 973 489457 1000000000 467
973 974 489927 1000000000 103
974 975 490031 1000000000 163
975 976 490195 1000000000 163
976 977 490361 1000000000 866
977 978 491232 1000000000 89
978 979 491323 1000000000 344
979 980 491667 1000000000 158
980 981 491825 1000000000 257
981 982 492084 1000000000 362
982 983 492448 1000000000 187
983 984 492639 1000000000 361
984 985 493002 1000000000 919
985 986 493922 1000000000 731
986 987 494654 1000000000 82
987 988 494736 1000000000 186
988 989 494922 1000000000 85
989 990 495010 1000000000 199
990 991 495214 1000000000 215
991 992 495429 1000000000 75
992 993 495504 1000000000 932
993 994 496440 1000000000 970
994 995 497410 1000000000 711
995 996 498122 1000000000 542
996 997 498668 1000000000 483
997 998 499154 1000000000 134
998 999 499292 1000000000 105
999 1000 499397 1000000000 530
