60 59 60
24 19 481589
24 25 663145
24 45 168457
35 4 581664
23 26 604036
42 45 530963
26 7 619347
48 56 392711
14 8 393995
46 43 606649
29 31 279214
54 20 342420
3 19 228501
20 11 484028
10 39 536795
4 20 644561
40 42 667051
41 20 37319
33 6 439038
8 22 30233
34 5 998737
13 36 838215
42 37 918496
46 39 781104
29 20 907240
52 15 403182
42 60 942449
49 51 984755
26 20 78280
17 29 548532
13 32 574573
2 13 745154
44 42 114523
27 23 414818
21 57 519004
17 16 775357
5 53 906350
52 53 666461
51 2 557355
53 33 659288
55 28 100282
46 45 656748
44 55 979056
30 42 889361
17 8 766587
45 36 188003
52 38 379179
55 12 567687
59 48 591374
46 18 898335
1 38 499408
48 9 135441
40 58 887453
50 45 58826
30 47 148341
37 9 42881
45 29 987221
57 31 265005
29 52 63907
40 38 984498
22 40 570048
29 34 586324
39 46 553113
60 24 370686
4 27 560454
42 10 815341
49 41 770744
24 58 893687
30 38 320024
21 43 731713
26 28 933723
23 8 447693
44 57 93153
56 30 629561
59 6 925222
2 19 66949
36 16 733041
27 57 315228
19 46 162737
42 32 587862
9 35 210417
47 28 295845
8 12 671408
19 54 92109
21 36 739516
40 19 156317
4 24 21137
59 58 92260
57 42 889215
29 53 363630
22 11 834500
3 2 803183
23 34 719934
31 56 172876
20 16 412025
26 8 956682
29 45 446388
5 46 341650
1 33 29566
3 60 470006
14 32 215965
32 40 299064
21 24 220799
24 18 367909
2 8 69232
40 54 698564
15 60 938540
51 48 925920
51 4 171998
22 24 492584
27 25 335504
14 50 766273
6 11 191010
21 31 155671
22 30 890265
32 6 569734
44 21 66204
34 21 714479
6 50 726304
