300 299 300
43 56 56585
15 279 520298
138 256 610158
96 73 98996
139 154 168125
14 263 413265
273 230 675874
162 188 802062
195 216 352309
104 227 90127
138 35 749065
293 122 216826
99 197 55556
44 207 651491
135 98 482541
244 70 879641
97 260 890676
100 200 208657
163 112 765241
75 255 813884
127 45 264688
138 244 460922
265 117 36221
189 298 95348
137 153 834741
130 223 938383
150 156 314096
7 122 510864
144 71 8461
191 65 538703
278 66 166516
187 28 281999
230 277 408034
248 10 363106
98 184 586952
270 82 683119
67 280 113349
238 297 800064
178 65 775194
161 261 544351
253 222 890100
271 236 82132
260 141 753874
20 36 56502
131 33 560244
44 159 543308
54 256 217510
215 148 960574
247 112 751426
252 72 599944
160 62 366656
13 75 262817
108 140 140023
18 293 931760
201 91 93547
165 268 235525
123 126 398779
204 129 762693
247 55 19460
120 204 192887
106 259 150439
93 52 467951
137 272 83674
244 47 765104
209 242 256149
59 271 303612
30 206 201948
151 281 148753
128 230 909051
26 45 384335
31 140 155665
237 296 390247
236 252 296305
64 131 696795
266 163 71767
246 231 346561
156 226 129415
104 204 995554
123 85 997974
24 139 486331
267 139 218515
192 15 390172
156 56 350896
45 263 202324
163 191 910442
171 240 744906
86 212 316474
263 172 311593
275 279 973064
157 238 534747
239 9 80067
148 243 659971
123 112 819557
292 127 593957
265 198 484473
171 41 64162
254 75 364828
143 275 936982
186 111 599341
53 73 338926
45 278 229010
68 172 885683
262 179 381732
40 223 254492
169 34 449970
194 179 904536
211 202 911311
253 238 358818
179 215 331119
271 162 836360
93 183 639815
271 90 451243
1 223 980
51 103 349831
152 23 834494
256 57 525264
225 49 473081
20 71 25316
20 109 151080
274 288 947520
247 271 780974
75 155 46590
131 23 85346
11 267 452496
130 271 345470
193 128 529208
51 141 157315
58 207 159013
275 111 169912
134 24 289333
190 167 555913
127 250 326979
4 51 358000
48 37 353939
8 201 948465
74 253 801399
271 203 314378
104 191 361721
107 257 96603
174 167 810988
20 30 623810
199 259 221188
67 188 611663
262 173 56209
182 172 538838
295 63 395952
235 195 875455
95 112 173946
42 21 375835
286 204 181049
46 171 507643
130 208 572679
195 84 651893
26 136 589224
184 271 604531
168 151 612928
189 125 260314
153 177 367720
110 271 597916
261 214 566555
239 137 979321
121 282 558890
279 60 883756
127 247 597702
92 114 432367
202 148 30152
215 128 781990
158 252 456391
131 166 325639
139 87 806658
230 115 445560
95 224 76334
45 149 90522
228 86 645285
230 219 7474
184 291 510839
63 138 740111
187 233 240134
153 86 441332
92 119 143104
278 275 797214
167 274 523020
110 25 548975
271 141 978283
142 270 940519
153 283 515875
81 18 899128
75 32 555662
79 63 826852
2 270 152371
236 147 764112
258 87 281132
98 153 586238
133 12 877054
89 195 349076
83 34 961513
215 232 976718
185 71 2546
72 131 448222
267 261 678095
138 88 605479
141 290 494148
271 235 536722
3 297 853320
128 27 605937
153 91 552618
150 203 5587
245 72 722089
245 171 191042
34 241 987264
112 170 647149
235 159 579210
289 141 233077
229 137 853954
77 6 345081
113 149 355506
30 19 954330
220 11 951360
119 175 56868
215 271 762235
176 225 445923
225 296 264966
132 250 93058
37 189 855163
87 284 458609
14 99 652262
189 187 301808
205 86 545558
38 254 562619
22 48 578952
217 244 62433
44 105 335405
249 148 796881
10 63 269205
66 61 532644
107 14 825956
83 72 30780
270 112 61929
236 244 760820
55 16 985492
218 234 705092
264 170 754828
29 272 374410
144 164 642304
27 218 193334
147 200 624894
81 269 524313
82 114 195711
34 297 913709
127 30 917789
33 160 544588
45 259 753341
165 14 635647
209 176 599699
252 102 716657
153 6 692815
213 170 554016
94 208 796095
37 161 955229
176 276 415628
141 180 700826
210 51 558578
141 251 230662
110 75 674796
159 69 507820
125 221 705003
285 186 64792
112 21 809290
124 293 429324
12 203 740468
167 271 473883
287 51 774405
110 189 591109
181 247 848739
74 265 989479
172 299 576395
12 300 828999
230 5 565958
118 214 402749
93 252 140910
283 76 381472
146 194 346341
145 167 906549
168 214 396070
187 176 896580
282 23 102443
279 78 846394
64 294 34755
81 216 955518
29 39 654126
235 17 219393
162 53 936253
140 3 326579
30 80 257851
196 263 777605
296 246 362037
50 61 842533
101 224 185502
116 288 940512
31 3 826044
43 243 9591
83 202 799969
103 60 448890
188 118 352413
32 187 748793
40 297 171086
160 85 878619
191 173 233777
75 91 188188
156 61 259529
216 37 188113
1 202 227214
75 191 821075
39 3 905044
183 237 827243
174 300 447787
2 147 432743
134 169 38302
177 192 450602
81 284 494556
58 262 774338
58 205 324873
151 185 45740
126 76 498110
107 14 551780
76 136 63659
167 214 719663
105 28 92773
141 139 2753
120 264 271855
29 61 297769
42 62 810646
260 289 541497
186 22 85701
281 118 783330
161 19 500223
34 233 741740
100 48 576618
220 63 597728
209 286 393117
142 151 865868
71 171 371481
252 195 529243
193 255 241622
266 250 937306
219 11 447411
229 207 913622
245 285 249096
105 146 171960
147 276 737833
37 61 182158
98 225 783626
11 174 332378
252 180 341960
160 113 653859
82 143 50470
133 114 545114
20 68 125907
256 64 904781
279 6 288115
148 71 811344
206 10 658854
136 197 461338
136 48 59219
20 121 578813
153 230 892883
75 238 937390
277 221 905505
43 96 910786
149 70 868380
276 92 683802
38 226 160146
223 186 368007
171 94 931157
6 265 52851
144 282 291743
202 127 596639
50 291 724443
246 144 716907
280 52 331269
195 71 726698
65 251 679780
170 198 362893
110 17 121174
102 43 331873
195 35 318812
19 115 346553
40 92 844090
154 18 928171
150 214 999584
29 286 616334
4 204 683408
126 79 452469
194 172 662604
207 145 23522
103 198 828486
28 238 536851
135 287 9292
121 255 943787
162 297 587866
128 97 957548
67 100 241669
113 15 42932
67 96 214465
187 239 951882
150 107 319333
194 66 410453
232 133 904307
108 89 90483
280 219 664824
188 83 276683
74 165 656009
209 42 851686
236 161 343682
263 1 443107
190 155 471441
84 30 243032
219 32 366681
248 163 370715
25 56 682861
216 170 609942
167 172 904027
213 194 264423
296 178 814340
84 228 561909
247 89 50569
12 93 469456
233 47 940684
268 190 450430
111 38 776549
67 154 974013
19 38 208790
182 114 841918
293 57 359165
73 213 594450
104 222 123728
10 99 178776
294 166 522366
121 281 708538
201 237 105087
31 298 158995
245 215 791418
75 164 85569
5 94 619492
180 186 466813
216 21 159043
199 131 34266
87 270 788139
56 182 314607
2 187 16127
140 39 326480
49 171 452042
287 129 156433
190 123 329450
211 254 668652
259 238 676197
288 297 395685
269 258 416332
148 179 137992
160 155 683022
123 27 441100
298 7 841597
283 71 710154
173 298 200937
283 241 493868
51 216 741473
14 24 146805
147 215 209723
269 98 872815
288 92 99023
41 261 994029
172 270 379630
120 171 775787
133 39 316388
235 93 886957
154 208 499804
87 235 160781
71 179 8355
181 106 632536
168 120 37375
83 235 66858
278 275 710659
100 11 543611
162 42 73365
113 239 817295
172 131 55994
235 225 65113
268 181 535227
169 272 15809
105 136 784456
45 264 837174
88 238 7372
184 285 535236
129 277 605936
38 142 163704
5 135 376339
194 232 961747
149 70 622741
36 190 676020
298 127 134375
291 104 861565
291 124 937575
102 262 183271
212 5 940781
109 268 678865
48 227 109026
16 134 679716
299 2 870040
54 238 835815
154 262 536102
7 30 305533
94 224 641734
45 269 121672
149 239 481104
17 76 392307
290 201 252896
27 62 438325
228 288 777417
77 192 630345
72 174 375448
198 203 180069
13 176 720574
170 98 636064
242 198 448165
192 31 143920
54 128 835011
19 149 896549
265 76 397459
268 287 551968
292 165 806764
221 128 277878
98 260 824187
37 110 895126
2 39 290282
291 91 532173
215 43 415794
205 124 463377
191 136 379743
100 153 637327
291 193 503500
91 152 922341
204 299 66528
143 51 404688
58 95 513619
177 3 608775
33 246 866222
59 77 678282
207 81 512695
52 200 540155
125 158 62674
235 20 439789
214 295 348262
186 14 89433
73 159 880677
202 152 797563
188 26 191174
243 194 232510
58 85 499982
287 263 391641
6 188 938833
246 152 400027
196 54 295785
217 11 414398
256 236 463210
221 37 324553
251 96 11372
255 79 921737
247 22 981880
15 267 47645
47 95 938351
257 54 338353
250 201 520435
180 205 964623
256 106 563334
191 115 373853
192 157 223998
200 85 774654
39 117 778304
48 128 399151
162 299 807306
111 249 530847
89 207 106309
107 7 457182
40 261 137612
183 88 526406
207 77 656219
249 86 269439
49 221 38304
110 160 506272
26 208 796218
185 197 158065
106 38 819179
245 98 272820
290 146 442084
47 141 227244
55 19 570209
62 239 826105
183 249 799803
176 92 710952
