300 299 300
188 199 282828
249 214 692076
15 155 881357
84 234 990835
167 170 252903
285 252 605894
106 30 704649
142 219 462166
248 30 167496
94 32 260598
55 131 69164
134 131 62919
242 118 944182
263 298 176082
292 255 111460
73 25 893641
60 40 45366
120 153 110557
201 249 589846
52 221 294257
193 254 980331
204 275 559085
298 240 635194
101 82 734429
86 143 499648
2 86 291497
240 175 357660
113 142 657130
264 48 177047
118 300 175965
249 239 848528
10 277 87984
169 16 259587
11 258 461902
175 172 444457
209 78 445092
158 53 880806
118 105 97308
75 168 504912
57 13 427345
12 187 130504
48 101 863069
77 86 465474
95 195 96825
176 241 675614
133 217 964093
54 283 800336
163 205 774730
84 131 621252
159 211 976374
87 227 203086
229 11 263980
73 155 772264
115 264 268968
99 282 457955
139 186 716160
87 183 431381
97 271 106280
55 207 474604
89 256 61048
39 235 247094
243 207 345567
207 247 234100
101 123 361440
202 117 731041
272 255 680945
296 88 64609
56 18 561174
100 153 985515
216 14 880772
219 33 827730
265 84 262801
231 93 109077
212 252 535861
294 201 235879
42 147 374415
221 20 28192
185 283 200398
274 124 169731
15 146 933750
48 206 221253
191 276 268822
233 264 688047
9 217 866115
14 192 897183
102 202 764921
210 86 327646
13 110 121329
193 201 698966
250 186 699456
285 209 101517
282 161 184921
166 299 233777
26 122 185529
223 189 194344
116 196 447005
298 261 773704
237 4 119315
32 228 651593
133 11 395415
106 155 504003
270 131 786023
15 201 221732
154 223 447161
246 228 667694
77 41 599122
15 231 479775
31 275 456905
187 289 821870
209 168 318660
271 134 257999
109 194 856602
124 7 14303
3 126 184088
192 288 880286
217 128 497112
48 221 568095
223 293 917463
118 102 545166
116 204 927114
15 153 549940
34 208 593971
279 54 300120
267 109 97665
300 201 336744
118 177 91269
191 300 498757
281 169 766760
159 225 969812
161 205 788121
264 262 505459
20 37 115440
247 291 787927
40 45 689162
147 292 791717
217 271 153350
220 81 150611
167 201 977319
71 78 242486
299 69 621684
102 149 526808
196 3 870537
122 257 323514
299 24 959273
146 91 644055
266 82 451794
3 269 925436
80 38 661901
132 110 755020
201 159 392931
238 87 243859
164 10 794113
179 65 782051
104 36 507060
221 164 75901
241 114 748502
92 179 427758
218 17 181639
61 138 720042
187 150 136240
144 45 803404
222 185 827627
103 130 341648
186 14 98236
161 118 89580
73 283 811148
10 49 591304
158 114 158179
196 69 159650
199 239 471331
146 213 640935
265 176 616478
161 280 611813
284 78 106871
46 148 357430
103 86 634634
130 39 460659
109 160 665329
96 212 552529
95 88 33711
43 112 587047
236 295 822898
51 112 686272
224 14 124697
5 298 621152
26 253 483942
97 64 423377
274 66 466686
147 34 604059
195 286 369636
191 151 251115
273 59 126533
129 99 799401
243 85 154208
176 137 102043
18 58 581714
273 6 416527
85 178 400095
180 104 23158
54 119 840176
51 190 702001
102 59 363802
197 174 31357
184 259 287695
28 17 483816
164 181 908839
275 171 7343
203 82 793861
264 141 791608
23 10 157936
36 45 303891
260 245 203510
17 184 635145
294 186 496706
8 231 675100
105 19 992504
27 80 478695
245 92 542307
3 268 874843
118 165 503342
250 12 74893
63 55 451079
244 198 956209
4 118 70259
35 288 59081
201 147 156339
221 260 223354
38 253 721228
260 15 931722
135 73 958675
1 227 85207
268 88 718519
263 196 68635
251 161 546061
196 76 760153
33 22 985619
221 45 234825
244 74 633257
50 273 28561
280 285 384219
228 236 677225
121 210 679369
122 294 642854
300 234 717012
297 241 435726
202 174 654273
51 126 258040
148 125 457838
109 300 135366
21 61 890193
285 83 442257
155 154 612626
167 142 152786
32 196 267407
261 290 521411
86 107 833398
170 157 592799
148 29 637814
68 201 779193
204 193 418742
226 10 953912
292 56 597152
130 140 640720
135 256 577369
56 152 286086
72 165 163591
122 103 900435
169 116 113684
127 133 257457
156 274 742727
194 28 667421
145 241 314385
220 299 591071
244 285 11312
62 98 414571
70 79 521009
21 278 922990
47 56 835238
200 109 934261
87 244 988834
179 90 577539
221 61 629920
148 3 304343
162 113 947097
268 13 171792
287 231 809312
62 3 298952
234 136 399179
111 76 435608
48 156 830322
173 120 883941
182 10 554389
215 184 525164
44 221 53958
230 13 776268
159 79 156470
67 242 955650
225 232 575256
108 188 299054
288 274 7
244 6 3
294 70 10
137 215 6
156 227 8
278 93 5
169 279 5
3 145 4
243 14 2
184 86 2
179 85 8
28 67 4
133 23 4
139 212 9
229 70 9
298 144 10
138 170 4
5 266 4
144 261 10
270 227 8
15 50 3
224 22 4
46 250 1
145 122 6
263 108 8
32 131 6
276 190 4
274 239 1
27 34 4
153 21 10
231 24 2
224 222 1
130 19 5
208 114 1
87 78 3
55 36 4
127 108 2
50 9 8
248 128 3
179 7 8
174 269 3
137 70 1
211 12 4
273 197 5
25 227 6
158 104 3
226 207 8
127 36 2
174 158 5
204 166 6
221 12 3
176 280 10
150 196 6
216 1 4
4 197 4
202 191 1
193 237 4
152 19 4
71 282 10
15 178 2
27 40 3
223 7 5
118 245 4
246 286 5
141 165 10
152 43 3
183 271 10
5 293 2
255 49 1
66 41 6
284 144 4
99 213 8
299 37 7
262 9 5
1 123 2
43 223 10
210 57 6
163 183 6
167 107 7
222 109 4
261 162 10
25 122 5
254 50 10
51 80 2
262 96 5
122 150 3
30 167 9
275 106 5
273 72 3
131 219 10
197 59 6
10 155 8
153 52 8
231 207 2
132 150 8
205 190 7
188 244 9
84 205 3
254 167 2
6 275 6
254 161 1
66 70 9
124 147 7
250 263 1
230 203 5
276 273 3
87 103 4
204 134 5
207 73 3
76 197 8
99 67 1
222 18 5
220 49 5
118 227 4
230 166 4
220 250 2
189 277 9
113 79 5
83 65 9
50 100 3
177 247 6
16 66 5
9 82 6
193 163 7
14 294 4
98 20 1
53 144 8
216 243 10
256 102 9
7 237 6
235 197 4
137 284 7
129 164 5
5 150 5
184 131 8
177 38 6
6 180 6
33 160 7
291 179 4
297 104 6
3 87 5
195 21 3
132 271 5
208 250 7
85 49 4
246 37 3
276 239 3
275 154 2
64 177 5
230 220 6
249 270 5
3 122 7
231 16 10
17 107 7
44 118 2
68 178 10
22 166 8
98 115 9
11 177 3
279 139 8
189 202 5
173 237 4
190 202 2
40 6 2
141 272 1
165 106 1
253 225 4
100 98 2
169 68 9
230 17 1
57 177 2
271 107 2
65 59 2
275 136 6
167 218 10
91 26 6
85 24 9
39 187 3
58 298 10
32 269 10
3 242 3
3 196 2
191 139 6
217 193 8
181 194 1
116 21 2
32 297 2
231 50 6
237 183 5
195 57 5
62 196 9
247 198 6
130 215 4
107 126 7
52 6 4
194 205 1
84 25 2
278 22 6
52 294 6
2 71 8
242 77 8
86 139 4
85 165 5
214 223 3
189 234 10
226 264 6
45 92 8
93 209 4
266 195 7
194 80 9
105 219 9
110 42 3
20 102 10
239 151 6
11 267 10
30 7 1
65 142 8
201 294 1
29 3 3
259 35 7
99 242 9
186 172 3
131 67 4
143 44 8
87 196 8
253 2 3
284 8 5
286 116 3
19 28 8
286 56 3
274 280 3
278 4 5
239 162 8
154 68 6
3 88 2
255 269 8
189 275 4
137 54 7
20 294 8
142 159 4
295 69 6
73 203 2
131 212 6
129 247 1
103 235 1
252 83 5
149 43 5
46 59 8
11 51 7
175 107 3
51 257 10
171 98 7
175 88 3
263 271 1
22 240 3
21 186 4
208 267 4
247 227 2
34 69 7
297 33 9
26 41 8
70 120 6
274 267 10
141 210 3
51 98 6
271 60 2
185 176 9
111 229 1
15 158 10
142 196 9
267 189 7
262 91 10
242 160 9
1 6 10
289 204 7
112 58 8
225 200 8
184 91 8
260 169 6
165 226 6
140 199 3
300 84 5
33 299 9
299 244 8
284 32 6
47 81 6
221 247 5
5 288 10
177 237 9
35 117 5
225 227 9
241 142 8
168 288 10
145 30 1
134 223 8
181 179 1
219 221 2
212 275 10
141 50 10
239 35 8
