300 2000 300
49 70 163
123 5 580
246 109 680
39 172 251
171 166 353
223 11 158
181 146 644
221 149 575
28 283 470
158 225 62
97 230 190
26 30 100
151 213 46
184 200 840
294 33 782
290 228 486
288 275 180
64 237 558
214 128 716
185 259 513
109 67 536
273 257 846
98 212 499
259 206 504
117 77 179
119 280 559
78 240 410
127 36 308
212 265 219
96 233 512
16 9 166
171 15 945
212 45 117
103 170 919
111 46 133
176 143 639
60 173 303
32 60 88
251 163 650
216 75 330
162 26 604
242 60 774
62 137 23
150 279 990
82 286 343
297 168 201
165 163 893
180 200 57
93 162 752
177 194 215
115 198 302
86 272 349
41 237 601
72 215 207
169 55 815
2 151 608
147 231 556
111 20 974
79 48 30
126 189 985
281 50 710
58 251 5
192 98 594
203 226 198
91 181 748
214 105 239
273 173 514
55 300 41
293 265 677
15 34 867
287 277 95
31 160 211
225 292 900
204 131 885
246 257 626
91 168 882
98 106 593
89 193 276
174 46 344
114 93 405
74 113 716
163 88 767
20 259 756
92 56 233
269 286 217
139 251 390
253 29 520
29 257 526
85 219 394
266 99 222
61 3 189
85 195 952
136 230 132
49 236 974
218 140 256
273 195 727
97 300 213
142 247 50
124 146 743
111 117 851
105 165 520
82 30 868
156 77 847
145 36 431
170 80 880
259 172 507
215 225 223
76 203 188
190 99 618
252 234 663
215 20 625
299 154 570
134 53 297
45 205 69
180 197 555
274 185 236
77 248 618
207 119 717
196 67 62
238 37 363
272 136 41
221 137 869
229 61 302
79 222 480
223 264 126
158 2 600
222 159 187
254 131 371
228 159 548
210 156 845
165 121 796
112 113 940
123 152 519
59 180 792
176 62 630
77 298 345
240 17 256
160 197 944
82 145 997
235 295 204
230 185 153
143 165 955
122 205 633
276 213 385
155 242 243
179 298 116
135 131 877
149 123 948
281 257 635
196 296 645
35 294 367
166 259 491
121 129 649
96 151 908
182 105 898
22 9 959
138 36 790
70 191 332
47 85 868
76 187 890
140 17 411
78 216 812
60 233 873
88 260 590
90 151 439
115 110 606
98 122 294
87 102 50
188 54 64
292 136 964
90 107 3
160 94 702
280 166 842
83 20 315
192 164 92
248 127 473
185 105 548
29 61 185
103 136 819
257 197 747
116 295 370
110 37 441
231 270 367
161 43 881
127 103 840
248 137 765
204 280 97
84 175 368
133 264 881
12 102 566
10 159 99
254 170 427
68 54 536
117 255 21
165 140 249
200 296 653
96 188 78
135 300 829
2 26 691
25 174 411
260 75 214
110 111 853
187 76 616
133 249 340
293 80 762
63 67 679
246 159 612
72 148 1000
161 77 16
5 290 696
287 261 621
128 185 387
44 48 196
27 88 287
96 4 613
224 118 533
126 264 31
213 106 118
75 177 617
200 77 391
216 148 539
55 291 154
77 276 548
278 274 304
7 268 445
83 274 869
195 14 759
44 135 990
94 193 146
178 225 359
295 25 848
75 93 394
216 258 804
9 183 449
72 156 550
109 157 961
282 162 815
263 60 997
62 227 489
222 287 841
210 238 83
152 9 935
8 275 808
85 252 414
243 189 414
37 211 259
167 182 199
56 231 586
33 213 583
93 190 364
29 291 416
138 145 587
41 281 373
113 281 305
182 52 304
281 299 651
71 296 363
92 53 259
157 224 854
92 224 856
214 128 914
290 227 697
223 133 842
214 203 176
51 31 624
131 43 176
217 282 694
170 198 853
242 213 658
253 64 624
270 161 566
157 232 446
281 268 556
57 194 94
175 66 624
275 259 649
85 209 142
76 80 48
282 272 684
26 211 297
63 6 942
287 164 314
185 73 649
44 229 310
86 78 927
284 123 559
50 232 330
150 58 712
132 115 27
5 75 673
50 81 425
32 64 760
183 279 211
114 106 776
226 25 615
294 61 319
180 84 358
37 115 283
168 46 259
166 197 835
122 182 686
170 16 525
213 282 794
227 4 359
109 153 616
285 146 51
135 145 669
27 99 196
43 218 150
241 139 278
141 63 744
118 32 172
188 255 328
220 183 759
159 190 719
23 288 878
251 32 213
113 208 520
267 168 181
35 17 875
60 119 200
39 185 15
235 225 966
194 292 829
231 196 241
164 219 36
180 233 730
175 280 277
9 56 739
32 198 484
71 132 70
214 21 431
15 175 248
285 19 102
239 188 559
10 205 192
140 220 860
211 5 265
277 276 472
65 151 28
297 155 741
193 172 80
170 142 82
104 210 139
94 85 97
105 242 758
165 210 840
21 254 75
165 218 914
6 207 466
298 214 113
203 103 160
266 261 468
28 204 217
207 32 338
73 239 700
28 32 389
183 270 63
145 58 194
238 163 885
127 217 274
148 214 18
112 250 667
99 6 562
155 12 978
23 125 878
35 11 681
190 138 856
48 37 93
117 256 749
169 65 181
223 123 78
274 1 339
233 160 712
260 264 617
169 104 348
121 218 552
32 94 833
148 179 560
162 182 784
105 277 81
71 262 343
76 213 967
171 77 992
102 59 60
235 39 561
174 168 553
49 21 317
237 186 178
233 203 968
217 136 991
167 52 603
132 252 200
282 217 206
198 58 612
180 130 427
140 176 284
166 215 653
256 136 694
183 107 531
254 246 472
232 75 925
154 282 810
180 54 290
52 296 92
67 271 264
149 244 161
219 254 910
180 71 254
82 8 524
133 239 153
168 188 506
182 193 639
253 7 880
235 279 655
31 148 269
28 19 25
140 218 690
184 118 141
252 189 681
81 39 760
273 23 184
175 81 64
291 94 853
286 214 723
51 206 11
235 1 595
261 272 906
32 169 914
58 223 704
181 279 886
186 280 831
264 129 265
26 191 399
14 5 206
266 147 439
213 220 193
195 6 462
288 33 484
156 274 862
104 32 714
137 111 989
181 215 992
42 220 561
292 250 132
51 192 210
231 242 656
295 147 347
44 45 631
269 255 254
182 223 154
66 55 883
31 125 294
33 29 328
176 31 143
247 265 329
44 109 836
24 201 14
54 125 283
289 39 592
72 187 971
91 109 572
171 29 446
28 43 942
34 226 862
59 107 970
248 61 24
64 65 326
245 66 977
215 270 434
236 211 142
195 87 913
13 67 385
142 29 915
188 79 970
8 41 725
300 73 578
160 285 374
184 158 204
83 201 403
262 62 331
135 218 482
248 197 328
129 63 839
110 271 935
77 50 144
50 277 434
98 23 41
163 148 967
300 106 315
129 297 809
201 88 19
261 102 422
101 258 873
209 62 417
202 237 637
30 296 426
22 27 389
284 150 208
77 131 779
95 152 709
274 210 508
25 192 159
55 200 10
44 251 215
2 295 54
147 222 899
212 57 516
74 172 919
53 190 370
266 159 794
181 81 346
282 245 994
242 236 382
186 137 850
173 131 618
271 85 987
297 250 40
297 103 103
236 183 377
235 276 321
85 114 11
290 118 953
247 122 10
90 12 369
243 71 258
48 201 892
101 122 351
194 72 641
45 241 594
223 170 3
80 33 1000
6 189 989
55 21 376
129 74 675
106 75 774
73 41 494
129 137 231
54 282 163
3 183 830
208 274 787
21 120 437
9 93 478
31 293 560
31 102 280
68 257 733
52 296 804
141 31 522
17 133 614
132 224 674
48 276 775
156 131 180
217 267 573
181 17 953
286 257 423
147 299 834
4 250 311
22 118 986
143 26 548
46 266 17
276 121 334
149 42 22
68 49 435
133 25 881
218 156 522
272 296 570
192 57 83
151 291 364
212 252 343
157 240 879
258 208 397
266 104 972
273 71 846
219 12 265
119 256 346
245 70 126
41 257 932
131 191 893
210 220 816
55 48 626
245 277 169
218 139 441
228 28 594
136 113 132
275 228 490
126 225 337
98 226 275
144 98 221
254 234 713
190 268 958
176 269 401
135 163 50
245 267 603
268 176 757
166 242 809
277 251 596
20 130 85
115 165 974
65 273 387
248 35 700
79 85 216
114 167 665
167 6 860
239 167 362
73 95 807
267 97 466
98 24 690
193 192 106
21 170 819
116 198 629
92 26 300
195 246 373
162 160 33
139 161 922
238 230 599
243 257 7
91 294 50
243 150 253
248 17 397
172 27 25
215 85 52
39 292 487
128 48 991
232 139 122
298 85 649
140 72 177
283 172 826
224 21 913
34 116 952
154 146 462
37 196 74
149 213 389
160 282 821
53 36 856
40 102 801
1 76 31
154 150 235
297 255 255
252 63 747
250 12 655
249 255 498
157 253 407
102 112 122
147 275 322
294 258 248
163 59 503
291 96 678
4 17 756
1 178 74
168 33 453
280 91 313
202 97 882
77 24 257
149 66 528
235 100 814
19 200 499
237 174 396
201 185 410
243 238 992
173 121 555
123 101 381
116 202 895
6 180 520
226 112 151
48 212 920
99 177 729
172 271 889
39 83 835
95 69 657
282 294 555
256 289 13
33 277 381
105 3 714
11 126 79
66 2 227
298 168 790
224 41 2
73 96 699
24 15 72
30 4 848
135 23 29
268 182 621
79 87 488
275 158 484
170 232 52
105 78 195
126 28 534
167 271 567
25 201 43
205 159 683
52 246 945
291 52 459
86 163 108
42 16 895
288 37 6
284 136 33
212 269 840
133 203 9
36 132 670
293 299 441
173 187 482
12 151 577
190 18 945
29 227 52
121 155 47
163 8 372
81 116 362
290 297 969
3 174 29
268 209 981
231 209 162
288 51 122
191 96 579
99 156 150
60 159 240
296 45 318
122 21 682
283 174 993
27 153 187
22 33 638
174 202 574
160 191 192
5 193 230
270 195 497
296 283 506
285 207 541
124 278 441
83 291 591
258 194 484
112 39 781
85 41 434
229 35 138
141 159 761
107 81 549
208 12 884
262 211 952
80 251 932
72 234 845
161 114 678
214 295 179
294 131 342
142 208 350
99 287 428
72 190 286
246 78 694
131 71 884
137 140 810
180 133 378
278 127 577
67 280 477
61 24 549
187 123 970
59 188 892
78 142 702
161 242 76
137 108 552
55 295 582
51 215 558
157 36 869
48 259 356
131 15 679
16 104 92
296 14 887
208 240 396
89 225 128
3 139 374
287 133 839
138 87 345
94 56 873
1 274 282
37 196 118
42 242 92
134 84 733
281 16 629
2 204 988
298 64 237
273 109 451
300 138 494
59 79 487
237 271 412
194 264 882
173 75 215
252 26 500
235 237 145
269 292 620
86 63 883
167 85 984
253 256 903
95 168 272
111 112 602
279 45 491
201 4 703
164 247 606
113 118 799
205 296 861
210 254 632
205 165 29
115 219 536
40 104 963
24 286 623
21 132 828
79 295 438
196 26 964
49 276 1000
293 251 135
89 298 690
178 74 217
172 193 960
274 270 830
11 18 13
27 271 174
58 35 336
166 63 527
163 65 948
214 57 267
127 272 532
38 222 472
22 250 458
6 160 207
295 73 584
260 158 166
227 35 414
42 83 88
138 113 483
31 171 704
180 165 610
132 53 400
44 174 286
13 202 723
178 272 255
287 157 943
178 60 357
139 243 37
123 113 297
47 251 409
212 261 722
81 91 499
255 234 416
226 84 496
227 162 378
28 82 738
273 184 881
234 214 343
205 179 225
59 42 634
45 289 706
132 295 11
23 106 153
199 39 362
5 252 425
63 147 103
264 134 340
33 67 10
46 141 979
12 252 819
162 31 245
149 159 392
181 37 806
80 221 724
244 264 160
132 109 825
152 115 541
142 145 845
287 150 427
234 151 318
203 172 188
70 249 238
149 60 14
125 241 267
136 163 203
279 18 357
22 150 260
267 191 815
155 292 641
82 298 27
105 134 404
273 83 648
244 135 606
226 17 510
230 104 324
219 29 740
9 57 843
300 57 48
257 7 754
294 262 844
122 191 288
34 203 29
145 23 683
153 199 247
239 276 950
78 96 52
201 143 341
273 198 522
16 230 395
123 144 288
74 116 302
45 237 633
86 112 659
45 7 89
207 288 406
24 23 80
46 89 358
293 268 769
130 229 512
262 300 103
187 188 988
102 26 50
286 211 130
89 122 624
91 54 250
184 12 436
78 268 456
142 214 137
134 77 286
170 35 456
201 136 302
227 104 761
201 72 955
175 47 624
41 131 455
261 143 209
281 63 60
83 36 208
130 219 657
214 297 705
146 222 794
52 127 111
135 249 921
97 57 958
23 59 143
132 265 752
159 196 904
297 153 76
244 226 577
148 9 237
47 183 803
167 71 465
118 262 256
272 64 649
109 211 128
218 68 440
189 254 339
22 93 583
132 209 224
135 231 203
231 122 243
214 200 42
280 194 170
280 161 242
223 240 689
97 14 248
120 209 191
11 228 638
217 19 129
262 85 958
263 249 830
186 38 859
91 13 491
237 104 16
267 180 214
106 156 7
271 195 138
74 202 58
199 148 7
266 224 267
209 105 382
133 102 558
119 11 110
92 250 835
107 165 41
235 78 139
17 77 824
98 278 287
239 188 922
167 126 870
287 226 551
28 160 421
161 200 692
160 149 922
43 211 70
286 111 879
281 290 156
192 59 843
64 82 923
144 234 827
123 184 864
9 100 439
285 194 846
251 145 158
119 20 128
200 119 446
95 258 37
90 193 851
180 155 136
179 126 142
87 157 844
266 272 819
264 207 765
135 199 927
10 177 913
198 258 629
4 101 728
259 130 966
8 287 160
258 88 827
176 103 563
163 70 351
19 250 473
177 54 994
143 272 566
13 60 150
54 286 127
228 102 796
92 227 962
172 99 296
126 245 891
275 79 729
291 295 424
90 268 539
37 148 92
70 137 369
118 236 599
270 59 388
48 300 427
125 68 264
294 276 391
242 53 193
169 204 611
6 267 801
136 134 701
38 176 69
130 212 672
257 4 895
161 295 229
225 31 196
119 188 63
29 278 918
252 74 813
103 36 414
225 211 147
3 174 298
174 132 72
75 119 241
238 4 404
170 178 599
34 226 749
200 18 568
298 281 650
259 79 255
62 142 605
208 246 154
264 79 262
14 278 84
239 244 661
91 40 535
126 211 130
255 7 426
58 244 460
61 158 457
298 203 865
213 77 688
73 21 441
197 81 406
294 19 524
32 207 766
23 17 299
169 132 579
141 91 864
283 227 622
105 85 252
69 217 257
282 251 532
5 248 428
159 288 388
221 186 40
290 97 628
263 275 943
158 135 758
164 56 781
97 259 390
92 229 255
196 21 858
283 77 200
177 294 53
162 210 873
292 222 988
28 15 349
231 125 309
275 10 667
6 71 298
250 262 993
139 185 533
106 57 189
207 60 699
236 184 596
204 149 362
28 161 125
35 189 115
77 24 261
162 153 386
158 211 34
218 69 854
93 294 660
250 82 845
257 156 879
140 94 292
14 237 303
72 219 813
259 30 236
175 156 599
299 77 107
83 293 261
278 129 317
188 151 97
85 50 103
216 88 979
87 252 157
231 217 714
15 53 662
197 25 877
218 24 181
163 31 157
104 16 340
160 110 246
217 43 935
7 60 258
68 205 701
132 237 844
79 243 245
168 38 336
237 188 636
79 13 574
33 243 796
124 82 87
64 272 280
295 199 575
19 156 653
270 177 609
242 70 820
31 260 635
205 222 988
180 190 8
299 125 163
48 179 824
183 127 388
155 224 960
277 284 476
170 73 618
171 63 787
133 256 326
116 52 968
96 3 75
86 300 213
148 133 151
133 289 797
106 136 262
270 46 298
161 34 736
15 55 404
45 194 803
137 42 82
86 75 76
34 216 239
291 152 24
247 6 184
100 101 662
238 122 109
20 292 541
240 35 326
207 135 482
10 122 350
228 221 393
146 230 811
260 37 208
50 278 863
271 151 321
144 198 961
92 265 888
98 22 243
39 218 983
249 295 634
137 239 385
210 169 116
134 210 436
198 238 185
180 106 742
97 257 627
129 225 287
298 253 357
183 120 388
146 168 113
166 180 482
230 299 225
277 238 155
178 93 484
35 148 967
88 115 911
38 37 888
266 181 374
25 87 656
13 73 782
27 295 229
26 96 992
205 114 270
126 170 317
164 62 535
289 290 75
164 138 745
72 191 715
246 72 138
148 32 791
22 209 929
39 94 209
13 129 90
276 86 303
81 80 243
241 259 666
298 95 811
150 30 511
164 135 627
173 98 237
268 135 120
184 163 479
76 226 934
264 1 300
57 183 518
10 167 786
110 178 719
294 92 28
246 40 277
281 197 259
245 94 965
56 1 101
259 184 710
140 211 215
288 117 212
186 236 32
121 186 168
45 226 145
241 151 822
262 188 933
1 142 113
246 46 741
76 15 826
49 106 45
110 272 80
76 269 342
8 89 656
297 43 975
186 38 808
67 63 702
266 276 626
78 281 311
190 289 918
102 75 152
46 23 788
206 291 303
10 277 222
254 260 574
120 90 5
255 3 606
86 205 22
113 92 263
46 157 120
184 296 771
276 31 735
35 89 361
25 291 18
119 286 706
74 207 74
66 25 390
111 258 696
200 59 501
152 63 55
191 52 256
224 97 967
114 229 522
295 232 222
157 18 125
18 12 94
288 71 730
47 119 971
146 253 981
296 254 883
54 267 930
64 242 121
14 94 773
2 62 999
194 4 181
266 197 634
115 132 136
234 242 763
125 294 246
193 233 764
40 253 284
193 246 525
5 3 941
118 21 319
52 208 520
166 91 762
94 161 187
57 135 350
65 101 178
91 51 994
111 278 874
114 59 916
195 267 427
239 215 4
161 60 55
77 267 550
229 107 226
230 32 994
173 168 157
62 230 184
270 248 902
253 152 650
281 164 294
208 221 269
205 225 176
181 281 526
42 40 270
17 5 968
95 79 979
145 220 470
201 271 102
107 209 400
141 138 293
55 85 18
229 170 505
268 80 874
62 239 829
263 69 396
258 71 856
218 279 922
56 167 115
234 205 93
257 153 675
233 231 262
280 221 174
273 39 214
105 70 949
135 237 268
279 273 253
146 174 755
244 247 158
120 180 750
102 52 800
295 215 501
106 241 327
40 114 913
9 190 828
76 30 174
263 246 890
152 94 165
265 151 84
172 276 932
120 79 402
255 125 307
207 171 163
97 290 625
228 292 843
256 247 456
77 175 715
189 167 692
99 127 902
239 206 629
300 52 937
186 116 321
8 290 741
112 59 609
32 229 762
250 237 591
221 25 732
25 117 113
35 169 54
38 61 670
116 143 785
30 280 732
96 197 996
289 125 649
121 165 467
105 171 170
65 110 476
52 67 322
32 3 460
124 168 507
236 187 591
128 110 597
167 86 38
281 14 896
190 277 123
234 248 651
77 292 16
102 284 351
275 278 509
43 207 9
84 280 446
243 67 799
56 270 975
99 29 531
119 113 374
272 49 62
27 180 815
293 131 487
266 185 179
24 96 585
160 55 131
283 57 133
32 286 868
160 281 570
108 162 688
187 289 443
263 79 510
60 67 269
85 80 915
123 240 463
80 203 732
175 282 663
278 297 977
29 192 330
33 171 462
173 201 526
224 112 235
122 58 450
86 193 773
149 185 28
207 220 571
242 277 337
203 56 828
239 276 793
99 170 684
90 195 709
127 215 69
214 158 374
115 86 56
175 170 93
78 220 661
125 88 205
51 269 744
124 244 623
256 101 591
14 229 495
299 115 806
74 34 49
57 78 558
240 2 520
231 150 649
256 269 442
152 193 531
63 278 231
182 237 147
67 162 798
148 178 448
172 156 661
159 22 401
42 135 501
258 243 37
224 179 151
173 294 996
50 70 16
147 57 526
89 189 698
88 66 87
165 2 701
264 171 265
212 209 834
242 184 885
257 208 667
279 8 331
6 19 567
264 91 38
87 4 756
116 235 335
103 293 118
233 196 171
226 253 732
281 203 211
69 13 779
251 130 836
193 223 826
210 58 783
65 17 134
145 59 550
84 86 154
117 10 995
279 100 28
261 175 604
295 292 965
112 39 453
213 205 280
241 52 710
123 170 206
297 256 824
290 239 789
112 208 379
254 69 906
83 288 958
266 298 862
264 58 7
166 2 508
11 18 778
278 271 352
56 176 704
113 41 559
136 215 347
191 221 125
20 54 1000
32 282 75
46 265 633
9 57 976
5 157 382
186 30 177
36 124 880
263 202 93
275 123 387
272 146 359
154 185 394
76 232 885
200 113 711
23 2 270
277 147 683
248 148 251
39 257 233
19 221 855
28 180 668
147 286 229
28 248 981
134 234 38
92 257 798
230 52 639
287 260 661
202 54 551
10 134 301
219 90 908
219 25 845
187 277 796
57 7 750
69 161 52
59 153 213
126 54 35
290 46 642
36 124 649
300 223 293
83 150 740
232 282 8
30 16 174
101 115 876
66 136 53
300 217 670
78 15 717
72 98 636
198 156 775
89 154 308
34 23 244
50 197 125
258 197 265
106 99 260
18 86 961
163 13 218
92 241 634
64 261 554
265 269 452
266 64 220
239 209 211
102 106 72
29 262 541
131 108 544
77 225 604
190 285 489
241 153 893
107 206 159
241 218 694
185 254 714
94 112 918
282 278 867
192 35 479
135 210 170
171 286 580
178 36 718
143 24 789
85 127 571
136 69 637
67 214 208
132 213 120
172 153 697
177 26 870
300 89 50
19 105 475
38 91 396
42 286 907
42 276 323
86 262 71
4 51 798
247 79 533
114 236 783
212 131 170
242 13 242
273 243 159
136 32 613
261 59 929
86 132 497
162 39 300
128 208 477
119 79 319
113 110 212
53 234 873
149 160 731
226 45 160
274 280 370
64 24 602
104 61 734
152 14 53
296 103 173
195 249 154
260 85 658
70 141 835
104 281 477
146 128 284
113 285 79
132 145 237
114 60 430
168 1 604
296 12 495
137 147 477
5 231 395
200 225 666
107 36 753
30 74 132
289 169 316
222 142 284
171 93 405
271 193 89
212 79 671
191 259 817
239 135 575
61 190 489
162 120 832
205 135 752
213 74 774
67 238 703
43 272 106
91 171 125
60 141 869
113 174 435
176 162 90
12 114 105
241 2 72
173 160 384
88 7 831
270 195 5
51 294 408
149 171 966
230 12 879
42 191 306
64 26 751
167 66 510
255 218 707
2 8 258
251 179 241
70 47 366
277 161 824
90 22 449
232 72 846
227 122 930
102 229 518
43 285 48
25 59 263
153 145 811
156 64 914
90 165 291
166 169 592
166 209 552
38 184 989
206 224 384
164 186 633
294 268 837
124 100 626
52 13 131
211 215 92
200 104 988
146 289 349
35 231 583
216 165 543
172 205 510
254 187 193
258 174 633
89 81 506
293 297 839
167 129 399
77 126 209
245 289 946
241 27 446
203 235 325
77 31 188
116 2 758
89 129 704
203 249 106
125 25 554
284 134 557
25 50 343
259 139 394
235 185 989
161 199 57
286 85 511
190 208 575
298 203 326
109 127 86
94 163 581
87 275 921
180 253 350
252 114 139
300 178 49
97 85 137
19 188 44
92 237 635
93 141 817
203 10 93
47 206 540
214 92 508
53 137 819
172 253 792
289 179 568
63 124 370
107 114 782
150 210 350
140 30 627
15 93 16
296 187 999
296 231 454
216 15 442
280 250 389
6 85 311
146 70 840
195 63 150
22 157 458
119 197 41
174 224 554
33 82 312
157 249 450
61 23 814
50 171 70
105 283 613
39 72 688
139 8 454
43 196 828
234 238 80
71 91 887
162 58 972
100 143 807
56 100 727
245 275 54
187 44 201
202 40 879
38 131 917
192 100 122
93 16 825
118 71 998
105 101 230
207 164 377
87 259 757
55 133 491
80 187 362
97 50 511
255 100 73
276 187 172
189 31 785
147 150 781
178 91 357
37 149 425
113 160 505
11 192 645
66 289 931
223 162 404
125 289 596
103 294 182
160 7 2
5 17 349
60 25 471
188 64 42
96 118 470
179 240 475
163 290 948
152 233 197
45 298 265
25 142 33
71 156 933
231 160 622
210 233 675
250 47 960
280 150 896
225 113 1000
53 124 459
297 294 874
236 205 906
247 11 791
95 261 497
187 256 140
1 243 459
113 191 461
170 154 795
214 6 115
143 103 293
194 135 894
239 79 209
276 225 809
10 27 80
223 48 439
224 8 802
239 103 701
249 12 121
26 219 817
62 135 832
260 110 132
64 245 981
215 94 908
197 265 116
54 62 187
104 209 786
133 91 182
178 265 566
156 115 53
273 16 140
124 35 183
13 294 547
294 185 61
175 150 87
172 97 440
275 143 91
298 188 982
17 228 567
8 54 605
153 199 587
213 156 616
252 217 862
149 72 181
48 144 319
46 120 126
19 224 395
235 233 59
215 127 328
76 141 595
13 8 574
202 27 41
33 8 446
300 236 313
163 135 71
236 163 883
245 209 630
36 279 161
107 174 181
183 16 807
113 275 104
99 26 940
286 91 902
292 73 387
239 257 847
7 17 351
239 270 181
218 194 881
173 247 564
39 158 985
285 138 821
193 206 321
137 85 503
87 21 93
110 67 349
139 142 264
128 276 120
18 203 353
195 247 433
42 202 569
276 263 986
144 64 267
204 77 38
203 64 469
194 180 878
167 231 971
87 247 525
198 109 517
148 182 816
100 164 358
171 178 457
103 214 5
152 21 920
294 137 28
46 212 507
144 227 834
132 154 751
3 155 891
68 32 517
89 210 587
275 64 210
205 155 662
105 181 132
113 47 963
72 294 323
82 245 626
296 251 920
13 22 257
139 239 940
23 185 596
125 9 538
175 39 962
240 267 252
216 84 770
275 72 904
176 180 591
139 91 906
181 222 628
113 293 844
216 122 702
240 266 209
239 221 772
36 83 388
263 22 88
156 225 694
14 67 75
89 295 693
135 244 363
214 59 404
142 269 490
146 8 779
49 21 998
172 237 486
59 10 163
224 233 913
205 170 896
129 173 755
194 101 553
55 85 602
94 218 895
249 76 303
197 120 532
268 243 500
123 104 975
54 78 880
74 216 375
96 270 99
181 114 93
107 150 537
133 237 456
281 60 447
293 211 923
144 289 296
138 82 257
229 266 312
194 235 57
189 139 567
147 195 120
162 116 247
55 91 188
62 146 99
91 203 137
71 260 712
198 1 98
253 70 561
83 159 407
270 129 572
166 65 132
178 62 203
58 188 537
53 50 911
204 163 809
282 248 521
221 28 724
69 125 791
35 292 151
135 203 741
27 211 641
235 145 371
49 257 764
186 68 695
75 70 772
112 194 729
14 45 372
119 187 708
78 211 279
24 34 355
90 5 489
249 144 720
37 20 296
116 71 471
230 181 89
2 40 574
124 285 255
226 38 808
197 199 441
182 70 978
22 143 951
3 298 262
115 120 596
148 110 705
173 254 122
152 226 632
139 222 371
21 61 558
289 45 210
243 147 399
37 31 886
174 264 263
75 88 634120
283 230 849799
65 104 721807
233 83 908475
23 107 781071
185 240 41365
126 61 821148
46 295 916225
88 29 893877
134 167 259046
107 167 543079
243 38 554950
157 83 689550
120 137 307870
46 178 839359
205 201 683609
157 204 3238
176 255 73660
197 2 43541
8 49 462853
11 153 143908
240 226 455301
57 22 874629
105 230 485072
206 136 41286
210 62 962187
265 290 615843
75 66 696100
287 181 350664
245 124 138800
286 38 320890
257 203 793325
241 11 981714
42 80 877604
243 105 57765
235 83 676718
172 77 16670
213 79 375457
297 40 979296
209 75 350755
226 77 865583
220 242 418353
175 168 374211
72 200 466392
268 87 343761
162 81 318447
25 44 926342
19 120 43550
88 2 714088
8 140 313396
82 49 237587
94 82 38441
242 233 695882
162 221 773169
108 130 423493
39 20 439252
118 34 22593
1 286 231900
178 196 933426
91 83 147115
59 66 837138
2 4 970849
300 156 128197
15 204 767326
191 36 482813
178 210 804364
275 300 48151
29 41 293477
229 195 119184
22 98 322365
268 210 398172
175 55 978627
238 234 162477
177 168 242016
32 33 473500
226 230 406716
278 262 302974
235 74 897827
277 238 771161
182 65 573222
152 264 51187
239 266 227328
256 56 360610
15 56 354041
84 188 218814
256 253 88290
224 79 906392
243 195 154831
295 296 546391
6 26 108968
36 61 102048
109 2 874095
85 168 492286
106 275 408543
1 297 503845
16 153 723700
130 26 44250
7 244 750275
242 245 757964
98 125 502502
275 93 490340
293 205 565482
81 109 811365
207 296 217520
135 2 891081
87 63 891482
276 121 417041
70 34 620885
78 258 881546
16 286 566693
116 107 187936
184 261 873640
261 229 830829
89 270 543362
141 88 718527
210 220 381120
94 174 92248
229 108 867370
7 201 590401
181 212 721981
287 298 863641
144 142 212022
67 238 194045
125 46 141503
7 12 838479
207 149 586010
228 63 161554
167 148 713444
254 50 575685
99 6 221188
153 63 433155
162 290 182450
228 245 8247
68 188 991927
3 91 43169
236 66 911165
254 49 559167
139 110 339634
256 137 564691
109 117 948219
218 10 384446
79 250 835728
146 78 590908
147 36 229598
98 270 982353
225 34 962951
184 223 984513
196 171 10917
221 148 375130
52 102 73017
236 27 222408
106 211 81164
201 180 174533
208 212 674819
177 65 215314
214 199 172790
265 284 755809
191 153 526297
133 122 813895
105 170 525559
135 158 913270
230 124 767657
136 91 743610
84 147 143680
247 159 934151
256 107 864670
53 101 721564
296 277 984929
242 264 525623
120 196 80315
8 270 45360
254 239 585923
201 181 869814
168 97 895036
225 155 574449
12 227 268980
225 6 342813
134 196 380586
259 184 988887
91 256 542101
296 40 797489
154 208 275295
292 103 880761
157 299 873111
274 44 225854
101 28 992810
99 242 712035
33 283 490846
117 115 421339
56 262 629230
22 127 312998
15 174 633970
80 178 433231
178 40 13997
243 175 471606
256 132 351321
204 183 10110
226 296 911365
155 217 411164
196 212 609591
102 242 654237
116 89 242462
120 221 34363
164 288 202387
95 83 67240
228 6 236528
97 224 894822
281 73 98323
157 207 188761
170 156 102778
128 62 472836
38 157 772203
206 32 986942
5 182 696908
40 107 148091
243 95 546993
160 63 247395
151 68 333773
118 239 2242
37 137 564195
72 18 415573
198 284 787208
100 141 248559
182 91 942587
34 119 324720
221 262 791034
162 105 84969
109 117 739672
266 217 867105
209 212 382328
165 90 287828
159 162 514935
2 206 645547
141 276 401460
92 181 473066
59 29 949667
278 32 28779
110 140 48539
57 69 437387
259 83 308409
180 247 989096
104 111 887981
136 299 258523
90 27 814129
72 107 141477
28 163 157783
103 266 356753
202 4 510740
224 100 634775
127 112 143464
135 41 468056
61 148 192206
41 287 474359
283 231 831927
39 267 584402
172 91 543867
285 262 486586
167 150 211874
249 189 948895
178 103 448426
61 44 842809
271 190 329675
198 216 677248
55 214 755634
198 32 612246
214 227 969224
90 118 289156
77 210 312893
79 168 479891
141 287 659230
290 51 828860
203 214 244051
216 274 789593
92 205 957216
41 99 465900
10 173 316400
219 71 526965
109 19 711102
217 176 348173
226 284 828665
121 275 818369
244 148 505363
205 187 6717
7 122 232860
21 176 85036
121 12 14323
214 295 194867
122 183 101931
262 109 101261
139 235 997110
5 129 446910
279 70 546276
91 162 176709
263 122 326046
43 83 159019
276 37 369832
247 237 739422
15 239 869292
153 38 935251
72 131 326213
