300 299 298
1 2 1000000
2 3 1000000
3 4 1000000
4 5 1000000
5 6 1000000
6 7 1000000
7 8 1000000
8 9 1000000
9 10 1000000
10 11 1000000
11 12 1000000
12 13 1000000
13 14 1000000
14 15 1000000
15 16 1000000
16 17 1000000
17 18 1000000
18 19 1000000
19 20 1000000
20 21 1000000
21 22 1000000
22 23 1000000
23 24 1000000
24 25 1000000
25 26 1000000
26 27 1000000
27 28 1000000
28 29 1000000
29 30 1000000
30 31 1000000
31 32 1000000
32 33 1000000
33 34 1000000
34 35 1000000
35 36 1000000
36 37 1000000
37 38 1000000
38 39 1000000
39 40 1000000
40 41 1000000
41 42 1000000
42 43 1000000
43 44 1000000
44 45 1000000
45 46 1000000
46 47 1000000
47 48 1000000
48 49 1000000
49 50 1000000
50 51 1000000
51 52 1000000
52 53 1000000
53 54 1000000
54 55 1000000
55 56 1000000
56 57 1000000
57 58 1000000
58 59 1000000
59 60 1000000
60 61 1000000
61 62 1000000
62 63 1000000
63 64 1000000
64 65 1000000
65 66 1000000
66 67 1000000
67 68 1000000
68 69 1000000
69 70 1000000
70 71 1000000
71 72 1000000
72 73 1000000
73 74 1000000
74 75 1000000
75 76 1000000
76 77 1000000
77 78 1000000
78 79 1000000
79 80 1000000
80 81 1000000
81 82 1000000
82 83 1000000
83 84 1000000
84 85 1000000
85 86 1000000
86 87 1000000
87 88 1000000
88 89 1000000
89 90 1000000
90 91 1000000
91 92 1000000
92 93 1000000
93 94 1000000
94 95 1000000
95 96 1000000
96 97 1000000
97 98 1000000
98 99 1000000
99 100 1000000
100 101 1000000
101 102 1000000
102 103 1000000
103 104 1000000
104 105 1000000
105 106 1000000
106 107 1000000
107 108 1000000
108 109 1000000
109 110 1000000
110 111 1000000
111 112 1000000
112 113 1000000
113 114 1000000
114 115 1000000
115 116 1000000
116 117 1000000
117 118 1000000
118 119 1000000
119 120 1000000
120 121 1000000
121 122 1000000
122 123 1000000
123 124 1000000
124 125 1000000
125 126 1000000
126 127 1000000
127 128 1000000
128 129 1000000
129 130 1000000
130 131 1000000
131 132 1000000
132 133 1000000
133 134 1000000
134 135 1000000
135 136 1000000
136 137 1000000
137 138 1000000
138 139 1000000
139 140 1000000
140 141 1000000
141 142 1000000
142 143 1000000
143 144 1000000
144 145 1000000
145 146 1000000
146 147 1000000
147 148 1000000
148 149 1000000
149 150 1000000
150 151 1000000
151 152 1000000
152 153 1000000
153 154 1000000
154 155 1000000
155 156 1000000
156 157 1000000
157 158 1000000
158 159 1000000
159 160 1000000
160 161 1000000
161 162 1000000
162 163 1000000
163 164 1000000
164 165 1000000
165 166 1000000
166 167 1000000
167 168 1000000
168 169 1000000
169 170 1000000
170 171 1000000
171 172 1000000
172 173 1000000
173 174 1000000
174 175 1000000
175 176 1000000
176 177 1000000
177 178 1000000
178 179 1000000
179 180 1000000
180 181 1000000
181 182 1000000
182 183 1000000
183 184 1000000
184 185 1000000
185 186 1000000
186 187 1000000
187 188 1000000
188 189 1000000
189 190 1000000
190 191 1000000
191 192 1000000
192 193 1000000
193 194 1000000
194 195 1000000
195 196 1000000
196 197 1000000
197 198 1000000
198 199 1000000
199 200 1000000
200 201 1000000
201 202 1000000
202 203 1000000
203 204 1000000
204 205 1000000
205 206 1000000
206 207 1000000
207 208 1000000
208 209 1000000
209 210 1000000
210 211 1000000
211 212 1000000
212 213 1000000
213 214 1000000
214 215 1000000
215 216 1000000
216 217 1000000
217 218 1000000
218 219 1000000
219 220 1000000
220 221 1000000
221 222 1000000
222 223 1000000
223 224 1000000
224 225 1000000
225 226 1000000
226 227 1000000
227 228 1000000
228 229 1000000
229 230 1000000
230 231 1000000
231 232 1000000
232 233 1000000
233 234 1000000
234 235 1000000
235 236 1000000
236 237 1000000
237 238 1000000
238 239 1000000
239 240 1000000
240 241 1000000
241 242 1000000
242 243 1000000
243 244 1000000
244 245 1000000
245 246 1000000
246 247 1000000
247 248 1000000
248 249 1000000
249 250 1000000
250 251 1000000
251 252 1000000
252 253 1000000
253 254 1000000
254 255 1000000
255 256 1000000
256 257 1000000
257 258 1000000
258 259 1000000
259 260 1000000
260 261 1000000
261 262 1000000
262 263 1000000
263 264 1000000
264 265 1000000
265 266 1000000
266 267 1000000
267 268 1000000
268 269 1000000
269 270 1000000
270 271 1000000
271 272 1000000
272 273 1000000
273 274 1000000
274 275 1000000
275 276 1000000
276 277 1000000
277 278 1000000
278 279 1000000
279 280 1000000
280 281 1000000
281 282 1000000
282 283 1000000
283 284 1000000
284 285 1000000
285 286 1000000
286 287 1000000
287 288 1000000
288 289 1000000
289 290 1000000
290 291 1000000
291 292 1000000
292 293 1000000
293 294 1000000
294 295 1000000
295 296 1000000
296 297 1000000
297 298 1000000
298 299 1000000
299 300 1000000
187 265 694367
126 218 568208
56 140 40120
245 39 742006
196 249 3853
200 225 433917
252 228 167551
252 216 603367
98 74 680476
232 194 606460
295 191 488706
55 241 401198
145 184 761520
35 210 868337
115 36 598091
297 65 724413
41 238 26767
179 298 737149
169 42 225858
43 139 926810
286 234 257197
187 4 702253
234 16 62543
294 139 266520
57 256 366309
278 57 620590
93 63 622856
177 40 231477
44 180 576521
39 3 227481
150 184 955821
265 122 997622
202 251 490959
253 80 309316
85 121 168289
86 23 465298
168 247 848161
227 180 989164
27 11 310582
253 13 934394
197 298 233599
92 194 555929
30 231 697807
225 177 948836
234 112 667409
230 246 556606
72 289 483462
191 275 472961
127 32 544975
150 14 504229
5 73 106650
287 296 960958
153 57 88625
7 118 515878
242 67 527618
177 207 303027
159 192 938413
158 124 628302
156 218 472145
242 184 744260
167 11 351893
201 68 958217
231 240 710080
172 185 963710
14 170 69975
197 286 887292
228 160 203944
272 153 610875
210 261 684964
79 19 427761
63 141 886902
66 272 647932
195 15 837635
175 143 902149
13 27 833706
74 97 932658
138 163 176988
174 74 875635
198 81 479297
194 127 622566
286 297 945692
144 292 353371
254 241 510351
96 86 170400
277 133 730961
65 207 57459
68 176 922412
62 147 343168
212 213 647486
90 21 223342
295 217 186701
96 75 554249
288 59 381562
73 299 208930
163 283 448833
297 232 126438
60 277 446213
84 263 565879
144 232 410917
245 271 165637
176 52 746716
194 120 522454
297 153 270516
155 70 257143
19 276 342882
196 67 518129
154 59 145204
240 219 339803
289 280 748337
114 10 262113
218 262 325827
178 130 507701
87 207 849744
85 165 393212
92 29 703040
89 269 601411
143 296 693226
163 17 890609
196 299 72852
266 254 288228
107 133 837766
183 21 27127
123 137 77715
204 183 516161
281 155 276895
26 300 661078
56 16 232597
91 11 614422
183 121 29402
121 95 927899
156 117 944286
65 60 530914
2 176 454609
59 101 245226
199 76 612088
44 113 599310
208 112 790739
56 114 259992
14 79 344909
43 4 983587
247 165 431532
71 35 784892
223 22 813686
22 136 539342
26 261 452253
264 63 11489
83 136 442449
282 166 627397
129 232 927789
74 124 244907
251 147 722132
246 167 640350
247 172 890638
43 77 218439
163 94 510298
246 274 432312
225 110 850049
76 285 724074
165 60 691357
210 152 932664
1 50 623052
57 135 908003
200 70 461588
218 230 362042
178 231 974254
240 107 439842
263 283 297227
254 139 403698
52 15 948830
225 70 474338
74 28 410410
196 148 211706
145 168 641915
172 46 631713
116 84 205614
180 147 145782
238 236 441142
16 182 166690
284 64 119661
194 37 973942
164 240 430969
175 223 926446
21 228 79425
271 175 800752
257 183 10683
68 287 701101
228 150 753575
207 160 843314
220 288 733
63 220 461219
190 275 191895
54 46 753923
196 256 158036
82 47 763180
19 100 244049
93 23 335997
273 178 704027
296 36 7461
29 246 862725
111 198 390270
67 31 773468
261 8 416083
233 97 872864
4 227 775104
194 108 406754
2 18 368964
270 51 549336
188 235 774083
237 201 862708
300 295 446121
286 192 540732
60 169 883364
82 24 822755
109 14 433387
292 84 191091
141 177 833354
44 117 730813
119 97 866934
174 244 93254
79 88 778490
192 58 771154
225 9 401491
81 145 732450
177 55 562645
247 287 503063
82 170 260362
51 144 120424
43 284 962488
237 108 861552
208 55 607223
272 191 298656
174 245 656531
206 231 856831
134 183 837783
70 282 506851
9 29 20442
123 108 941062
16 214 965087
142 238 274059
129 67 537971
176 263 152214
114 262 327670
90 89 985070
291 70 255576
195 164 199876
12 246 263567
30 141 706338
123 294 991945
127 71 152570
58 192 387035
287 6 71973
113 46 203846
276 269 262868
193 292 17274
77 25 114994
37 136 814267
201 268 361862
137 256 425471
274 187 513731
23 172 254736
99 152 689868
29 211 804850
90 264 232376
170 125 111236
173 106 980548
205 252 892205
237 286 55795
42 253 438105
52 212 800000
254 229 305611
90 84 842012
179 217 156090
107 242 900321
52 195 210210
112 173 535313
171 255 914053
207 95 857720
124 141 946427
196 299 226215
95 97 65956
109 136 427549
297 95 507989
56 236 62186
133 44 937600
78 239 360134
121 200 988606
216 165 520593
202 92 344108
202 184 216970
276 222 861142
252 71 634705
28 77 206044
252 42 620090
25 248 557747
288 125 272326
178 293 518292
279 111 78753
167 199 91883
