300 10000 300
18 102 5
158 124 5
50 166 2
176 81 2
46 35 4
35 102 4
59 98 1
254 138 1
218 69 2
41 122 2
172 169 5
219 21 2
79 141 1
214 118 1
88 75 1
139 245 4
295 91 1
19 204 4
205 234 1
126 96 5
126 163 1
163 67 5
257 168 5
191 160 3
135 225 3
3 233 4
9 204 3
201 11 2
139 89 4
275 185 3
198 49 1
214 92 5
252 53 4
110 291 2
206 57 5
214 160 4
134 192 2
129 46 1
17 102 5
1 143 1
259 99 5
145 74 4
243 90 2
260 143 2
162 158 1
14 201 5
262 61 1
178 7 3
201 62 3
234 240 1
130 86 2
211 243 4
105 254 1
269 139 4
262 253 1
191 83 4
39 253 3
217 75 2
207 117 1
189 232 3
174 269 2
152 287 3
253 225 3
211 62 4
28 79 1
241 198 1
119 69 2
126 245 3
83 164 3
126 5 5
145 244 3
84 144 5
287 162 2
137 115 2
272 236 2
200 273 3
18 174 1
136 44 2
42 76 5
20 212 2
151 139 4
101 227 1
222 63 4
283 203 3
86 46 5
179 225 5
19 84 1
292 179 3
86 76 5
6 281 2
79 56 1
295 53 1
95 60 1
261 158 4
125 208 1
46 29 1
163 95 1
297 155 5
40 91 5
248 159 3
270 226 1
241 117 3
149 276 1
210 296 1
125 226 2
162 71 3
256 9 4
142 168 2
205 91 1
190 223 4
293 98 3
106 194 1
290 128 5
43 102 1
55 188 5
269 127 4
137 293 1
224 131 3
269 64 2
280 195 2
198 281 1
249 259 1
71 181 3
185 28 5
171 127 4
190 296 2
148 132 3
194 109 1
142 167 2
49 167 5
84 68 1
204 168 2
263 180 3
108 23 5
9 68 5
47 212 1
124 279 3
216 40 1
166 56 1
75 223 5
296 221 3
152 81 1
253 267 2
111 58 2
143 247 5
289 48 5
185 197 5
297 266 3
250 30 2
89 30 1
296 187 2
283 246 2
17 171 1
107 127 5
146 149 3
83 55 4
115 210 3
244 124 4
204 285 1
146 145 5
35 62 4
63 128 5
252 114 1
161 41 2
230 10 3
26 119 3
142 224 2
206 174 2
184 262 5
69 263 2
292 138 5
119 83 2
105 35 2
72 134 5
235 233 4
165 258 3
159 191 3
258 223 2
70 48 1
278 161 2
154 272 3
145 196 2
150 123 1
229 61 2
266 186 4
178 255 3
44 156 4
236 162 3
64 276 5
51 242 2
107 213 5
21 203 5
222 77 1
235 108 5
171 185 5
39 71 3
177 167 5
160 116 1
216 98 3
52 197 2
150 163 3
221 267 1
194 216 5
213 142 2
286 288 3
21 27 5
185 245 1
83 43 5
177 266 4
254 53 3
262 130 4
58 225 3
34 232 1
7 59 4
165 45 2
147 258 2
170 8 2
267 55 4
247 228 4
234 299 1
230 184 1
116 256 2
240 260 3
221 188 1
238 127 2
167 6 5
212 140 2
203 174 4
225 270 3
138 195 3
177 210 4
295 145 2
287 79 5
92 76 2
283 294 4
44 200 2
46 189 5
187 51 3
34 25 5
97 170 5
129 106 4
295 168 5
174 86 4
231 155 3
224 10 3
68 75 2
267 91 1
140 298 3
222 125 5
153 71 4
159 202 2
53 39 1
237 103 4
124 280 3
52 77 3
204 210 3
147 94 2
173 140 1
167 164 4
108 41 5
295 206 3
209 278 1
89 44 1
113 220 5
217 263 2
231 47 5
17 128 4
20 239 4
241 80 3
69 191 5
105 245 5
146 122 2
26 202 4
64 80 2
114 51 3
136 151 5
43 21 5
182 197 3
183 187 1
106 114 4
142 126 5
179 175 1
180 95 2
65 246 5
34 220 4
241 39 4
125 280 1
25 147 3
58 142 2
163 214 4
68 80 2
29 136 1
228 94 4
42 128 4
280 230 2
279 98 1
134 288 3
104 187 3
176 120 5
295 248 3
236 80 2
238 2 1
179 135 3
129 134 2
196 268 3
235 118 2
61 176 1
48 281 3
244 258 3
116 98 4
163 115 4
72 283 1
240 58 1
70 147 4
124 227 4
8 85 3
247 71 1
65 199 3
47 127 1
68 287 4
70 1 3
245 282 5
135 93 4
34 230 1
179 91 2
36 195 5
97 71 4
118 129 3
57 29 2
201 262 5
61 140 3
217 22 1
215 29 4
252 214 3
178 45 3
60 15 5
209 273 1
181 225 4
250 204 3
242 37 2
242 39 2
177 115 5
147 261 5
67 32 4
109 136 4
37 41 5
21 119 1
33 210 4
284 74 2
51 147 1
184 43 3
112 187 1
94 181 2
146 228 1
108 9 1
239 253 3
266 67 2
3 256 5
175 264 5
244 84 1
275 291 2
166 23 5
292 271 4
259 212 4
263 7 1
157 115 2
130 26 3
104 52 3
54 39 5
245 57 4
281 67 4
252 289 4
139 182 1
47 39 1
85 232 2
272 275 4
270 8 2
144 276 2
112 143 4
149 39 4
67 217 3
219 250 4
124 291 2
229 261 2
175 187 4
155 116 5
263 57 1
227 26 2
24 206 5
199 17 3
276 63 3
28 211 4
209 81 2
236 298 1
216 97 3
23 195 2
40 284 1
296 113 3
288 269 1
105 156 1
46 66 2
22 94 3
193 20 5
273 266 1
192 273 1
69 12 4
149 65 3
29 2 2
297 219 3
212 37 2
77 216 2
81 261 4
96 80 4
267 288 1
162 204 1
255 270 5
34 281 4
91 194 3
298 188 1
234 281 4
225 233 3
115 155 1
117 36 2
81 43 5
234 44 5
208 279 4
117 1 4
71 221 4
113 32 5
240 162 1
42 188 3
267 256 4
284 175 5
86 250 4
76 170 4
36 269 1
202 211 1
56 269 2
121 2 3
250 6 2
208 98 3
92 186 4
110 163 1
123 205 3
130 161 1
137 97 5
60 156 5
41 243 3
156 260 3
108 14 3
127 251 3
73 195 1
45 132 1
243 267 1
6 188 1
255 294 2
290 252 3
130 234 4
167 191 3
245 50 1
126 112 2
170 186 5
76 25 4
181 136 1
135 10 4
102 232 5
63 16 5
78 279 1
156 220 5
90 131 1
48 290 5
272 199 5
140 75 4
2 116 1
91 37 5
166 173 1
44 30 2
282 288 5
266 80 4
195 128 5
261 194 5
262 45 3
182 252 2
27 189 3
149 267 4
135 192 1
114 185 1
267 57 2
215 296 3
254 60 4
234 161 4
78 38 1
248 175 3
216 183 1
184 167 1
253 142 3
202 1 5
282 134 1
199 76 5
186 287 4
28 52 5
280 98 1
188 259 5
182 253 1
134 195 3
215 134 1
3 156 3
153 90 4
133 68 1
126 204 3
228 209 3
199 92 3
107 176 1
178 153 2
114 123 1
140 256 5
77 122 5
197 7 3
250 133 3
121 151 1
207 59 2
110 265 2
56 189 1
9 65 5
164 239 2
31 98 4
283 299 5
236 143 3
30 160 3
34 270 2
109 255 1
172 282 4
166 286 4
293 230 1
121 286 5
265 274 4
180 61 4
16 219 1
192 156 5
152 61 5
97 50 1
276 168 3
161 199 3
132 152 1
174 49 4
228 197 3
22 69 3
74 240 1
163 218 1
129 227 2
249 136 3
260 1 1
174 261 4
170 30 1
66 52 5
190 298 1
191 249 2
150 103 1
140 146 5
271 141 4
222 93 1
6 186 5
120 122 1
279 167 3
254 21 5
272 258 4
214 295 4
172 288 5
295 73 1
114 34 2
28 123 3
263 126 5
74 68 1
43 72 3
13 1 5
151 179 2
196 263 4
167 134 4
70 93 3
133 210 3
103 274 2
82 76 3
3 278 1
37 41 2
271 258 2
231 90 2
48 120 4
69 103 4
289 212 3
122 171 4
39 95 3
227 124 4
252 299 4
297 35 1
101 192 2
287 204 3
244 177 5
218 26 1
291 141 4
83 40 2
254 55 1
97 101 1
55 248 1
268 4 4
148 130 4
28 285 4
146 132 1
208 19 5
56 65 5
287 52 2
33 239 4
22 14 1
40 102 5
271 163 3
93 159 5
100 255 1
92 149 4
97 151 3
178 262 1
4 215 2
55 32 5
128 76 2
110 71 4
169 185 5
243 245 3
51 94 3
126 86 2
291 18 1
145 40 5
83 283 5
132 241 2
284 190 1
54 161 1
199 84 3
246 26 3
214 280 3
52 255 3
152 163 1
223 212 2
292 64 1
153 249 2
30 241 1
240 79 2
292 98 2
175 148 2
106 265 4
84 71 4
228 1 4
149 3 2
256 151 4
109 265 5
149 150 5
249 191 4
300 187 5
197 173 5
4 254 3
292 2 5
31 220 3
163 35 5
127 12 5
128 78 4
246 219 3
92 119 1
173 156 3
148 212 2
90 134 1
139 294 1
289 288 3
289 274 2
210 66 5
278 202 3
173 300 2
30 223 5
255 24 4
13 8 5
21 188 3
33 124 1
204 40 3
278 243 1
136 3 1
129 204 1
178 56 1
64 259 5
109 88 5
79 168 2
31 92 1
160 122 1
7 166 2
153 8 3
269 80 4
207 67 5
35 78 4
81 263 4
63 129 4
185 296 5
180 98 3
169 259 3
48 167 5
224 245 4
74 295 3
180 48 2
13 24 5
297 101 4
45 241 4
188 262 1
225 224 4
101 11 5
207 244 1
182 34 1
60 212 2
22 25 5
11 300 3
191 56 5
147 119 3
93 289 2
160 285 3
265 167 4
267 246 5
115 232 2
82 87 4
188 209 4
91 110 5
22 131 5
200 50 2
281 62 4
200 46 1
56 262 5
247 114 3
182 240 5
63 204 4
130 249 5
182 120 3
222 188 1
293 286 1
168 263 3
268 46 2
42 159 2
270 10 3
62 205 2
247 199 1
39 250 4
153 62 4
88 180 5
119 38 5
185 203 2
240 281 3
256 107 2
282 100 2
161 295 3
7 280 5
74 57 3
32 197 1
228 76 1
96 263 2
233 172 1
29 78 3
292 147 3
254 160 2
18 277 4
272 289 4
98 69 1
202 146 3
94 145 3
166 237 5
98 5 5
19 198 1
71 228 1
288 136 4
66 73 4
298 65 2
64 22 1
5 10 5
105 36 4
278 180 2
249 75 3
77 16 1
177 61 1
269 158 5
292 286 5
250 260 3
223 242 3
243 193 4
248 97 4
259 122 3
269 191 5
249 34 5
261 50 4
219 289 3
211 48 5
66 48 2
102 165 2
144 294 3
230 195 1
233 107 1
290 91 4
286 277 3
112 242 5
288 194 2
279 57 5
147 41 3
237 238 5
289 248 3
285 101 4
50 269 5
124 47 5
210 263 2
299 190 1
246 90 3
135 50 5
34 144 1
236 89 2
153 71 4
49 120 3
186 94 1
200 29 1
12 297 4
175 23 2
218 157 4
237 244 5
61 78 2
282 229 3
10 126 2
34 258 4
277 273 1
212 112 2
284 224 2
35 174 4
88 180 1
284 260 1
122 45 2
233 33 3
208 98 3
237 91 1
17 189 2
148 117 2
158 289 4
87 254 4
180 54 1
127 253 4
97 142 2
280 86 2
18 282 2
42 246 2
24 297 5
242 138 3
168 205 1
1 234 5
170 265 4
275 38 3
77 265 1
150 176 5
183 35 1
76 103 3
3 38 1
34 6 1
82 191 3
216 267 5
254 198 5
84 80 4
284 251 2
258 95 1
272 266 3
87 23 3
237 106 4
58 271 2
284 112 4
153 61 2
132 212 2
226 169 2
46 31 3
255 263 3
252 74 1
122 67 2
120 63 3
58 196 2
91 191 5
62 31 2
298 244 4
175 181 1
159 126 3
262 147 4
195 88 2
252 255 1
113 87 1
152 172 5
78 128 3
140 172 3
44 38 4
199 203 4
99 111 3
186 208 5
5 168 3
99 51 3
279 280 4
130 230 4
117 39 2
139 116 2
283 124 3
57 94 5
42 299 2
138 1 1
78 186 4
171 208 4
189 67 4
292 299 1
25 252 4
145 26 3
224 5 5
103 212 2
17 41 3
80 163 3
136 83 3
95 280 2
293 284 1
239 214 5
238 124 4
10 146 1
158 278 2
195 296 5
204 177 2
18 226 3
44 279 1
234 199 5
61 43 5
73 188 1
96 62 1
42 205 2
213 295 4
59 277 2
58 79 4
180 167 3
32 11 4
286 249 1
129 168 1
156 255 3
177 293 5
134 276 2
54 49 2
282 55 2
230 50 2
174 74 4
162 175 3
164 128 4
29 240 5
87 118 1
259 124 4
5 182 2
201 88 2
146 124 1
137 136 5
89 62 5
281 182 2
188 3 5
192 54 2
194 77 1
123 9 5
205 119 1
95 284 2
72 80 2
185 183 2
31 144 2
127 222 1
184 204 1
269 213 4
154 288 1
263 146 5
5 208 2
215 230 4
25 164 1
1 26 1
284 93 4
39 192 3
28 187 2
198 278 3
29 4 1
207 294 2
5 196 2
245 10 1
198 113 2
33 70 3
194 115 1
170 285 1
297 11 4
232 138 2
179 171 5
290 78 2
21 167 2
88 113 5
172 207 2
263 288 1
271 224 4
56 91 1
38 56 4
229 268 1
218 3 4
213 34 4
245 192 1
234 18 2
149 54 3
237 297 4
201 18 2
297 247 3
187 165 2
246 144 5
139 267 4
22 14 4
81 167 1
99 104 1
260 117 4
102 137 5
76 255 2
208 251 5
2 136 4
135 138 4
282 130 2
219 273 1
265 285 5
217 234 3
216 40 1
280 133 1
274 30 2
39 109 5
186 24 4
142 101 1
289 65 1
168 230 4
181 150 4
156 137 4
108 275 2
180 88 4
295 136 3
150 16 1
300 269 1
174 274 4
259 188 1
171 73 5
253 59 2
117 191 3
103 59 5
6 216 4
263 24 4
162 266 4
238 8 2
81 14 2
96 290 1
32 242 2
265 30 4
201 276 1
93 233 4
56 233 4
262 146 1
80 176 3
42 270 5
46 196 1
151 142 2
211 124 3
121 264 1
85 105 5
78 155 2
234 181 3
37 42 2
88 71 4
26 99 5
257 299 3
201 68 3
186 38 5
121 23 3
176 19 5
217 135 2
39 251 4
126 73 4
174 231 1
215 64 3
121 15 1
109 108 1
283 19 5
283 31 1
104 285 1
163 252 4
231 16 4
121 252 5
108 146 2
281 90 5
62 27 4
160 284 4
169 167 1
292 2 3
225 93 2
77 38 2
50 224 3
80 20 5
65 187 4
104 252 2
280 178 5
59 12 5
132 244 5
91 244 4
21 61 5
219 267 1
46 18 2
201 275 3
133 210 3
171 289 5
53 66 5
272 59 5
117 137 4
125 88 3
64 274 5
173 252 4
281 35 2
218 224 5
292 32 3
275 289 2
135 243 4
161 66 5
252 102 5
50 87 1
242 184 1
193 297 2
26 284 5
118 247 2
115 2 2
1 127 4
268 37 1
184 179 2
27 191 2
76 259 2
30 204 3
117 26 5
233 137 1
141 227 4
229 265 2
208 253 1
215 223 3
41 107 4
94 219 1
273 48 1
237 223 1
107 215 2
261 298 2
120 151 4
166 148 4
28 45 5
106 45 1
60 57 4
129 121 4
117 215 5
139 295 3
270 86 2
114 261 1
84 86 3
107 130 5
199 146 4
217 140 4
25 150 2
125 237 2
127 33 4
290 138 4
214 128 4
119 274 1
112 4 4
283 159 1
60 190 2
151 58 5
158 261 4
270 183 3
46 185 2
15 63 2
79 246 2
283 297 4
39 272 5
218 115 3
205 114 2
148 105 4
122 95 1
64 100 3
287 146 3
140 103 3
274 84 1
255 91 1
273 165 2
24 31 1
45 288 1
29 22 2
135 297 1
241 110 1
73 242 1
218 194 5
122 76 5
198 188 1
59 153 4
30 210 3
80 300 1
149 256 1
39 300 3
20 233 4
162 133 4
298 234 3
61 182 2
215 201 1
230 180 2
133 225 4
162 62 3
56 128 4
182 60 2
227 179 1
117 15 2
128 69 5
82 101 2
283 284 4
231 183 4
188 72 5
20 215 3
88 168 3
290 114 4
67 244 2
5 179 5
151 51 2
285 230 1
296 254 4
182 227 1
83 87 3
70 218 1
14 37 5
153 154 1
135 269 1
233 157 4
74 266 4
6 148 5
215 257 1
100 148 5
129 41 4
54 83 5
170 115 4
199 156 3
267 286 5
11 138 4
86 55 2
111 178 4
235 296 1
16 186 2
128 227 2
283 285 4
202 60 1
22 92 5
151 190 5
163 266 4
55 160 1
296 170 4
90 58 1
266 195 3
227 113 5
271 93 4
116 271 5
12 154 3
201 105 4
252 156 2
111 58 5
284 277 3
54 205 1
88 187 2
290 115 3
165 87 5
289 78 1
67 236 1
254 9 3
270 27 5
98 69 1
254 65 4
90 139 3
133 204 4
127 282 3
142 92 4
49 204 3
126 52 2
135 52 5
140 235 4
147 137 4
146 155 4
275 189 5
51 90 2
245 88 1
276 193 5
227 109 2
272 180 1
228 8 5
213 180 1
82 216 1
228 247 1
100 186 3
227 138 4
167 70 2
300 8 5
87 80 1
229 1 5
150 250 1
128 67 2
15 223 3
63 101 4
91 8 3
143 14 1
271 130 2
289 273 5
114 6 2
27 30 2
237 83 3
291 174 4
46 218 3
3 56 3
44 290 4
87 8 2
126 114 4
228 30 2
276 98 3
205 90 3
3 22 4
92 252 5
290 190 2
268 136 4
57 233 3
32 214 5
192 275 5
281 235 5
26 293 5
283 266 5
83 165 4
18 57 1
277 129 2
82 105 4
59 180 2
89 285 2
244 150 4
42 205 4
205 90 3
192 103 5
63 207 3
21 263 4
154 18 2
252 185 5
95 272 1
149 176 4
265 163 1
282 290 4
138 228 1
272 247 5
45 212 5
93 102 4
252 47 4
41 234 4
278 107 3
30 88 4
294 167 1
141 33 4
136 200 3
116 6 3
275 170 1
169 38 5
219 25 4
55 100 4
60 56 5
34 76 4
55 196 4
224 91 3
108 143 3
232 211 5
208 11 3
214 219 5
112 14 5
87 250 4
277 143 3
131 68 2
84 270 5
115 190 2
180 45 3
16 196 5
216 50 2
78 18 4
20 243 2
293 33 5
257 230 4
124 138 5
76 187 2
207 84 5
178 119 1
273 182 5
277 187 5
244 64 2
249 9 1
111 168 5
174 152 4
28 291 5
170 213 5
97 262 1
138 48 4
12 187 5
234 47 1
127 158 2
220 192 4
103 42 1
23 124 1
192 213 1
196 90 4
18 165 3
156 138 4
161 288 5
19 24 4
243 124 1
237 120 5
300 143 3
176 16 5
194 263 3
78 240 5
33 176 1
22 121 5
27 140 3
9 229 2
187 234 5
83 117 4
155 173 1
4 72 3
62 119 1
117 265 2
143 151 1
132 139 1
200 122 1
221 236 5
20 151 1
276 143 3
64 101 1
2 125 1
8 177 5
174 209 2
91 198 1
214 279 4
299 130 1
279 236 3
86 68 4
269 121 3
247 128 2
142 182 5
262 188 2
260 142 5
128 295 2
136 250 2
113 5 5
250 272 2
128 159 2
237 91 4
228 30 1
20 130 5
100 20 3
135 194 5
136 96 1
17 279 5
118 34 1
121 290 2
192 213 4
108 165 3
107 177 2
230 72 2
52 38 3
125 11 2
202 29 5
125 22 1
59 160 2
68 251 3
136 38 5
19 52 2
60 178 5
290 152 3
237 81 4
210 221 3
28 84 1
2 44 5
104 37 4
195 56 3
97 87 2
44 50 4
149 266 2
258 233 3
177 238 3
100 68 5
147 50 2
247 190 2
189 225 3
118 157 4
57 95 3
55 163 4
181 63 3
20 53 4
57 75 1
102 28 1
4 236 4
102 84 3
2 143 1
158 17 5
132 91 1
98 8 2
128 237 1
21 65 5
3 297 2
233 219 4
102 41 4
100 175 4
268 34 1
41 233 4
222 264 2
148 300 5
81 184 1
106 54 1
56 185 3
179 202 1
212 214 5
233 287 3
178 208 4
1 271 5
179 209 1
11 6 1
61 70 4
224 63 3
89 70 5
283 241 2
185 132 4
124 97 3
247 27 4
113 24 3
273 261 2
250 17 2
79 18 3
296 280 4
198 255 3
268 64 4
189 186 1
89 153 3
132 4 4
196 184 3
118 225 5
299 223 1
194 22 5
266 51 3
212 49 3
156 38 4
199 127 2
213 71 2
296 180 5
198 217 2
80 229 2
153 207 4
205 76 2
207 242 4
21 224 4
191 204 3
265 41 4
157 182 5
227 203 4
300 52 4
254 237 5
263 24 1
101 81 2
74 148 1
59 127 1
108 253 5
179 76 2
50 133 3
204 220 4
32 73 3
38 216 4
258 252 5
272 167 5
209 124 3
42 273 3
188 31 2
203 186 2
3 129 1
79 210 5
214 40 4
35 78 3
38 34 2
167 104 5
143 164 5
86 241 2
297 102 2
219 141 2
192 51 4
173 92 3
256 72 3
30 213 2
270 204 2
207 199 4
32 10 5
222 61 4
61 226 1
55 79 3
27 162 1
36 121 2
207 149 5
204 227 2
78 90 5
202 149 4
150 163 3
277 194 4
78 47 2
153 136 5
170 103 5
281 251 4
264 38 5
121 252 2
4 260 1
62 219 4
141 273 1
65 151 5
210 144 1
264 276 5
187 292 4
7 31 3
4 39 2
256 102 4
52 60 1
142 271 3
65 81 5
97 120 2
158 263 5
143 263 1
255 34 5
1 39 5
259 171 4
119 205 5
211 203 5
236 148 5
112 69 3
157 34 1
114 56 4
119 135 4
214 265 3
174 177 3
204 295 5
103 161 1
103 1 5
43 140 4
212 97 5
44 282 1
82 192 5
294 99 5
275 144 3
180 286 1
292 196 4
285 157 3
11 104 1
8 177 2
106 231 2
222 116 5
155 81 2
123 167 1
48 74 2
82 35 5
100 241 1
27 159 4
194 216 2
156 76 4
41 86 1
110 149 4
11 205 3
76 52 5
221 50 5
92 220 1
51 181 3
274 269 1
209 166 1
153 223 4
293 17 3
152 175 1
213 143 1
117 129 5
24 247 1
113 275 2
130 16 1
83 149 4
95 252 5
93 80 1
241 37 3
24 182 5
106 125 1
64 13 2
240 149 1
190 120 2
268 120 5
53 260 3
28 231 5
175 13 4
250 34 3
231 34 4
147 246 3
66 226 2
155 89 3
230 153 1
183 139 5
46 92 3
54 103 5
222 183 3
67 12 4
295 115 1
269 250 3
233 135 3
187 211 3
218 34 2
241 200 1
203 77 4
87 215 5
213 33 5
199 87 2
183 245 5
291 38 3
226 153 1
39 210 5
180 99 4
141 275 4
158 135 2
50 204 5
287 125 1
85 189 1
48 4 3
31 183 2
227 275 3
272 15 4
58 205 2
59 204 4
70 235 3
49 212 5
81 75 2
197 33 5
212 248 2
169 18 1
153 98 1
212 149 3
224 115 2
49 77 5
222 7 1
226 182 5
291 279 4
174 97 1
33 118 3
220 262 4
197 4 4
110 235 1
84 66 5
109 218 2
65 212 2
164 31 3
140 264 4
117 220 3
300 133 2
94 237 2
140 108 1
82 135 5
77 113 2
298 10 4
276 12 1
226 40 1
20 138 1
147 47 3
170 146 4
275 144 5
89 266 2
53 95 1
141 189 5
249 296 1
7 12 3
163 73 3
299 256 3
137 157 4
228 223 3
286 84 4
73 59 2
91 2 2
97 56 4
265 117 2
27 279 5
118 182 2
237 48 1
125 76 4
5 2 3
194 225 5
21 23 5
299 35 4
168 196 3
67 118 1
119 28 5
224 41 5
278 298 3
209 44 1
7 92 3
112 236 1
45 176 5
121 16 4
283 285 3
233 67 2
235 195 1
215 27 4
151 107 4
20 204 3
71 43 1
128 163 3
297 136 4
19 49 3
141 94 4
94 6 1
214 151 1
138 5 1
215 75 4
134 53 5
17 48 1
161 46 3
170 140 2
162 237 3
73 142 2
163 219 1
75 177 2
104 173 1
172 8 2
193 164 2
59 226 3
21 101 3
38 70 2
155 55 3
263 10 3
215 8 3
148 292 2
287 271 4
129 263 1
284 227 4
65 270 4
48 94 1
17 56 1
69 93 2
268 76 2
48 272 5
214 37 3
36 98 2
80 10 2
257 105 2
87 173 4
175 10 4
133 257 4
155 1 5
79 183 5
88 291 3
218 227 2
3 222 5
269 264 4
139 144 4
152 160 3
200 283 5
168 177 1
284 200 2
218 96 4
287 121 2
300 292 3
19 280 4
104 80 3
170 102 4
149 60 4
123 214 5
204 25 1
5 181 1
27 24 3
131 117 5
72 183 4
175 283 5
236 288 5
117 82 5
258 77 5
58 266 1
206 263 3
164 294 5
134 33 3
127 115 2
100 91 4
217 181 5
85 172 3
10 99 1
168 177 5
21 72 3
297 166 3
103 182 2
295 173 4
205 21 4
225 46 4
26 164 1
137 17 5
254 99 1
63 113 1
117 158 5
54 184 1
99 87 4
182 139 3
78 228 3
59 26 1
155 89 2
222 165 2
118 222 4
1 47 5
109 63 4
217 54 4
293 121 5
272 4 3
228 248 1
66 296 2
64 151 1
47 188 2
275 57 5
179 6 1
282 45 4
125 97 3
156 81 4
164 151 4
84 132 1
246 260 4
294 215 1
147 267 4
180 101 4
129 140 2
154 38 3
24 100 2
47 284 2
101 245 1
110 93 4
65 210 4
60 139 5
156 33 3
201 32 1
242 203 5
10 182 4
80 255 4
119 212 3
296 283 1
117 54 5
139 219 2
34 236 5
157 7 1
119 15 5
21 180 1
122 127 1
73 290 1
19 287 1
229 91 3
159 78 4
291 226 2
154 251 2
44 217 4
135 78 4
150 84 1
224 91 4
179 111 3
39 109 1
257 35 2
162 211 5
269 152 4
151 87 4
281 66 5
281 117 1
177 146 2
217 69 1
288 136 3
187 55 1
198 273 1
267 151 3
284 125 1
155 69 2
238 211 1
275 129 5
213 95 4
116 105 5
216 104 1
21 271 3
166 126 4
100 284 3
83 63 1
113 61 4
64 300 3
159 253 5
261 153 1
275 255 5
84 77 5
177 25 2
90 174 2
21 292 2
265 168 3
90 284 1
242 169 4
297 55 2
194 260 5
1 191 5
55 31 1
138 25 3
265 118 3
26 214 2
294 135 5
235 258 1
71 8 4
129 44 2
219 243 2
281 64 3
15 49 4
103 106 4
271 299 4
247 138 3
241 156 5
27 270 1
248 272 1
272 247 3
239 119 4
25 107 4
241 55 3
185 232 5
112 120 5
135 48 5
33 128 2
186 178 5
25 209 3
186 99 1
138 224 4
201 273 4
63 142 3
191 204 1
90 26 2
190 125 1
281 180 5
220 176 1
126 164 5
48 204 4
141 279 1
148 12 3
119 8 3
186 269 4
97 197 4
155 35 2
102 290 1
164 30 2
50 259 3
20 143 3
291 151 1
7 14 4
267 95 1
291 84 2
134 24 4
249 278 1
133 239 5
189 30 1
178 206 3
139 232 3
245 220 3
41 168 1
238 54 5
165 246 4
86 146 3
140 91 4
294 240 4
69 77 2
43 125 4
191 247 5
72 197 2
53 10 2
37 180 2
265 175 4
279 25 2
284 129 4
72 49 2
175 257 5
300 88 4
238 173 4
175 59 1
200 239 5
169 111 1
25 68 4
50 36 4
245 260 5
86 98 5
191 59 5
163 247 4
293 13 2
227 172 4
119 263 2
242 94 5
140 86 1
136 224 2
288 122 5
264 43 4
157 38 3
217 103 4
223 48 3
13 241 5
65 9 4
207 143 5
277 80 5
92 27 5
148 235 2
41 263 1
253 288 3
186 160 1
290 181 4
270 222 2
146 71 4
98 203 5
223 272 4
42 206 3
99 110 3
263 84 3
199 194 3
228 112 1
40 56 2
276 40 3
82 262 1
295 131 1
233 140 3
236 254 3
26 77 2
293 151 1
280 195 1
293 63 5
98 92 5
258 276 4
279 133 2
53 293 3
114 222 1
143 120 1
268 137 5
56 236 3
96 284 4
2 244 3
232 104 4
185 258 1
281 94 2
216 178 1
162 64 2
86 185 5
92 206 5
172 251 5
87 232 4
78 41 4
214 210 5
191 89 4
108 4 2
128 75 2
58 20 5
4 114 4
272 98 3
240 162 5
12 23 3
251 129 5
159 88 2
281 113 4
17 92 2
125 280 3
195 230 5
252 147 3
231 268 3
191 137 5
277 138 3
131 190 4
77 40 1
174 217 4
143 287 5
124 87 5
66 132 3
39 204 4
196 91 3
85 266 3
236 21 1
97 148 4
168 140 4
71 132 3
25 146 3
118 200 5
138 146 4
295 270 3
283 245 1
14 213 2
252 43 3
171 130 5
129 52 3
52 220 2
249 57 1
18 132 4
230 106 5
211 127 2
252 228 3
31 171 3
48 203 5
234 285 2
132 102 2
172 143 1
138 72 1
42 34 4
203 261 1
148 254 2
199 116 5
171 169 3
149 160 3
158 267 4
56 160 1
6 105 4
134 144 1
97 285 1
65 133 4
81 162 4
7 179 1
118 149 2
168 111 3
264 11 1
230 132 5
74 109 1
80 161 2
260 291 1
234 103 3
100 213 5
208 138 2
262 105 5
189 217 5
121 77 3
276 29 2
22 104 3
45 227 4
98 87 4
85 42 1
85 176 4
14 189 5
78 66 3
143 180 1
149 59 4
94 164 4
270 20 3
84 280 1
84 215 5
11 186 4
159 225 1
268 260 1
227 77 3
177 96 5
171 113 5
218 8 2
68 250 3
92 104 4
247 176 2
160 153 2
14 222 3
172 218 4
151 239 2
82 36 3
168 86 1
247 222 3
267 49 1
69 276 1
262 197 3
82 288 1
29 67 3
3 179 4
27 273 2
254 18 3
109 299 1
10 113 5
67 167 1
135 23 4
137 272 4
260 20 2
57 268 5
20 35 5
12 178 4
282 199 4
125 300 4
213 290 2
250 248 2
132 210 4
75 180 1
24 144 5
226 90 5
55 222 2
169 274 4
182 181 5
104 233 4
188 90 3
154 24 3
79 120 3
298 103 2
17 134 4
128 44 1
17 265 3
154 232 5
99 122 5
148 85 4
293 4 5
238 34 1
2 69 3
109 280 2
166 82 3
58 115 5
96 132 4
142 233 5
38 126 5
192 196 5
29 259 4
298 81 5
215 1 2
189 181 2
92 251 5
72 203 5
268 141 5
50 101 1
167 216 3
258 147 3
292 88 3
39 277 1
116 289 5
185 132 1
6 239 2
132 2 5
162 243 3
65 93 5
188 172 4
17 242 1
166 8 4
29 298 4
223 233 2
63 106 3
71 194 4
285 138 1
116 10 4
244 111 1
274 2 5
78 89 5
124 231 2
125 31 3
261 63 3
31 293 5
130 3 4
195 296 5
4 39 5
228 240 3
288 1 2
96 68 1
236 55 2
211 178 1
135 99 3
28 39 1
293 228 4
114 64 3
181 35 2
110 197 5
232 119 1
85 122 5
100 125 2
243 159 5
170 237 3
44 64 3
252 155 5
255 150 3
179 214 4
135 137 2
17 58 2
128 229 3
215 273 5
210 145 2
262 85 2
174 269 5
170 145 1
162 7 5
299 181 2
224 18 3
49 103 1
206 75 3
224 32 5
10 154 4
192 162 1
228 16 1
222 167 5
25 267 5
161 56 4
150 66 4
165 160 4
196 39 1
84 45 5
238 14 3
240 149 4
44 41 5
195 71 1
231 251 2
107 258 1
202 82 2
5 87 5
224 115 2
212 35 1
18 222 3
245 96 2
116 53 5
116 29 5
10 90 1
212 38 3
273 179 2
223 63 4
218 112 5
183 77 1
131 184 4
215 156 3
35 156 2
222 68 2
217 195 2
65 95 2
170 247 3
239 264 3
234 110 1
261 260 2
233 152 3
283 170 2
235 223 5
57 171 4
68 179 4
268 31 4
184 45 3
25 132 3
112 114 2
300 187 5
31 245 4
207 228 1
53 177 3
265 29 2
226 54 1
11 85 2
289 290 3
35 276 2
195 225 4
216 218 1
43 135 3
89 154 2
23 264 3
12 182 5
17 236 4
4 261 5
136 100 1
100 151 2
14 229 5
42 274 2
3 70 4
231 104 2
183 80 2
257 233 5
222 110 5
263 168 1
266 199 2
273 292 4
188 59 3
292 215 3
289 20 4
65 243 5
27 85 5
83 286 2
21 9 5
129 120 3
165 203 5
287 44 1
99 214 1
198 288 5
75 285 5
161 37 1
47 154 1
80 205 2
177 275 4
1 113 2
211 233 1
168 206 4
248 234 4
128 79 4
41 182 5
121 149 5
208 81 1
193 297 4
268 220 5
135 22 3
93 102 5
288 242 4
298 142 5
240 205 1
193 8 1
171 133 2
29 272 2
101 23 3
57 129 4
246 244 4
193 98 5
160 166 5
120 1 4
35 68 4
276 194 3
228 192 5
4 277 1
138 6 2
25 162 2
233 84 5
295 60 1
128 250 1
206 211 2
140 128 3
209 255 2
133 203 2
177 120 3
266 230 5
11 221 3
216 297 3
92 206 5
136 31 5
292 238 1
3 121 5
125 13 2
256 245 1
30 3 5
186 204 2
232 158 4
157 195 5
62 35 2
12 61 2
106 12 3
87 219 2
120 200 4
42 227 3
117 282 2
127 235 2
196 68 3
161 254 2
294 20 3
291 245 5
126 105 3
248 283 3
107 28 1
105 186 5
15 182 5
162 257 5
232 60 1
290 38 4
199 267 4
277 172 4
257 89 1
262 66 2
16 261 4
193 268 5
297 46 4
287 80 2
215 136 1
283 133 2
30 114 5
33 69 3
295 110 3
189 127 5
26 162 5
85 213 4
138 63 1
39 249 4
30 208 3
209 57 2
154 23 1
211 115 3
130 300 4
296 275 1
250 270 4
57 291 4
21 146 4
59 237 4
34 177 2
166 206 4
188 265 1
290 85 4
75 247 3
102 284 4
123 91 3
122 97 2
4 282 3
229 91 4
7 77 3
277 272 3
124 288 4
132 101 2
197 297 1
78 289 3
85 87 2
129 15 1
234 217 4
249 190 1
220 72 3
273 152 4
90 176 3
249 79 3
142 140 5
159 265 4
122 271 5
109 176 1
295 109 2
290 41 3
207 202 1
186 109 2
226 35 3
17 235 5
204 229 4
265 65 1
93 116 4
91 283 1
232 90 2
88 297 1
189 132 3
195 179 2
137 86 2
166 32 4
148 87 1
75 109 5
209 34 5
191 186 3
50 245 2
290 227 2
269 139 4
250 185 1
20 66 1
32 227 5
246 114 1
235 125 1
231 59 1
73 229 5
76 221 3
128 53 2
258 27 4
83 198 5
262 131 2
264 239 2
189 81 3
132 99 5
217 232 5
286 266 3
30 119 2
129 4 2
40 200 4
125 78 5
170 112 2
266 210 2
205 45 3
225 143 1
37 167 4
287 195 2
227 238 1
18 69 2
162 198 5
197 289 4
164 160 4
3 49 5
270 212 4
10 154 3
184 161 4
52 90 3
30 60 4
237 24 3
190 240 5
266 285 1
264 91 5
250 81 1
61 115 4
126 118 5
73 67 3
263 276 4
186 247 4
204 112 2
160 145 3
262 82 4
296 242 3
213 31 2
135 232 3
141 34 3
183 238 5
226 133 1
162 87 1
102 213 4
231 277 4
47 168 3
86 83 5
7 105 5
244 2 3
157 120 5
90 211 1
2 269 4
68 200 4
36 261 5
226 81 4
146 198 2
211 115 2
100 217 3
191 163 4
212 116 1
51 157 1
17 217 5
265 241 3
36 220 2
183 198 5
246 144 3
33 79 1
97 169 2
111 212 1
11 71 3
294 63 4
144 215 4
34 14 4
257 293 1
54 23 2
255 277 2
195 90 5
25 1 3
83 190 2
12 190 5
208 178 1
26 218 5
85 222 1
288 238 1
119 40 4
46 87 4
172 186 3
159 74 3
225 75 3
179 138 4
158 141 2
291 79 4
159 118 4
142 210 5
114 80 1
257 102 5
11 99 4
254 208 5
261 218 1
291 88 2
64 133 1
105 160 5
242 220 5
101 143 4
52 262 2
261 37 2
257 224 1
5 92 5
33 277 4
152 190 3
99 209 2
213 90 3
92 142 1
98 85 1
288 102 3
60 76 1
203 206 5
11 139 4
245 55 3
232 258 1
246 201 4
278 70 1
286 163 2
161 238 1
118 134 1
298 118 5
161 79 2
14 213 3
36 268 4
131 5 1
62 168 4
141 181 2
196 232 4
1 288 5
212 69 4
113 63 4
274 82 2
47 272 1
238 279 4
11 287 4
126 55 3
90 163 3
180 115 3
186 16 4
298 191 1
4 220 3
266 217 2
123 293 2
120 60 5
243 102 3
40 35 2
107 139 3
109 146 5
268 283 4
9 166 2
264 148 3
184 103 3
251 92 2
72 239 4
198 277 2
108 63 1
199 270 2
126 286 1
88 41 3
59 81 2
77 168 2
63 282 1
30 40 2
230 213 3
144 278 2
201 107 3
167 72 5
124 135 2
8 59 2
48 96 1
10 63 3
58 199 2
98 191 3
176 182 2
180 239 1
156 159 2
264 191 3
293 267 1
259 201 3
181 139 5
127 213 5
22 53 5
155 5 4
235 139 1
266 132 5
219 111 4
93 125 3
289 166 2
292 182 2
292 213 2
127 64 1
196 121 3
273 48 2
135 14 4
252 143 1
270 269 1
124 70 5
86 156 5
198 17 5
259 140 5
198 150 3
273 177 3
216 246 5
241 226 3
202 71 2
282 270 4
48 170 4
31 286 5
50 118 4
6 16 4
145 73 2
41 283 4
263 11 5
69 268 2
217 168 4
230 154 5
115 51 5
228 139 2
248 84 3
140 15 5
67 155 3
149 35 1
236 178 5
42 113 3
172 37 3
249 114 3
8 262 3
250 56 4
46 116 2
293 3 1
252 197 4
235 135 2
10 122 5
24 228 3
170 1 2
82 52 4
107 287 3
287 272 3
189 33 5
88 164 5
109 286 3
173 244 4
4 166 1
168 187 2
64 81 2
225 294 2
47 27 3
145 164 1
62 163 1
163 96 4
293 11 1
62 133 1
228 202 3
85 13 4
228 269 2
184 86 3
253 157 1
168 42 4
193 112 3
51 61 4
191 20 3
198 221 2
251 228 4
150 272 2
223 295 2
194 251 3
89 111 5
186 123 1
107 178 2
15 153 2
63 49 2
261 248 1
290 115 4
148 121 5
215 170 4
26 172 4
170 140 2
27 226 5
206 17 1
290 195 2
35 128 2
205 41 1
122 244 2
233 131 4
76 291 3
21 220 5
183 4 3
12 220 3
172 68 3
62 21 5
70 252 1
106 160 3
76 12 2
134 292 3
196 17 1
272 57 2
17 90 4
20 159 1
191 85 4
194 36 4
237 284 5
221 134 1
121 97 1
38 218 4
182 99 3
120 188 2
23 98 5
245 104 5
31 111 1
210 127 1
173 214 1
99 226 1
173 59 2
110 48 1
65 21 4
232 138 5
212 206 1
290 202 3
60 240 2
82 121 3
169 112 2
190 243 4
63 154 5
274 95 1
184 260 2
33 140 1
268 208 2
15 93 2
139 158 3
257 155 2
172 242 1
192 71 5
231 114 5
61 15 2
268 284 1
18 300 1
247 102 3
248 109 5
266 234 5
7 120 4
223 193 1
135 27 5
300 19 5
70 104 1
149 88 2
284 94 3
103 20 1
76 212 3
242 215 3
180 120 4
157 71 4
6 150 3
95 253 2
33 243 5
187 217 5
299 118 2
40 232 2
44 158 3
174 40 3
232 140 2
90 48 1
26 130 4
171 127 1
262 47 2
74 71 5
14 159 1
202 140 5
263 131 5
15 133 3
99 203 3
174 149 2
139 30 2
165 79 3
57 150 5
72 32 4
277 179 3
275 72 3
24 266 5
92 60 5
19 102 4
102 184 4
12 74 2
97 289 5
157 88 5
151 55 2
124 136 1
48 153 4
211 276 3
2 130 3
275 289 3
219 157 3
200 188 3
180 238 3
172 10 4
286 222 1
38 90 3
208 71 4
154 223 2
278 184 2
176 18 4
95 111 4
115 264 3
141 98 2
54 112 3
231 108 5
29 211 5
200 243 4
231 183 1
19 293 5
48 235 1
103 65 5
194 287 5
151 114 5
142 49 5
273 257 1
105 78 5
13 76 2
122 55 5
274 15 4
258 151 3
77 64 3
262 8 2
227 214 5
279 224 3
76 253 1
66 112 5
152 185 2
256 196 5
3 142 5
111 246 1
155 239 4
18 168 3
196 51 5
88 274 2
206 130 2
188 11 5
288 209 3
119 193 1
23 261 1
37 168 2
124 152 4
197 57 1
103 161 3
168 108 1
248 157 1
145 100 2
195 267 3
34 289 2
193 16 4
221 283 1
286 208 5
263 215 5
276 246 4
15 235 1
146 145 3
201 28 5
245 140 2
177 162 1
12 131 1
104 107 4
49 144 1
225 233 5
250 82 1
196 186 2
155 88 4
40 182 3
96 212 2
287 210 1
204 86 3
197 289 2
281 169 2
17 32 1
296 276 5
214 86 5
106 96 3
215 23 3
156 4 1
119 264 4
150 101 5
115 135 4
287 112 2
178 104 3
228 68 1
13 166 2
193 286 4
75 68 1
284 224 4
73 293 4
66 232 4
66 51 4
243 98 4
106 169 3
237 147 2
280 177 1
87 179 4
17 121 3
156 106 2
207 235 1
290 9 1
160 267 1
199 186 3
70 283 2
276 65 4
61 68 3
274 145 3
41 225 1
218 12 5
49 148 3
210 26 2
220 62 3
62 284 1
154 290 2
241 188 5
63 59 4
145 112 5
112 97 5
193 100 4
245 77 2
185 28 5
271 131 5
180 2 4
245 223 5
129 119 2
285 41 5
203 155 2
45 132 3
191 46 1
157 113 1
143 53 4
66 102 4
138 266 4
126 217 2
126 263 3
286 76 2
41 206 3
150 57 3
191 228 1
172 103 3
152 142 3
273 193 4
49 100 1
242 189 4
300 240 3
232 14 1
178 177 4
145 154 3
78 40 1
46 51 1
94 89 5
61 265 3
112 8 1
187 281 3
254 137 3
12 180 2
167 206 4
56 287 1
13 101 2
167 270 4
198 145 4
84 177 1
248 182 5
235 109 3
280 94 4
153 244 5
247 229 3
210 119 2
117 12 2
19 22 2
251 17 1
116 232 4
176 124 2
44 235 4
189 290 1
66 16 1
252 230 2
151 268 4
223 158 5
237 147 1
269 212 1
248 113 5
45 144 1
249 78 5
242 114 1
288 230 4
98 266 2
124 181 5
168 150 5
20 192 4
111 19 4
94 283 5
283 40 1
202 13 2
74 206 3
34 39 5
130 149 2
100 107 4
114 243 4
224 198 2
81 223 5
214 246 3
85 262 5
232 139 4
277 32 4
72 149 4
95 203 1
274 294 4
123 290 4
202 222 1
149 155 1
19 275 2
246 17 5
165 21 3
155 191 5
229 56 3
268 32 2
225 49 1
293 210 3
252 186 1
234 298 2
43 228 3
201 292 2
287 213 3
66 249 1
25 175 3
24 135 2
24 231 1
250 177 4
134 119 1
193 1 4
7 212 1
264 40 2
149 166 5
4 91 1
237 207 2
278 129 2
135 128 3
242 235 5
108 210 5
44 266 5
46 138 1
257 9 1
184 96 3
52 219 5
126 36 4
193 148 2
229 195 2
257 121 5
123 252 4
20 116 2
72 157 1
160 137 4
30 21 3
84 72 3
169 285 5
260 61 2
173 163 2
190 125 3
185 198 1
97 135 3
98 114 2
144 226 3
37 273 4
162 198 2
75 6 4
91 236 4
91 226 2
79 251 1
133 58 5
296 161 5
293 165 2
188 14 5
271 122 1
179 90 1
152 185 1
19 166 1
257 120 5
177 113 3
264 278 1
163 226 3
209 48 5
144 251 4
267 296 4
2 192 2
251 159 5
221 225 5
4 105 2
13 284 4
162 184 1
287 170 3
50 117 4
274 64 3
294 15 2
279 105 2
31 261 3
27 30 3
147 171 1
295 287 1
17 141 5
45 165 5
170 118 3
154 252 3
146 47 1
141 265 5
139 38 1
286 250 1
152 98 1
108 186 4
59 43 1
277 87 5
137 10 3
129 244 1
269 109 5
51 103 3
48 15 2
20 133 2
105 235 5
154 166 4
139 32 5
53 213 2
101 195 2
124 83 1
221 112 2
298 118 1
235 23 1
2 200 4
54 28 1
97 297 1
16 137 4
76 164 5
84 249 5
119 165 2
103 221 4
69 266 3
137 173 4
41 157 5
226 53 5
271 98 1
155 188 4
80 45 4
126 73 4
102 256 1
230 175 5
129 72 2
296 69 1
183 188 4
6 113 1
260 262 5
191 290 1
85 84 2
49 242 2
77 261 3
286 164 4
48 141 2
72 159 2
283 74 4
260 63 5
59 109 1
91 27 3
130 60 4
160 102 1
244 261 4
115 92 4
145 90 1
247 189 3
148 95 4
177 137 5
143 100 2
198 236 4
203 187 2
173 8 4
216 43 2
56 41 1
53 28 3
239 205 3
295 85 3
263 10 4
255 112 1
284 232 3
125 199 3
127 244 1
219 245 4
195 45 2
202 207 3
174 251 1
146 287 5
68 262 3
135 87 3
254 43 4
193 135 3
169 35 2
24 34 5
280 61 1
262 235 3
64 120 1
103 182 3
49 156 5
249 199 1
112 278 3
194 76 2
148 96 3
86 264 1
14 175 3
199 185 2
210 58 4
174 73 2
251 176 5
252 51 1
279 253 2
275 162 5
123 206 1
41 300 1
105 28 5
182 146 1
84 279 5
223 25 3
265 234 5
73 42 4
103 257 5
51 300 3
30 180 3
16 109 1
142 176 2
134 165 4
95 41 3
292 258 5
174 123 3
199 102 3
274 7 3
139 60 5
127 21 5
180 65 5
150 224 3
300 265 4
42 217 5
24 101 4
176 241 2
8 28 1
247 220 2
7 28 4
26 278 3
47 216 3
281 124 1
286 3 1
85 187 2
82 73 3
132 114 2
290 267 5
138 121 2
261 231 5
245 237 1
47 80 2
103 279 4
180 67 5
24 269 3
216 156 3
76 251 4
281 278 4
145 37 3
154 218 4
20 212 2
216 95 2
30 264 4
260 71 1
162 221 1
178 35 3
30 26 1
13 161 1
224 234 5
250 80 5
51 69 4
156 253 2
13 2 1
123 106 1
79 102 3
225 170 2
1 64 1
4 39 5
4 15 2
125 196 2
182 276 5
67 20 4
45 282 4
173 223 4
284 58 2
29 227 4
244 138 4
147 235 2
266 138 4
217 208 2
122 157 4
273 149 3
291 96 4
110 243 1
188 16 5
80 117 3
125 227 4
161 123 1
66 14 5
94 90 2
126 44 1
287 92 5
272 71 3
201 52 1
285 122 3
138 188 3
130 202 2
90 21 3
246 183 2
150 98 5
10 244 1
225 270 5
289 3 1
111 184 3
25 296 1
72 46 5
102 50 1
207 122 3
168 67 2
229 269 1
162 92 5
12 233 3
176 79 5
245 266 2
151 94 1
117 81 4
140 47 3
221 185 1
86 44 3
238 104 1
180 78 3
253 37 1
140 76 4
273 215 5
134 192 1
198 181 2
214 204 4
95 36 4
16 121 3
91 246 3
274 248 2
158 172 1
34 38 1
75 163 1
14 163 5
220 272 4
267 203 4
157 284 3
107 96 5
229 5 4
246 176 3
197 69 1
192 131 2
90 254 1
141 41 5
176 126 2
242 16 4
143 134 1
91 145 3
172 63 2
280 262 1
178 258 2
263 118 4
121 26 1
55 269 5
202 230 2
62 87 4
263 114 5
117 57 1
139 258 5
233 97 1
177 265 5
110 8 3
45 62 2
143 90 2
62 23 3
211 33 2
265 183 4
243 24 3
110 234 4
283 235 5
150 191 5
289 238 4
251 201 4
91 99 4
157 79 5
30 116 1
207 164 2
148 65 5
197 67 4
273 146 5
61 144 2
213 69 1
179 284 3
86 50 5
199 257 4
143 60 2
53 108 1
248 282 5
65 104 5
13 165 4
119 290 1
3 27 4
163 268 4
250 189 1
263 42 2
153 157 3
247 293 4
182 219 5
29 104 3
112 142 4
77 298 2
99 242 2
192 65 3
221 45 1
31 113 5
52 152 2
220 118 1
83 63 4
169 88 3
275 123 5
272 86 3
197 90 1
66 254 2
168 267 2
282 206 5
136 297 4
42 288 2
104 70 2
255 208 5
16 204 1
103 43 2
218 136 1
62 74 4
258 296 3
231 68 1
107 251 4
81 10 1
130 205 3
112 204 2
200 205 2
161 15 2
62 140 4
68 216 4
296 70 4
224 257 2
41 51 2
39 52 1
298 44 3
236 93 3
271 50 1
144 235 1
67 49 2
99 159 1
169 12 2
281 282 3
258 26 5
225 98 2
26 204 4
149 77 1
238 11 3
13 45 3
123 35 1
176 42 4
7 185 5
19 74 2
134 78 2
189 231 5
209 138 5
274 35 1
104 71 2
53 95 1
288 103 2
157 173 3
103 20 1
110 292 2
32 178 2
144 285 4
43 226 2
276 95 5
244 158 3
213 120 4
206 56 1
284 20 1
134 79 2
215 73 2
31 133 5
233 222 1
48 172 3
165 148 1
3 224 2
121 45 1
204 207 3
255 32 1
223 76 2
25 207 1
46 70 4
36 253 3
35 272 3
295 114 2
126 252 2
122 198 1
255 152 4
225 102 5
270 48 1
79 198 5
90 118 5
21 231 3
243 230 5
92 195 1
160 16 3
89 222 2
229 15 1
122 199 2
100 3 5
150 220 4
253 296 2
155 120 1
13 93 2
2 33 3
198 184 5
151 40 3
174 80 5
297 6 5
110 108 5
86 270 5
264 262 4
52 255 2
180 51 2
121 184 1
11 56 2
267 185 5
228 147 1
83 266 2
158 28 4
30 233 3
91 21 5
57 264 4
1 129 2
257 30 5
145 65 5
48 223 1
126 88 3
200 141 3
138 35 1
238 207 3
74 158 1
173 44 1
241 41 3
255 190 3
12 48 5
98 103 1
93 17 1
116 265 5
31 242 4
219 145 2
180 239 4
275 64 4
193 104 2
284 101 3
89 237 5
27 115 2
294 141 5
37 36 1
149 65 1
79 236 1
221 31 4
51 152 2
201 270 4
204 24 1
268 253 3
259 6 2
260 158 2
290 55 2
192 171 5
296 40 3
233 158 5
269 196 3
117 54 2
15 170 2
195 237 2
173 146 2
151 132 4
35 293 2
181 137 3
270 272 3
135 261 4
59 250 4
103 214 3
163 209 4
100 207 5
13 29 5
212 14 2
111 90 3
26 73 2
103 112 3
105 225 2
246 99 1
71 23 2
297 157 3
267 200 5
160 63 1
196 79 5
281 100 3
84 225 4
33 264 2
13 265 1
16 298 4
214 126 5
192 125 2
284 119 3
235 238 2
188 136 2
156 31 4
62 157 1
145 19 3
73 237 1
117 60 5
90 6 2
33 205 5
41 111 5
209 229 2
67 125 4
180 65 5
40 92 5
68 131 5
98 221 4
204 281 2
206 189 4
150 227 2
35 106 1
269 296 1
273 146 2
190 47 1
70 183 5
67 37 5
251 184 2
299 182 5
274 288 3
1 109 5
124 90 5
161 10 4
213 299 3
162 283 4
177 248 2
107 87 1
294 194 5
278 172 4
283 57 3
242 57 1
48 218 2
168 162 1
217 230 5
157 78 5
90 213 4
119 10 3
78 114 5
271 18 4
200 177 4
215 56 1
265 233 3
166 221 2
90 222 2
14 143 4
288 216 3
97 278 3
3 294 5
45 57 5
2 290 2
227 118 2
162 245 3
296 52 2
263 283 4
106 291 4
276 223 2
190 19 3
52 42 3
155 148 1
229 57 4
195 69 2
103 132 2
252 267 4
105 217 2
226 54 3
126 86 2
165 147 4
72 62 4
53 48 5
214 290 4
129 269 4
143 79 2
254 223 4
38 66 4
145 7 5
222 162 5
241 187 1
123 265 4
227 287 5
41 43 2
28 149 1
238 33 2
22 66 3
92 277 4
124 51 5
30 288 3
165 35 3
247 280 5
185 184 5
262 42 4
81 26 3
34 98 2
57 221 1
116 147 2
53 137 5
299 252 4
147 180 3
107 106 3
39 42 3
78 244 1
95 11 3
53 243 2
279 50 4
69 232 2
94 1 4
231 41 4
49 299 1
121 182 1
125 58 5
230 126 1
57 206 2
34 129 1
18 238 4
269 218 2
262 145 5
110 202 2
41 22 5
261 100 1
77 47 4
282 234 3
15 183 5
274 133 5
189 95 2
142 299 4
235 205 4
197 238 3
58 252 2
221 227 4
229 102 2
281 49 3
3 262 5
214 185 4
131 263 4
242 65 2
110 60 3
287 131 1
265 267 5
15 64 5
182 4 2
170 52 4
185 111 5
252 91 4
106 229 4
98 184 5
185 84 4
24 64 4
94 140 5
77 222 4
21 77 5
89 53 1
257 22 4
159 293 1
98 124 1
102 162 3
240 137 3
112 258 2
83 267 3
141 84 1
24 94 4
39 163 5
161 300 4
180 76 5
122 198 3
51 234 4
34 195 2
218 225 2
142 10 3
23 47 5
60 172 4
18 264 5
111 181 1
248 132 1
246 8 5
110 55 5
95 1 3
216 290 1
50 226 1
291 26 5
168 104 4
256 1 4
298 33 1
210 32 2
117 75 5
187 8 5
147 298 2
27 101 1
209 110 2
285 81 4
256 61 2
105 5 1
203 11 2
291 39 3
185 176 3
41 50 4
66 192 5
22 171 5
296 121 2
238 247 5
237 289 5
299 82 5
71 182 5
157 94 3
204 63 3
225 28 2
155 215 5
211 264 3
100 215 5
120 102 3
226 78 5
125 134 1
128 138 4
2 183 3
230 25 3
211 185 3
18 176 2
261 242 1
205 110 2
225 84 5
213 67 3
216 219 2
106 91 5
145 22 4
81 68 2
110 52 5
199 52 4
296 146 1
239 252 1
251 219 5
214 47 3
279 61 3
98 57 3
270 143 2
141 8 2
182 243 3
114 71 1
29 239 4
266 171 1
219 298 4
239 271 2
1 33 5
172 242 3
199 135 2
242 98 2
92 77 5
113 211 1
29 78 3
214 25 3
233 134 3
139 1 3
294 230 4
234 107 5
45 276 2
208 152 2
207 64 1
103 27 4
89 38 5
291 228 1
195 268 3
146 28 5
151 286 3
33 270 4
41 297 1
164 51 3
146 293 1
211 115 2
29 285 3
283 178 5
241 133 1
25 168 1
150 175 4
56 243 5
159 51 4
19 216 1
31 65 5
81 143 5
237 51 5
54 277 4
183 293 1
278 116 4
106 24 5
119 220 3
53 96 5
295 20 3
286 34 4
121 160 5
144 260 4
238 159 1
53 60 2
16 42 4
148 87 2
300 44 4
268 159 2
114 138 2
19 137 3
83 47 4
160 71 2
216 14 4
240 123 4
232 87 3
217 107 1
284 137 3
200 272 2
42 187 5
180 108 4
46 188 2
269 141 5
261 204 4
32 124 4
239 285 5
151 299 1
230 217 1
215 269 3
294 65 3
182 118 3
59 255 5
83 140 2
109 223 4
206 120 2
242 259 1
206 140 1
123 139 3
144 217 3
149 150 1
8 108 2
5 24 5
294 167 5
215 153 3
33 40 4
2 250 3
98 153 3
252 140 4
279 246 3
27 210 2
59 51 4
216 76 4
106 240 3
123 68 2
196 170 3
249 45 3
173 26 1
174 247 2
261 149 4
139 160 3
165 247 2
174 208 1
153 58 3
94 240 4
150 177 1
95 166 1
185 222 5
126 244 1
212 191 2
168 203 2
259 191 4
8 49 2
135 215 1
271 11 1
4 194 2
145 220 1
198 153 4
226 204 1
8 117 5
170 146 2
85 146 1
224 266 1
203 53 5
97 266 3
162 115 3
298 39 4
266 269 5
204 292 5
4 220 2
11 39 3
191 63 1
124 150 3
71 166 1
219 31 4
9 92 5
55 92 1
76 42 1
158 38 3
115 266 4
215 268 2
117 182 4
187 31 1
290 94 1
299 168 1
50 152 4
297 166 3
133 167 3
212 288 3
123 114 4
283 7 4
279 146 4
179 266 3
281 239 3
34 161 1
60 226 3
235 225 1
100 253 4
281 61 3
156 39 4
267 148 5
215 288 2
30 23 4
26 169 1
165 12 2
107 278 4
72 246 1
266 172 5
35 7 5
198 58 1
84 71 5
183 195 3
69 78 5
197 252 2
221 67 4
237 34 3
179 257 2
196 56 5
289 144 5
224 74 2
241 148 3
7 154 3
150 101 2
129 146 5
127 89 5
245 229 3
83 163 1
154 167 1
76 298 3
77 253 4
142 259 3
240 128 5
122 237 3
130 106 3
296 40 4
191 287 2
143 276 5
95 142 2
271 79 5
88 160 3
87 266 1
72 29 1
217 270 1
176 102 1
261 299 4
158 209 3
158 186 1
20 6 4
157 132 3
259 214 2
297 250 2
295 94 2
269 98 4
140 113 5
39 264 1
207 58 1
63 147 4
274 236 4
170 186 2
130 146 4
135 247 4
47 122 3
115 205 3
165 236 2
24 37 4
74 230 2
21 215 4
135 134 5
31 57 1
88 201 5
155 9 3
197 162 5
283 237 1
109 279 5
192 51 3
142 280 2
261 77 2
103 216 1
226 221 1
268 166 2
189 119 1
9 163 3
67 281 2
126 128 2
143 281 5
39 209 3
60 22 1
184 256 3
118 36 4
283 266 1
105 151 3
31 38 4
267 226 2
174 124 4
73 5 4
126 147 2
161 8 2
81 63 3
152 112 4
103 19 3
269 260 3
50 130 5
252 88 5
82 144 3
280 236 3
187 6 5
157 15 2
94 42 2
149 22 2
172 20 3
287 245 5
59 87 3
277 58 2
248 60 3
167 19 1
214 79 1
265 92 3
273 70 1
73 138 4
191 19 3
24 13 3
108 249 5
265 114 3
2 94 2
247 66 5
224 243 2
58 234 4
32 271 3
47 36 5
205 296 3
209 81 4
156 19 1
186 84 1
106 36 3
293 299 5
270 238 5
169 184 4
157 294 5
79 234 1
21 136 3
82 61 1
205 173 3
146 275 3
20 56 3
232 39 5
111 130 4
36 51 2
116 129 5
25 137 2
296 145 5
93 179 4
138 184 4
169 290 2
73 91 5
155 195 4
222 300 5
217 44 4
231 262 2
192 87 1
129 137 1
197 149 2
214 70 1
20 225 1
180 197 2
299 257 2
292 33 5
106 253 5
276 140 3
137 202 1
137 135 3
37 162 2
116 103 3
22 156 2
291 150 2
60 278 2
20 300 2
130 23 3
137 23 3
264 81 5
180 110 5
268 47 1
94 155 2
201 43 5
224 55 1
68 82 1
272 95 1
240 26 2
217 238 3
102 288 4
135 224 4
262 74 5
103 213 4
136 203 4
254 223 2
243 89 1
161 269 5
63 181 2
242 283 2
277 20 2
220 10 4
51 116 2
292 266 5
202 242 3
211 168 4
141 219 4
242 153 5
64 46 2
21 45 3
243 213 3
115 201 1
247 226 1
270 198 2
204 236 2
162 15 4
113 296 5
232 214 2
271 36 1
142 206 1
11 5 3
47 237 3
94 265 4
248 118 3
53 137 3
124 44 1
299 2 1
127 63 3
146 136 2
39 116 1
15 245 3
23 71 3
239 130 3
41 162 1
10 260 2
215 198 2
206 85 4
219 2 1
251 212 3
280 18 2
33 108 4
126 232 1
222 119 1
210 183 4
113 265 3
145 6 4
155 217 4
146 105 5
271 245 3
111 211 3
14 167 1
249 50 5
273 46 5
120 2 1
195 109 4
160 190 5
248 189 4
22 108 4
130 104 5
78 88 3
93 33 3
143 1 5
21 233 2
193 246 1
21 81 5
140 77 5
290 73 3
247 51 5
66 182 3
78 7 1
225 200 1
178 191 5
114 141 3
40 246 5
89 24 4
101 72 5
96 243 1
235 27 2
145 152 4
73 251 1
224 108 4
194 157 3
167 32 5
7 26 2
256 265 2
297 119 4
49 191 1
139 238 2
14 271 2
19 245 1
203 14 3
255 181 5
274 267 5
181 299 5
4 58 4
253 202 3
100 137 2
55 221 4
186 292 5
13 144 5
96 264 1
38 159 2
206 48 4
195 109 5
250 276 5
204 184 3
98 35 1
242 145 3
32 93 1
140 183 2
80 162 1
53 262 5
112 66 3
63 230 1
146 203 3
242 162 3
188 145 4
121 249 1
251 215 2
273 254 4
243 34 3
269 58 3
280 239 3
133 224 2
65 141 3
235 49 5
252 168 4
49 212 4
38 20 5
167 164 4
251 107 5
295 118 2
259 82 2
254 12 3
278 107 5
220 296 4
198 183 4
160 178 4
282 237 4
220 213 5
214 280 2
70 117 1
130 1 1
167 104 5
263 179 4
184 118 1
118 145 1
262 249 2
173 228 2
200 9 3
128 224 2
12 88 3
108 82 5
192 126 2
174 288 2
6 159 3
103 144 4
190 273 1
109 173 3
66 121 4
220 156 5
66 190 4
261 244 5
173 139 2
175 19 4
157 132 5
220 62 5
286 255 5
264 245 4
25 46 2
55 162 4
164 227 2
197 27 3
107 140 1
139 292 5
218 53 4
227 297 1
113 133 5
187 299 5
111 96 4
32 143 4
126 33 5
75 28 4
12 28 2
88 51 1
70 92 4
155 39 5
58 295 2
227 37 4
7 83 2
182 74 2
100 288 5
167 276 3
91 104 5
130 46 1
160 296 1
93 98 5
175 187 5
130 72 2
291 44 2
47 131 1
94 219 5
255 269 5
92 193 4
297 176 2
45 282 5
72 118 1
125 37 3
209 128 2
252 65 2
190 194 2
296 74 3
242 264 4
162 134 3
147 61 4
244 264 1
146 135 5
93 247 5
146 20 5
54 179 3
125 3 3
67 143 5
249 29 2
22 153 5
213 190 5
84 216 3
118 137 4
221 30 4
296 24 3
293 163 3
65 193 4
105 203 2
274 85 2
116 59 5
124 36 2
25 85 5
62 20 3
62 147 1
94 267 4
20 228 4
299 35 1
85 267 4
205 33 2
116 263 1
296 200 3
82 187 1
123 148 4
233 146 5
267 150 3
103 50 3
135 26 1
207 292 1
90 241 1
84 234 3
147 264 1
3 252 3
89 19 1
224 26 5
250 233 4
284 22 3
171 161 5
131 217 1
148 5 3
46 114 3
201 99 3
11 167 4
274 45 5
256 23 5
203 213 1
165 109 4
48 247 2
289 99 4
94 66 2
3 80 4
178 26 4
37 94 1
279 293 4
211 28 5
199 105 1
2 266 3
226 97 2
7 82 4
181 79 5
178 23 3
8 297 1
236 255 1
90 177 3
297 93 3
145 108 3
107 234 5
146 174 2
291 212 3
263 98 1
175 228 2
143 84 4
206 190 1
39 155 1
104 190 2
186 45 1
299 213 2
17 281 1
204 2 3
166 255 3
207 40 2
167 187 5
193 215 2
58 108 2
101 214 1
199 54 5
172 5 4
205 26 2
121 184 4
19 73 2
277 86 3
206 232 5
189 174 1
137 226 4
289 247 2
120 55 2
133 87 5
36 215 1
35 218 1
234 223 5
97 169 5
7 80 2
34 151 5
14 96 2
231 183 3
181 283 3
95 153 3
170 230 1
270 287 4
143 137 4
268 182 4
221 204 4
105 66 1
202 114 1
178 232 2
198 111 3
200 281 5
169 209 1
236 63 3
80 77 4
278 98 2
205 261 4
110 140 1
213 74 4
4 277 3
266 130 2
67 33 4
147 57 1
287 249 3
156 53 1
167 62 3
36 59 4
251 281 1
69 263 5
227 225 4
28 210 3
158 220 1
145 7 5
116 40 2
260 100 2
224 161 4
166 122 5
85 80 5
158 11 4
42 236 3
287 29 4
261 266 5
157 71 4
176 277 5
123 175 3
12 184 5
14 251 2
177 262 4
232 288 4
75 183 2
250 235 4
80 290 1
296 128 2
220 57 1
156 59 5
217 173 4
218 57 5
240 221 4
185 46 1
190 130 5
186 51 3
40 282 2
1 207 2
6 109 4
82 285 2
186 70 3
96 101 5
117 285 2
114 158 2
254 135 3
129 288 1
230 123 3
215 165 3
210 231 3
17 199 2
70 69 5
86 128 2
298 151 3
262 137 1
160 13 4
84 157 1
202 241 4
193 291 1
7 187 3
131 8 4
50 153 1
111 118 1
231 268 5
171 246 1
10 218 5
77 43 2
201 196 3
208 67 5
265 233 5
112 10 5
222 234 2
116 250 1
23 289 1
129 5 5
202 145 4
263 42 4
140 254 2
69 223 1
278 24 2
110 181 2
72 284 5
231 107 5
276 77 4
122 124 3
181 161 4
281 90 2
290 286 2
28 216 1
57 217 1
90 112 1
245 242 2
150 288 5
269 108 2
87 214 3
158 170 2
116 87 4
106 175 4
192 40 4
102 239 5
68 212 2
80 229 4
290 28 2
180 17 4
96 186 2
135 33 5
147 281 1
271 248 1
97 137 1
107 258 2
45 167 1
174 39 1
160 132 5
183 290 3
66 278 5
83 197 1
30 68 1
40 76 3
26 86 5
146 66 2
40 7 2
279 92 4
224 277 4
123 195 2
235 80 5
33 58 5
193 223 4
35 146 1
157 274 2
94 42 4
119 115 3
180 284 3
46 219 4
210 150 2
81 97 5
37 229 1
15 78 4
214 268 2
271 42 3
17 46 4
177 89 4
85 228 5
206 53 4
271 158 3
20 207 5
101 230 3
6 176 4
273 76 4
273 269 3
146 121 4
207 85 3
238 245 5
46 157 3
80 273 2
285 38 3
260 84 1
54 231 2
225 215 5
179 242 4
93 136 4
291 172 4
114 65 5
101 287 5
197 281 4
148 10 1
242 80 1
209 29 3
28 72 5
20 148 4
151 107 1
177 39 1
90 109 2
124 39 4
203 230 5
127 257 2
84 256 3
151 252 1
200 238 5
117 249 2
173 181 1
56 115 4
255 100 3
168 295 5
149 198 5
256 90 1
125 177 2
80 212 4
133 144 5
182 153 4
72 98 3
155 267 1
275 118 5
22 237 1
210 144 5
82 84 3
11 70 2
127 104 4
94 200 2
171 284 3
288 109 4
73 153 5
238 105 5
151 275 2
206 158 4
141 53 1
39 281 5
13 272 2
37 171 5
31 222 3
296 155 5
203 119 5
139 149 4
126 190 5
294 224 2
220 232 4
148 2 4
222 91 5
19 55 2
117 243 4
210 192 1
96 111 3
164 274 5
250 98 4
287 10 3
133 111 2
58 266 3
50 290 5
73 130 4
98 174 1
241 267 3
121 159 4
142 184 1
239 297 1
144 249 1
36 149 5
229 65 3
8 150 5
114 121 1
285 171 4
13 75 5
227 185 1
46 242 3
251 280 5
11 89 3
113 130 3
120 278 2
168 273 1
88 121 4
221 40 5
199 64 2
61 266 4
26 56 1
97 288 1
242 151 3
125 255 1
137 274 4
142 157 3
41 285 5
273 217 2
132 119 2
160 131 3
77 255 4
282 188 5
228 52 4
265 127 4
251 139 5
279 95 3
279 123 4
113 168 3
68 69 1
7 39 4
72 80 5
176 249 5
200 284 2
186 213 1
66 12 3
197 228 4
244 15 2
158 179 5
240 98 3
10 44 2
210 185 1
268 49 4
31 271 1
187 288 2
228 183 2
144 108 2
118 130 1
171 14 1
112 70 4
177 14 3
21 23 2
206 32 2
134 219 1
237 18 3
250 38 1
89 192 3
45 109 3
165 227 2
213 244 1
145 190 5
203 55 4
25 56 3
9 257 4
172 179 2
16 158 1
75 36 2
253 272 3
11 6 3
286 165 5
148 47 4
35 69 3
222 209 2
217 248 5
14 275 3
80 68 4
268 195 3
173 44 3
33 152 4
148 104 2
170 17 3
281 189 5
280 210 4
148 155 1
83 210 1
188 163 2
57 26 3
232 83 2
241 219 3
233 82 1
179 288 4
109 6 2
144 99 3
102 226 3
96 118 2
52 162 2
237 123 2
51 257 3
152 66 5
124 169 1
134 158 4
63 258 5
276 122 3
236 82 4
160 43 1
281 45 3
257 74 1
171 278 1
232 243 2
267 92 5
277 207 3
88 90 2
49 81 2
58 92 3
107 106 3
101 15 3
250 39 1
71 155 4
297 21 1
147 59 5
98 140 3
232 59 4
176 145 1
201 86 5
149 32 1
34 108 5
96 246 5
6 158 4
222 287 4
192 197 4
67 2 5
143 276 1
230 28 4
300 242 2
205 141 3
156 178 5
93 232 2
105 215 3
203 54 3
58 52 3
114 226 3
55 24 2
123 31 1
300 70 4
238 223 1
185 240 4
18 94 2
126 295 5
225 84 4
213 237 3
210 82 2
9 121 2
239 31 4
101 37 1
189 243 2
189 257 3
21 84 5
111 164 4
21 221 2
181 261 1
228 115 3
5 283 4
181 270 4
291 250 1
26 120 1
224 97 3
105 227 2
233 285 5
272 142 4
188 149 5
202 231 2
166 203 3
214 240 3
169 116 5
45 183 2
162 16 1
49 273 3
68 124 5
77 7 5
32 203 2
155 71 5
89 50 4
89 202 3
253 84 1
93 45 1
64 224 3
175 211 3
231 153 3
95 74 2
4 222 3
104 25 3
182 277 1
177 51 2
9 210 1
241 138 2
209 151 3
51 82 5
227 33 2
180 93 3
220 32 1
197 50 5
18 291 4
231 241 2
3 254 4
2 145 1
163 30 1
250 49 1
149 256 4
39 258 4
72 18 2
227 200 4
250 161 5
169 245 3
58 157 1
109 147 3
63 23 5
224 20 5
81 268 1
287 188 4
257 87 1
222 14 3
183 65 4
156 63 4
69 51 3
288 58 2
86 103 5
143 19 2
173 177 5
96 184 5
184 216 3
279 173 3
127 147 1
168 111 1
261 26 2
116 15 3
71 103 4
112 155 5
197 20 4
290 230 5
211 40 2
278 8 5
34 98 4
293 7 5
59 15 1
85 126 2
74 141 3
120 102 4
219 284 2
103 56 3
53 206 4
156 238 3
263 70 4
202 76 2
219 290 5
187 233 1
3 163 4
30 261 2
265 138 4
125 116 2
228 248 1
293 157 2
60 165 3
160 75 4
142 135 2
293 70 3
113 2 1
131 90 4
159 172 5
202 52 1
195 105 3
253 63 3
71 72 5
298 145 4
8 185 1
77 129 4
26 116 5
85 226 1
231 20 5
147 31 4
204 54 4
187 102 5
196 148 1
169 150 4
243 139 3
188 285 1
90 19 5
228 10 2
72 91 2
122 261 2
206 152 4
203 184 1
239 131 4
212 14 1
275 59 4
265 285 2
286 254 1
224 182 3
246 277 3
25 72 1
13 91 1
80 276 5
170 230 1
125 227 1
97 131 1
221 268 2
204 137 2
109 284 1
29 216 4
30 74 2
207 194 5
137 23 5
44 194 3
179 226 4
243 288 2
110 69 5
286 200 4
40 160 3
18 36 1
73 244 2
230 198 2
137 90 4
28 141 3
42 181 4
69 249 4
26 184 1
233 212 5
173 23 3
195 8 2
131 90 5
64 230 1
282 16 4
157 142 4
200 36 3
252 1 4
33 171 1
137 130 3
161 30 5
42 29 1
299 52 5
26 100 4
231 285 2
284 46 1
96 278 3
189 213 4
94 35 4
284 224 3
296 192 5
69 249 5
140 84 4
8 70 2
286 114 5
252 164 1
118 220 1
117 34 3
292 293 5
261 56 2
71 188 4
180 125 2
80 102 4
132 263 2
67 242 2
84 186 2
270 148 5
96 131 2
290 293 4
99 173 3
104 203 4
91 298 2
201 185 5
19 131 1
100 10 1
161 213 1
129 274 5
14 221 5
145 136 5
243 5 3
1 189 2
112 1 1
49 140 3
194 34 5
264 172 1
133 126 5
202 15 5
17 141 1
260 115 4
44 37 5
273 96 1
215 41 4
55 279 2
32 238 5
274 73 3
190 154 2
50 1 4
279 293 2
97 247 5
265 65 2
110 75 5
133 68 1
196 232 5
148 162 2
257 156 4
240 125 4
37 168 3
285 74 5
296 273 1
203 4 2
157 90 4
178 110 5
48 161 1
59 275 4
40 127 5
167 282 4
154 293 2
132 267 3
227 75 3
215 217 1
111 118 4
244 78 1
42 163 1
67 113 1
34 6 1
240 211 2
213 47 2
290 70 5
20 106 4
27 281 2
249 217 4
112 268 2
39 138 3
257 159 2
90 24 4
92 38 5
64 186 1
147 286 4
153 65 3
170 277 4
238 286 4
198 138 4
97 76 4
53 18 3
98 148 5
289 278 2
233 77 4
34 250 1
261 32 2
297 156 2
124 98 3
111 264 1
244 263 1
54 225 3
213 183 4
78 66 4
143 97 3
117 51 3
176 132 3
245 144 5
150 162 2
251 88 5
193 238 5
269 220 1
36 5 1
108 123 1
267 265 4
37 130 3
292 182 4
182 32 1
118 37 4
200 264 2
249 49 4
162 229 1
15 279 3
45 195 2
196 69 2
278 25 2
33 171 2
71 77 4
285 49 2
38 198 4
280 25 1
99 106 3
229 284 3
289 134 3
157 192 4
20 194 1
12 131 4
26 131 2
65 274 4
285 65 3
100 109 1
269 18 1
119 75 2
1 265 1
133 284 4
1 160 2
281 247 5
10 83 2
22 263 2
181 200 4
37 18 4
92 217 1
101 98 5
4 156 1
228 133 3
60 116 5
7 117 5
259 148 1
135 185 1
93 225 5
129 5 3
242 240 3
113 190 1
18 297 5
4 47 4
113 35 3
177 46 5
133 50 2
17 190 4
247 237 2
17 266 3
2 172 5
98 64 5
56 173 5
166 67 5
170 177 2
101 88 3
170 18 1
206 81 5
194 91 2
272 142 3
280 117 5
19 219 2
101 70 2
287 10 1
129 206 5
293 115 4
106 155 4
127 108 5
131 30 1
205 230 2
7 264 2
140 29 3
154 283 4
97 63 2
281 182 1
181 253 3
12 153 2
44 126 2
35 171 2
18 133 1
245 207 1
144 167 4
3 279 2
180 22 3
227 41 1
1 36 2
56 299 5
24 54 4
47 17 1
175 120 5
130 66 4
78 125 5
96 188 4
10 278 2
145 40 5
14 173 3
263 17 1
14 169 5
140 245 5
128 211 5
226 151 4
249 135 1
105 15 1
112 70 3
156 180 4
239 261 5
145 117 4
69 41 1
135 191 1
159 233 4
238 200 5
67 9 1
247 136 4
264 20 3
189 1 3
59 263 5
11 85 1
251 239 4
291 294 1
228 206 4
192 183 1
196 110 2
53 134 1
212 22 2
135 228 3
253 3 5
288 29 3
98 185 4
140 275 1
22 14 1
179 23 5
58 256 2
137 7 4
117 225 5
83 284 2
94 53 1
58 213 5
245 296 1
208 50 5
288 129 5
8 231 1
211 226 1
7 285 1
208 250 1
19 71 1
171 114 1
132 41 4
25 113 5
235 199 4
209 86 3
40 1 3
66 258 4
215 68 3
285 239 5
123 60 2
52 92 4
259 130 2
226 300 1
206 239 5
275 174 1
82 243 2
256 38 3
120 68 5
191 67 1
78 147 1
85 177 2
99 193 4
39 170 2
17 114 1
267 87 3
127 259 1
118 296 3
200 182 5
5 124 4
195 167 2
129 273 1
173 228 4
31 231 1
168 39 4
135 72 1
270 79 5
53 244 2
126 236 1
27 66 3
144 222 5
124 272 5
31 96 1
264 66 5
93 274 3
61 96 4
224 122 1
81 62 3
136 15 2
242 175 2
150 63 2
39 131 1
63 34 4
218 263 2
86 77 3
113 205 2
144 294 5
157 186 4
262 239 2
141 73 4
108 65 3
72 244 3
86 276 1
239 192 4
259 141 5
246 150 1
219 126 4
152 8 3
32 13 5
22 29 2
108 38 1
211 68 2
103 3 2
275 70 5
194 64 2
170 18 4
47 220 3
277 145 1
125 63 1
215 161 2
30 236 1
203 48 5
288 203 1
191 169 5
263 283 5
119 276 4
230 233 1
217 54 4
130 257 4
147 124 3
190 171 3
183 38 5
180 20 5
11 238 2
47 271 5
182 197 4
270 83 4
175 146 4
7 296 4
283 91 5
42 289 3
213 196 2
147 64 1
55 153 2
167 215 2
34 18 4
235 26 4
275 50 5
13 60 1
276 262 4
189 291 2
205 296 5
34 31 4
158 271 1
139 246 4
219 3 1
31 182 1
90 294 5
28 54 3
246 97 2
282 14 5
124 291 5
271 28 4
83 85 4
73 230 4
216 133 1
27 138 5
91 167 4
219 294 5
300 54 1
42 64 3
197 138 3
276 274 5
150 223 5
18 52 2
165 41 5
84 23 1
20 38 5
77 273 3
179 169 5
88 135 2
81 197 2
170 12 4
137 168 1
296 284 3
207 81 4
18 214 3
169 45 3
289 256 5
86 161 1
256 93 4
11 254 5
210 120 2
282 54 5
25 105 2
206 75 3
94 153 3
161 79 1
87 148 2
189 98 3
291 66 3
173 138 1
246 32 2
136 108 1
228 151 2
259 73 3
151 127 2
240 239 4
162 8 2
278 176 1
116 27 3
157 193 5
169 279 5
122 168 2
3 44 5
118 33 2
166 96 1
48 239 4
72 133 2
196 295 3
250 36 1
142 270 4
35 184 2
177 265 5
292 238 2
47 183 5
243 143 3
296 215 2
133 300 1
179 281 4
299 91 3
70 13 5
205 11 3
103 218 2
210 120 2
109 38 5
157 108 2
150 211 3
219 158 2
28 204 3
147 53 5
150 236 2
157 201 5
105 124 5
69 299 5
64 46 4
35 70 5
229 123 3
269 40 4
56 248 1
67 277 4
154 78 1
276 97 1
37 38 2
50 257 3
83 273 1
189 76 5
16 99 1
284 21 2
205 283 4
157 55 2
275 48 1
42 251 5
20 293 4
269 260 5
270 10 4
139 64 5
266 136 5
263 203 3
162 239 3
57 291 3
144 233 2
42 62 1
105 20 2
251 41 4
212 102 4
147 26 4
127 161 2
172 285 4
8 285 1
247 67 3
207 253 1
74 111 1
186 217 5
148 141 2
104 263 1
178 187 4
253 61 5
71 237 3
71 270 5
47 265 5
15 222 4
122 137 4
254 273 1
120 256 4
91 5 4
73 25 5
121 12 5
268 168 1
239 174 4
74 95 3
186 27 2
256 203 3
290 176 2
192 171 3
222 52 5
134 131 3
192 63 3
124 296 5
38 97 1
231 207 4
276 34 1
234 180 4
30 261 3
128 208 4
97 118 5
55 198 4
65 53 3
133 138 5
296 31 4
134 297 3
13 193 4
108 262 1
38 208 4
103 297 5
180 24 4
129 240 2
204 157 1
170 51 5
243 186 2
256 81 3
252 39 1
33 264 2
241 173 3
177 290 1
55 65 1
40 300 5
191 56 1
41 219 4
291 252 4
151 207 1
289 45 2
71 29 4
179 268 2
43 18 3
107 97 1
139 82 3
170 108 2
216 264 3
258 201 4
82 58 5
265 4 1
136 37 3
279 32 3
30 247 2
201 87 3
129 138 5
78 147 2
300 296 2
201 254 2
135 208 3
59 43 2
84 57 5
80 111 1
223 175 4
178 21 5
40 179 4
69 271 1
249 77 2
112 215 2
228 207 1
181 298 3
154 15 3
213 251 2
29 116 5
236 107 3
50 212 1
121 174 1
269 135 5
111 284 3
82 5 2
231 56 5
241 152 2
45 21 5
164 7 1
95 160 1
278 98 5
259 288 4
226 143 4
200 30 1
191 251 1
210 118 1
113 188 1
105 113 1
171 174 4
222 50 4
142 119 3
15 82 4
171 44 2
50 117 3
129 57 3
9 270 4
290 165 1
189 248 4
117 219 1
16 215 3
50 2 4
106 262 4
23 3 3
207 74 3
5 54 3
143 244 3
128 249 2
191 270 2
256 287 4
280 300 4
176 209 3
56 229 3
206 292 4
48 154 4
113 32 2
194 281 2
198 288 4
139 241 3
186 52 2
83 246 2
34 296 4
247 69 2
7 300 3
141 153 3
145 158 2
227 136 1
60 125 4
72 296 3
48 137 3
66 118 4
179 154 5
121 298 3
76 37 3
205 144 3
154 234 1
211 48 3
153 48 1
62 222 3
245 179 3
262 166 4
195 167 5
249 288 5
215 179 4
137 61 3
254 297 5
294 281 3
272 254 2
257 153 3
163 118 3
189 276 1
81 217 4
116 263 2
8 6 1
95 38 2
231 102 1
164 283 3
193 225 1
169 153 1
93 7 5
293 24 2
36 254 3
249 154 2
156 139 2
246 59 2
65 20 4
15 179 5
25 162 3
243 53 5
266 36 1
266 116 2
13 205 2
51 253 5
188 266 5
90 80 5
266 221 1
288 67 4
256 227 3
108 229 3
12 2 1
215 291 2
276 97 3
15 194 1
57 95 3
200 16 2
145 198 1
29 3 2
15 59 1
65 180 4
252 236 5
110 149 3
64 86 5
215 185 1
221 141 2
124 149 1
272 239 2
54 42 1
139 284 4
30 266 4
24 167 4
230 290 4
58 7 3
64 253 2
173 16 2
190 141 3
238 4 4
140 168 2
255 73 2
32 164 3
48 178 4
257 259 5
203 49 3
168 123 4
284 113 1
199 295 1
228 70 1
10 174 4
125 21 2
20 81 2
236 205 3
263 46 5
219 74 5
55 150 3
204 47 5
35 27 3
30 254 1
226 73 2
141 40 3
50 151 2
180 42 3
35 166 1
188 239 4
212 2 3
158 77 2
219 172 4
108 202 3
49 62 5
220 223 1
87 21 2
255 157 3
233 93 3
249 255 2
60 84 5
233 192 2
183 55 3
77 166 1
15 140 3
233 21 2
104 155 3
275 60 4
185 117 3
71 293 4
110 174 5
145 32 1
105 290 4
179 96 5
209 52 2
186 32 3
44 68 4
99 270 2
60 284 2
202 54 4
85 22 5
261 149 5
173 147 5
169 149 2
282 195 4
283 232 2
135 288 1
258 112 3
221 90 3
231 84 5
251 197 5
49 286 3
115 148 5
40 50 2
156 183 3
166 192 2
1 236 3
37 142 5
29 6 4
27 180 5
229 154 5
298 192 2
211 68 5
165 254 5
181 51 3
90 252 2
87 193 2
130 153 3
178 87 1
184 1 1
48 14 2
225 49 2
299 196 5
10 53 1
151 88 3
136 93 4
42 143 3
130 131 2
10 103 1
31 10 2
156 79 3
6 48 1
46 220 2
43 77 3
30 106 4
180 219 1
104 209 1
11 105 5
105 214 2
217 83 4
105 153 1
136 147 2
198 53 2
6 299 5
128 46 1
194 251 3
10 26 5
156 218 1
241 226 4
163 9 1
251 64 5
67 118 1
100 179 1
131 250 5
58 116 4
115 136 5
105 42 3
224 287 3
40 47 2
89 144 2
99 269 5
24 97 5
23 104 2
214 198 4
255 36 4
198 111 4
44 114 4
259 37 2
179 196 2
144 18 2
269 205 4
221 142 5
65 201 3
247 92 3
74 254 3
146 167 2
242 232 2
106 281 5
288 56 3
212 278 4
266 124 5
185 226 1
281 140 3
130 35 1
238 196 2
185 81 2
239 44 4
111 20 5
188 52 1
293 148 3
218 178 2
137 293 3
293 210 4
130 120 1
180 213 3
180 206 3
159 209 4
193 83 4
250 35 2
260 151 3
185 57 2
40 36 5
117 294 1
238 276 1
148 231 5
85 105 2
296 137 1
14 294 1
175 45 3
93 250 3
214 271 3
287 9 4
236 208 1
69 219 2
296 68 4
103 17 4
101 93 4
299 9 1
102 266 3
238 246 5
246 291 1
68 187 3
44 161 1
217 88 2
281 170 5
222 12 2
205 97 2
110 96 2
226 146 3
209 165 1
57 115 4
27 278 2
131 223 2
209 195 2
299 116 1
290 129 5
160 68 1
99 240 5
294 108 1
2 39 4
110 52 3
64 205 2
58 101 5
164 39 3
226 82 3
130 187 3
58 283 3
41 27 3
37 299 4
224 273 2
109 61 2
106 283 4
94 254 2
158 163 4
174 73 3
229 33 1
1 80 2
72 118 3
20 193 1
177 79 4
190 197 4
280 141 4
60 55 3
184 81 1
213 216 4
166 11 3
57 166 5
180 248 1
279 88 3
36 14 3
85 99 5
55 285 3
282 297 3
194 47 4
82 52 1
214 36 1
9 210 5
258 152 2
146 262 5
114 178 4
201 18 3
30 254 5
283 157 2
9 201 5
245 41 3
78 275 5
99 143 4
226 245 2
283 87 1
166 46 3
41 265 4
70 153 3
93 262 2
65 67 2
60 99 1
298 33 3
274 139 1
161 233 4
148 59 1
300 92 1
26 120 4
102 156 1
115 26 2
65 4 4
29 166 4
67 54 3
148 19 5
176 133 4
164 40 5
163 48 1
85 200 2
151 210 5
47 298 4
218 104 5
280 92 4
183 43 4
109 228 1
188 267 2
29 179 1
46 122 4
78 6 3
247 198 2
156 52 5
96 49 2
198 107 1
212 277 2
123 281 4
133 283 4
123 271 1
153 24 5
121 95 1
286 284 4
172 160 3
174 291 3
10 199 3
180 288 4
233 208 3
22 178 2
191 276 5
89 249 1
239 162 5
61 190 3
215 127 4
294 19 5
246 199 5
135 176 1
144 195 2
77 228 3
2 169 1
185 265 3
50 233 5
155 154 1
136 202 5
273 138 2
277 216 5
4 106 3
236 19 5
274 189 1
74 1 3
1 292 5
143 184 3
142 246 1
204 66 4
204 274 4
124 220 5
170 107 5
223 142 5
206 125 5
196 223 1
123 117 1
44 210 2
251 238 5
73 66 1
10 292 2
75 69 3
122 210 2
232 287 3
87 81 3
289 252 4
232 113 4
191 131 5
287 126 3
23 293 4
110 229 3
92 297 1
132 89 5
87 115 5
62 91 2
146 251 3
240 11 1
287 276 3
212 5 4
169 240 3
102 21 5
160 239 3
292 9 5
223 226 3
129 266 2
280 63 1
131 58 2
30 207 5
166 191 3
189 6 5
6 244 5
73 82 4
258 103 3
8 4 5
122 90 4
186 110 1
221 60 1
110 285 5
123 183 4
18 284 2
109 149 3
47 209 1
167 95 3
76 167 2
284 221 4
204 147 5
97 116 4
28 192 5
215 8 4
251 129 1
93 157 5
43 271 3
255 138 5
66 121 2
18 64 5
56 211 1
189 22 5
220 114 2
20 186 5
57 36 2
10 16 4
114 155 3
154 10 1
31 9 5
208 53 1
83 230 1
187 111 4
71 130 2
32 72 1
193 147 5
111 142 5
127 172 4
21 147 1
244 53 2
285 129 5
256 272 1
223 156 2
5 251 2
70 243 5
16 202 5
111 10 1
97 299 4
150 266 4
35 263 4
54 122 2
61 6 2
265 10 5
108 92 4
114 116 1
87 230 5
255 253 5
283 84 4
16 264 4
266 156 4
63 147 4
133 48 5
172 50 5
139 63 2
9 252 3
211 237 3
14 267 5
17 278 4
199 242 2
292 281 2
297 18 4
197 73 3
114 226 5
290 125 1
121 284 3
170 183 4
240 279 3
45 289 1
282 54 4
236 46 2
286 212 2
40 172 3
113 237 3
118 81 5
18 223 5
64 184 2
2 89 2
259 175 1
236 208 5
136 12 1
105 27 5
229 154 1
8 258 4
161 14 4
192 124 2
16 225 1
291 97 4
8 107 1
292 186 3
7 122 4
241 249 4
97 148 1
243 26 2
267 236 2
57 173 3
240 223 4
160 69 3
75 18 3
172 31 4
293 63 5
119 160 1
43 200 1
41 89 1
289 49 3
17 13 2
273 165 2
109 47 3
101 82 1
263 284 3
64 181 3
138 253 2
213 279 4
159 166 2
214 121 3
220 91 1
44 221 5
167 289 4
170 86 3
227 145 2
131 42 2
243 268 1
102 240 5
65 87 3
172 89 5
90 254 1
69 235 3
63 153 4
102 27 4
133 216 4
58 233 1
43 55 3
178 28 3
181 199 2
50 132 2
119 89 5
194 106 4
182 292 4
239 45 5
299 150 2
168 65 4
233 139 2
291 156 4
295 284 5
179 164 1
205 268 5
61 190 1
106 16 4
135 123 2
91 220 1
256 145 1
48 275 5
279 155 1
259 12 4
184 268 2
162 151 3
59 105 4
269 85 4
40 7 2
198 286 5
18 161 1
117 216 1
269 157 1
293 193 5
55 3 2
60 131 4
151 182 2
26 68 1
281 19 5
119 4 3
121 87 4
124 244 4
285 38 2
194 224 1
281 102 5
190 145 2
155 232 3
199 112 5
279 277 2
147 120 3
10 291 2
144 72 5
205 56 2
155 66 5
287 252 2
200 78 1
114 242 4
114 292 3
45 86 3
266 25 1
117 28 4
129 271 2
266 93 5
41 159 2
169 115 1
3 193 2
232 231 4
63 146 3
27 136 3
133 205 1
41 101 2
271 61 4
295 72 5
23 16 5
268 23 3
120 133 3
35 211 4
44 236 4
79 191 4
160 83 5
10 198 1
219 210 1
241 98 5
174 191 2
256 289 3
157 66 2
220 21 5
82 75 4
191 43 5
265 104 3
122 240 3
141 247 5
282 76 3
5 216 4
227 39 2
171 280 2
192 36 3
155 195 4
162 143 2
13 56 5
191 86 4
82 156 1
3 62 4
32 170 1
23 22 2
87 271 3
13 246 1
66 35 3
7 294 1
24 165 5
72 278 5
191 135 3
132 240 2
46 70 4
177 242 2
263 269 2
116 162 3
240 128 2
137 151 1
138 112 2
178 295 1
47 121 5
270 181 4
284 110 1
3 184 2
149 184 2
283 48 1
296 293 5
87 128 2
51 140 2
174 74 4
141 171 2
181 265 1
85 282 1
280 28 2
2 277 2
187 259 4
59 202 1
161 76 4
168 73 3
294 94 4
211 125 5
71 120 5
186 238 2
191 139 5
188 214 5
66 14 3
204 90 3
136 5 3
110 225 3
30 198 5
176 66 1
154 72 4
56 96 4
277 95 2
229 61 1
7 233 4
287 30 4
70 136 4
105 158 2
233 77 5
289 230 1
24 151 5
216 205 1
60 249 1
86 168 5
63 263 5
295 185 3
127 181 1
258 186 4
117 294 3
128 66 1
223 225 1
175 21 3
167 29 3
190 182 4
269 174 2
236 67 3
182 277 3
242 136 1
72 114 4
114 107 4
298 122 1
113 253 5
219 83 3
300 150 2
156 235 3
90 51 4
274 46 1
201 51 3
114 162 5
24 113 3
68 142 2
299 45 2
170 270 2
64 180 1
63 17 5
168 21 3
280 147 2
35 231 4
125 285 2
216 15 3
118 217 4
233 12 2
78 71 5
53 19 5
267 2 1
133 226 1
61 253 2
7 16 5
124 30 5
59 262 2
299 33 1
227 251 5
217 299 4
28 246 3
130 249 4
5 268 2
101 235 2
200 164 1
73 243 5
160 144 5
246 180 5
250 131 1
128 144 2
219 166 5
109 194 1
16 230 4
172 184 5
107 104 2
135 284 2
177 187 3
108 255 3
284 118 5
204 136 4
249 27 2
103 24 2
57 121 1
10 86 5
146 139 4
32 137 3
174 104 5
24 239 2
23 216 3
256 22 3
90 219 4
141 232 5
207 275 5
185 140 5
184 292 3
236 177 3
216 200 5
41 134 3
244 109 2
58 107 2
271 109 2
130 124 4
222 161 4
257 118 1
270 191 3
295 231 5
137 249 5
279 230 5
61 15 5
239 264 1
151 82 1
132 260 5
168 170 2
10 54 5
275 279 4
108 250 4
214 23 5
92 183 5
285 155 5
28 22 3
130 258 2
196 59 1
209 184 2
131 182 3
174 21 3
253 108 3
198 6 2
290 230 2
298 224 5
209 272 3
240 259 1
48 271 3
130 180 4
192 59 1
227 260 4
96 28 5
253 59 2
36 133 3
290 59 2
130 160 1
252 102 4
250 135 1
247 210 2
33 289 3
171 30 4
178 111 4
170 234 1
37 208 3
77 134 2
218 242 4
36 274 4
55 201 4
300 59 3
175 210 4
193 49 5
278 229 1
87 18 3
132 162 2
179 238 5
74 144 1
105 244 5
138 121 1
250 297 5
36 111 4
123 113 2
148 64 3
298 104 1
93 85 5
117 266 4
101 84 5
224 286 2
65 25 3
80 50 4
247 63 3
50 105 5
168 248 3
18 59 4
32 196 3
111 48 4
12 6 5
132 5 2
26 22 4
134 161 4
70 149 5
210 66 3
238 69 2
254 101 3
268 4 1
188 211 5
192 292 3
33 268 2
40 194 2
105 189 2
41 297 1
197 300 2
101 195 4
250 282 3
41 14 4
44 246 4
68 43 2
95 224 4
12 107 2
138 73 5
95 105 3
115 91 3
199 250 3
199 28 5
261 134 5
242 270 5
188 239 2
163 5 1
51 60 1
64 190 1
35 196 3
200 257 4
189 138 4
175 280 5
1 138 1
204 181 3
2 52 2
191 19 1
222 108 1
60 88 2
239 152 5
19 271 5
294 291 4
246 123 1
188 271 5
152 6 4
286 200 1
96 291 5
244 230 1
200 50 3
126 148 3
101 293 5
164 2 1
113 170 4
298 9 5
166 287 5
56 121 1
85 195 3
205 178 2
54 173 3
221 161 1
230 218 5
73 252 1
38 9 2
74 152 4
191 140 4
253 181 2
16 270 2
259 82 3
65 84 2
253 130 4
84 203 3
137 194 5
216 134 5
289 71 5
42 58 1
290 126 4
95 111 2
196 59 3
261 53 5
269 96 2
17 7 1
258 204 5
146 17 4
139 178 4
58 27 2
263 184 2
43 157 4
50 176 4
71 290 3
266 132 1
30 137 1
288 267 1
24 265 4
122 62 3
39 126 4
106 221 3
28 209 3
32 81 2
16 51 2
187 230 2
138 30 5
208 243 1
240 88 2
288 111 5
24 239 3
275 189 3
218 152 4
54 248 2
207 107 4
171 289 4
234 69 2
286 4 4
111 289 5
149 221 5
176 125 1
78 210 4
216 268 5
39 163 1
28 9 2
107 101 4
232 172 2
266 110 3
78 19 1
205 33 2
75 28 5
23 298 3
94 185 2
165 103 1
111 173 4
285 293 1
297 110 5
247 74 3
215 282 3
30 218 3
90 176 5
148 33 3
127 211 2
268 258 3
118 299 3
244 138 2
171 112 1
279 77 4
252 292 1
44 152 1
260 1 2
1 268 4
271 162 5
28 199 1
97 57 3
135 115 2
110 177 4
214 66 1
223 76 4
254 140 4
5 146 4
245 208 4
4 242 2
282 132 2
211 243 5
236 142 2
240 287 4
134 33 3
69 145 2
28 291 1
286 67 1
194 139 2
151 95 1
212 65 5
205 202 4
87 8 4
55 285 5
86 159 1
240 136 3
269 44 2
115 282 5
60 235 5
285 189 3
62 172 4
218 255 2
158 231 2
292 5 2
20 246 3
203 260 5
184 209 4
36 20 4
212 175 2
5 234 3
62 231 3
156 259 2
124 32 4
94 174 1
118 187 3
280 295 2
274 200 4
29 41 2
209 95 2
59 50 5
247 121 3
110 171 1
234 122 4
22 85 2
174 180 3
186 56 4
108 281 2
269 1 5
291 109 1
245 79 1
280 159 3
196 123 1
256 259 4
270 276 5
78 256 1
106 47 3
103 19 3
69 158 1
221 205 3
73 35 3
220 233 1
199 45 5
153 76 2
116 200 2
129 55 1
14 103 4
131 16 2
70 25 4
223 218 5
287 47 4
8 122 5
197 101 5
74 259 3
137 233 4
44 103 1
194 101 1
75 224 1
236 163 1
112 295 5
189 50 4
90 172 5
186 181 2
152 121 2
24 49 3
160 191 2
154 5 2
199 269 1
29 274 5
213 107 2
155 274 3
276 187 3
140 47 1
14 123 1
257 45 1
139 140 1
204 171 3
289 8 2
10 282 1
109 92 3
178 113 3
125 205 1
107 70 3
223 270 4
96 122 2
269 214 3
41 130 4
30 282 5
136 1 2
168 177 1
210 217 3
78 143 3
246 243 2
104 76 5
164 143 5
230 242 2
160 226 5
146 251 1
163 290 2
203 83 2
168 57 3
191 231 5
282 5 3
293 223 5
294 77 2
85 172 5
175 44 5
151 191 3
292 181 5
259 68 3
209 108 2
166 86 2
195 208 4
273 23 4
249 2 2
33 181 5
140 264 1
83 279 1
151 222 5
235 196 4
297 267 5
148 290 1
122 219 2
242 60 2
273 274 1
280 172 4
111 30 5
241 273 1
114 166 2
60 16 1
245 28 5
56 44 4
292 24 2
232 114 4
75 21 1
31 80 5
182 296 4
198 57 3
34 121 3
244 43 2
275 59 3
38 157 3
144 58 5
36 146 5
204 281 3
243 58 5
221 136 1
65 107 4
97 147 3
91 142 3
89 50 2
91 54 2
240 58 2
137 192 2
297 222 2
186 253 1
135 232 2
119 48 3
93 106 2
87 232 1
131 24 4
99 92 5
19 5 4
101 219 3
48 115 5
202 99 2
147 238 4
75 122 5
155 8 4
101 115 5
73 265 2
171 292 2
241 280 5
65 183 1
92 7 5
239 38 3
191 143 3
195 82 5
249 177 1
49 109 3
126 114 5
21 18 2
84 273 5
180 82 5
239 10 3
37 167 4
2 273 3
48 111 3
46 56 2
53 216 2
283 207 2
137 256 4
240 104 5
281 42 2
208 214 2
242 154 4
231 60 2
223 3 5
37 119 2
49 147 2
134 174 3
155 24 5
292 291 1
63 208 5
35 28 5
27 53 5
13 60 1
98 295 5
291 190 1
286 95 3
78 129 1
13 27 3
75 197 2
277 205 4
158 203 5
195 267 2
131 16 2
175 280 4
263 219 2
146 96 5
177 49 2
225 184 3
178 201 1
189 102 5
245 173 2
114 217 1
98 217 4
210 173 2
281 297 3
24 36 4
182 121 1
165 196 4
170 263 2
85 294 2
153 214 5
73 283 4
207 182 2
91 103 2
154 27 4
71 44 1
206 63 3
211 101 4
57 176 5
57 151 1
34 141 5
100 67 3
240 56 5
113 203 4
294 12 5
23 156 4
280 171 2
133 162 3
236 126 1
27 173 2
102 132 3
144 162 3
68 66 5
117 288 5
76 285 3
187 292 4
76 281 2
74 231 4
33 55 1
49 267 3
5 225 2
228 224 1
97 146 3
20 167 5
107 88 4
44 249 5
188 271 4
287 29 3
69 129 5
179 200 4
154 1 2
36 91 2
19 84 4
54 67 1
225 195 3
162 173 5
196 97 5
134 177 3
212 1 3
159 14 5
120 226 3
8 150 3
9 284 4
21 108 3
232 190 4
241 111 5
146 112 3
81 191 4
221 14 2
171 29 5
89 261 1
238 285 2
40 68 1
251 18 5
99 203 1
289 198 4
18 109 5
165 81 5
296 95 3
242 264 3
182 41 1
102 298 2
38 19 5
12 198 5
194 38 2
245 268 5
128 300 4
2 199 5
92 249 1
233 99 5
197 5 2
199 177 3
112 86 2
11 110 1
280 133 5
153 165 3
18 218 2
249 90 1
256 230 5
259 265 4
111 239 4
96 143 4
110 246 4
130 251 1
249 14 3
20 128 2
167 230 2
91 207 5
283 89 5
206 39 3
126 57 3
222 121 4
102 250 4
164 47 2
17 86 1
62 9 1
185 19 2
81 102 4
120 163 3
233 290 2
193 30 1
133 226 4
11 176 2
151 65 3
86 253 4
242 235 4
15 112 3
139 87 1
30 165 2
113 27 1
140 59 4
64 38 3
71 271 2
214 37 1
22 20 5
47 114 1
228 271 5
214 176 1
17 225 5
70 64 4
22 270 4
234 32 4
194 38 3
135 232 5
195 2 5
226 213 4
262 185 5
249 285 5
11 147 5
131 48 5
92 165 1
181 24 2
93 253 3
7 228 1
9 279 1
20 18 2
133 17 2
280 299 4
153 58 4
138 95 2
112 131 4
209 162 5
32 39 4
281 77 5
6 34 3
216 219 5
236 217 3
278 97 5
223 66 2
4 135 1
88 82 2
267 129 5
164 171 2
203 276 5
184 203 4
181 272 2
226 163 2
57 219 3
256 32 4
226 163 4
232 173 5
124 200 1
236 30 1
38 162 3
73 142 4
128 49 4
287 149 4
174 11 3
91 36 3
243 34 2
134 58 1
5 15 5
275 25 3
278 197 5
190 122 1
11 219 1
150 217 3
234 4 3
273 294 4
75 50 4
5 33 5
133 53 3
242 135 1
89 110 3
99 149 3
136 245 5
279 178 4
226 235 5
195 146 5
202 173 2
33 136 4
269 282 1
222 107 2
185 284 3
102 276 2
85 267 1
239 72 3
229 45 4
219 59 3
142 299 4
99 283 2
163 68 4
244 142 2
57 209 1
159 181 4
149 211 3
113 134 4
296 14 5
100 138 2
115 180 5
124 200 5
104 117 5
89 274 3
211 9 2
296 293 3
21 87 3
13 290 3
21 145 2
100 37 5
176 87 5
20 22 4
52 5 1
147 74 2
253 123 1
165 158 2
273 278 1
283 139 4
5 171 3
296 287 1
113 114 5
159 241 3
6 282 3
131 26 2
279 49 5
283 189 1
5 85 3
211 234 3
268 68 2
3 219 4
31 157 1
199 74 1
4 16 4
60 118 1
292 98 3
277 170 4
49 8 1
62 65 5
203 48 2
25 137 4
278 197 5
1 188 2
160 269 5
194 39 2
155 82 2
256 33 4
34 116 1
77 99 1
98 125 3
63 39 2
100 88 2
278 14 1
27 281 3
181 119 2
198 197 2
45 193 3
230 9 1
175 2 5
28 242 2
250 190 5
220 148 3
83 103 2
249 221 1
50 151 4
166 8 2
48 21 3
238 1 4
41 115 1
116 210 1
192 16 3
152 1 4
27 166 4
93 92 5
253 162 5
265 16 3
60 289 1
180 259 2
178 11 2
208 43 2
279 100 5
37 241 1
230 170 2
35 299 3
299 102 3
130 69 2
55 48 3
247 130 5
296 232 4
68 83 1
180 265 2
158 239 2
150 185 5
148 157 5
47 267 5
134 233 5
244 137 3
143 88 3
269 121 4
251 82 3
264 135 2
155 294 1
266 182 5
213 176 2
184 152 5
85 206 4
219 168 2
253 234 3
227 140 2
134 20 1
140 223 1
265 167 2
58 294 4
73 242 4
224 122 1
299 178 4
125 237 4
256 244 2
161 207 3
175 275 1
248 74 1
85 292 4
83 267 3
253 229 3
257 172 2
34 65 1
23 36 2
6 175 3
10 232 4
31 74 5
118 282 3
15 160 3
225 73 5
258 254 2
36 66 2
83 89 3
63 232 1
101 39 2
65 193 1
112 21 3
214 272 5
103 61 4
13 221 5
210 185 2
46 128 3
122 100 2
258 256 1
115 170 4
48 30 3
18 113 4
81 51 2
148 275 3
269 205 3
285 25 1
74 216 5
175 165 3
126 137 2
189 67 4
73 176 3
27 20 2
71 30 2
167 279 3
265 180 4
51 27 5
101 175 5
95 123 3
274 43 2
46 78 4
299 203 2
212 236 1
126 235 1
114 285 1
122 19 1
253 191 3
248 238 4
27 207 2
42 126 3
121 233 1
265 64 3
101 237 3
240 276 1
163 41 4
40 228 4
144 242 1
289 59 5
204 187 3
64 159 1
139 264 2
29 271 5
3 244 5
67 185 4
17 188 1
122 191 3
299 102 4
72 133 3
220 272 3
263 31 1
151 294 1
217 150 4
2 294 1
298 277 5
224 36 2
53 112 3
95 1 4
221 150 1
93 80 5
169 39 1
84 129 5
81 14 2
8 280 5
20 7 4
164 108 4
193 242 3
262 285 2
245 213 1
26 126 3
176 244 2
141 218 1
7 27 2
240 125 1
114 258 5
213 154 1
198 151 4
86 47 4
40 89 5
167 31 2
101 297 2
57 82 5
83 17 4
131 291 2
224 162 2
10 140 5
107 193 5
102 127 5
165 51 5
77 178 4
136 261 2
105 196 3
254 266 1
254 55 2
192 250 3
275 61 3
73 281 1
264 298 3
93 67 2
169 228 3
103 187 4
271 175 2
44 109 3
203 173 3
77 165 5
292 28 4
32 91 1
248 25 3
275 185 4
87 92 1
176 300 3
194 26 2
125 112 4
140 210 5
45 231 5
140 69 4
75 284 5
27 287 3
43 167 4
113 51 3
224 231 1
281 149 5
194 159 3
101 84 3
188 108 3
166 161 4
225 288 2
288 170 2
85 174 2
133 261 1
180 76 2
54 178 2
18 89 2
101 42 2
196 234 1
83 65 5
158 71 2
39 56 1
153 294 1
266 176 5
108 109 3
39 14 3
64 75 2
245 68 4
58 155 2
289 168 5
234 89 2
291 290 4
147 107 5
71 77 5
207 216 2
78 124 3
285 132 5
115 124 5
190 206 4
98 200 2
164 282 4
164 92 1
159 293 3
259 12 4
60 70 1
239 246 5
182 145 1
192 86 5
228 106 1
207 172 4
212 241 4
12 297 5
199 127 4
47 123 5
251 287 4
24 30 1
136 75 4
78 209 3
119 106 3
143 14 1
75 207 1
249 186 5
100 38 5
291 209 2
96 266 5
238 240 5
35 271 2
60 249 1
194 230 3
131 109 3
221 41 3
57 121 4
69 150 2
142 133 5
14 285 1
283 163 4
265 278 1
146 100 1
211 288 2
215 188 1
19 118 1
175 272 2
7 104 2
97 245 3
96 69 3
61 146 4
140 85 3
43 52 5
93 210 2
7 240 5
190 61 2
23 201 4
209 171 2
2 56 5
65 80 5
128 289 4
29 13 3
198 164 1
107 206 2
1 177 2
75 117 5
54 173 3
156 51 4
288 275 1
229 300 1
51 100 1
153 125 3
287 125 5
73 78 1
78 272 4
31 274 1
88 70 4
261 213 1
89 179 5
22 151 3
19 42 1
140 270 1
245 136 1
149 43 4
246 182 4
91 25 3
88 75 4
250 58 4
265 200 1
171 128 5
189 43 1
224 125 5
217 75 1
145 177 2
180 61 2
151 166 5
85 7 4
161 107 2
192 36 1
113 218 4
137 112 3
293 8 4
116 293 1
26 191 3
203 13 1
229 240 3
250 140 1
253 183 5
278 207 3
120 172 5
69 286 5
61 49 2
196 73 3
155 95 1
196 7 5
113 50 3
34 184 1
249 286 4
43 52 4
99 217 1
168 38 4
271 26 4
238 94 3
208 207 4
283 291 4
114 67 5
205 141 1
47 80 4
99 96 1
268 46 4
244 119 1
245 84 5
240 96 4
236 103 4
285 261 4
156 5 2
263 280 3
248 66 2
96 147 2
43 76 5
148 107 2
169 230 1
32 242 3
9 121 4
163 268 4
180 187 2
179 101 3
297 178 1
237 154 5
180 295 1
130 95 3
46 86 3
269 30 3
218 295 4
206 130 2
13 29 4
55 278 2
82 117 4
121 251 2
44 152 1
12 143 5
186 83 1
9 168 5
58 136 2
108 174 1
284 37 1
213 243 1
289 33 1
59 3 3
181 70 4
7 110 3
210 67 3
78 286 1
156 86 4
128 162 1
28 121 5
113 49 1
181 295 3
262 293 2
121 259 4
280 231 1
152 267 2
229 254 2
293 222 2
169 82 3
258 231 2
300 123 2
252 164 3
221 219 5
140 116 1
292 38 3
52 239 3
273 116 1
293 181 4
178 54 2
50 275 1
67 119 3
132 72 1
185 7 2
125 161 5
283 141 5
29 270 1
71 18 4
23 100 5
206 205 5
224 109 2
31 222 3
162 171 3
4 208 2
172 139 5
50 254 4
69 99 3
58 1 1
44 233 4
131 163 1
38 144 1
63 296 4
132 141 2
230 150 3
209 77 2
274 178 1
269 222 5
193 49 3
96 214 5
83 139 4
167 85 3
15 252 2
19 249 3
147 229 1
250 62 4
87 280 3
113 103 3
94 280 2
146 173 5
38 246 4
260 126 3
277 23 3
223 191 2
142 242 5
297 184 3
169 197 5
215 181 2
10 165 2
156 54 3
45 75 3
145 225 1
291 73 1
66 67 4
137 118 5
277 293 5
110 3 2
42 137 3
247 229 3
32 107 2
193 171 1
81 119 2
219 252 4
126 236 1
60 141 2
267 37 5
274 108 4
108 143 4
11 5 2
250 119 4
70 147 5
104 3 3
12 50 3
67 108 5
202 212 2
106 250 3
65 165 1
86 266 5
99 248 5
144 95 1
85 214 4
207 157 1
172 154 4
284 137 5
286 13 1
3 179 4
277 90 3
52 145 1
55 229 5
199 169 3
215 125 1
236 219 3
13 34 3
162 177 4
176 278 2
205 50 4
236 120 2
93 283 5
223 165 3
295 120 5
274 93 5
297 272 1
95 221 5
232 219 1
110 204 2
82 113 4
142 209 5
160 53 5
17 61 3
10 19 3
194 97 5
203 245 2
168 114 3
1 83 3
146 153 2
287 143 5
57 278 2
24 214 3
24 45 4
11 261 1
44 43 1
181 260 3
173 157 2
105 85 1
242 36 1
202 273 4
212 199 5
96 68 2
234 100 1
48 68 2
25 230 2
261 130 5
80 178 4
145 206 2
179 89 5
103 242 4
184 102 3
115 215 4
119 209 2
19 8 1
164 116 1
262 239 1
140 33 2
270 235 4
60 221 2
289 129 5
52 92 4
117 125 1
294 105 5
43 63 5
193 207 4
129 161 4
181 101 2
149 212 4
135 87 5
236 179 3
74 177 2
256 213 3
191 40 4
76 121 4
283 297 3
72 68 4
96 98 2
169 45 3
60 3 3
57 87 4
12 298 2
99 279 5
140 144 4
213 47 1
193 164 2
147 52 1
227 242 3
187 299 5
277 113 3
98 113 3
122 280 3
152 211 3
117 268 3
152 224 1
204 123 5
87 172 5
114 222 5
187 40 1
82 85 4
1 126 3
182 81 3
54 68 4
211 36 1
39 122 4
260 205 2
69 235 2
206 184 1
280 242 1
168 137 4
258 295 5
66 78 4
163 77 1
39 90 1
11 96 1
246 208 5
277 236 1
93 222 1
183 36 2
263 31 3
4 188 4
208 13 2
235 51 5
218 19 2
51 199 2
168 32 1
64 277 3
8 106 2
126 261 3
29 90 5
200 273 5
24 28 5
179 94 1
224 229 1
282 58 5
42 15 5
110 156 1
200 81 3
239 195 4
63 27 4
36 109 2
35 103 4
276 75 2
287 64 3
163 116 3
90 259 5
259 193 3
47 25 1
15 238 4
207 54 2
16 101 4
37 44 2
231 177 1
217 177 1
35 232 1
45 248 3
52 250 3
123 230 4
27 291 3
5 239 1
73 88 1
294 52 3
26 279 3
1 59 3
117 218 5
213 75 2
288 227 3
12 57 4
293 168 1
126 62 4
276 81 5
30 33 5
80 295 5
67 181 4
103 244 4
133 15 5
143 119 2
129 93 3
226 156 2
21 4 3
240 53 5
62 254 4
264 19 1
222 23 2
121 159 4
124 123 5
17 283 3
85 287 3
194 159 5
198 190 4
31 161 1
72 259 2
69 123 4
35 88 4
88 229 1
23 165 2
260 96 3
290 260 1
283 89 3
95 72 5
174 215 1
285 228 5
66 268 4
70 143 4
231 70 5
201 112 4
150 44 5
146 218 1
283 96 5
199 29 2
290 102 4
85 134 4
188 154 5
95 69 1
166 298 3
262 122 1
119 263 4
281 45 1
35 104 5
45 13 1
138 122 4
202 112 2
195 50 1
272 52 3
192 262 4
48 149 5
102 81 1
261 165 5
244 64 5
261 240 4
101 102 3
65 71 3
15 213 2
215 154 5
246 237 4
196 19 1
73 68 3
165 187 4
262 175 1
249 186 4
30 127 1
65 13 2
100 102 5
194 261 1
133 245 4
268 39 5
157 5 5
233 4 4
21 79 5
42 234 1
296 204 5
51 140 1
229 78 2
161 127 5
45 240 4
285 213 2
23 275 4
112 111 3
231 191 4
94 292 5
267 21 2
230 177 1
80 13 4
147 112 4
232 100 4
171 253 5
243 76 5
280 148 3
266 272 1
234 223 2
290 238 2
287 249 4
99 290 1
204 192 2
162 200 2
70 128 1
196 87 3
90 78 2
55 228 4
26 112 3
17 68 5
73 205 5
267 5 1
225 126 1
129 142 2
264 143 2
129 155 4
217 133 2
238 83 4
288 82 1
163 212 5
23 123 5
197 215 1
9 98 4
1 75 2
101 289 4
227 162 5
112 51 2
146 277 4
6 288 2
177 97 2
2 193 3
39 158 1
146 97 1
208 107 4
61 9 1
164 154 3
203 70 1
89 35 4
237 126 2
146 172 4
123 248 1
233 140 2
269 49 1
71 55 2
59 187 5
182 146 2
12 82 2
35 28 4
126 268 2
123 221 5
19 74 2
75 201 1
268 220 2
296 144 4
147 238 5
131 217 5
246 140 4
66 129 4
191 138 1
232 228 2
78 33 3
187 196 3
82 84 4
29 251 4
94 259 3
172 37 1
29 156 1
87 58 2
271 247 2
289 221 5
3 66 3
151 208 5
88 260 2
280 220 1
107 230 4
287 251 3
149 40 1
299 150 2
292 136 5
5 58 5
18 227 2
61 209 4
43 238 4
255 168 1
35 52 2
30 21 2
239 109 2
43 277 5
129 17 1
259 31 3
148 262 1
179 177 4
143 267 2
257 224 3
260 5 1
63 58 3
105 210 3
11 251 2
74 5 5
13 266 1
242 163 4
44 91 2
185 55 1
176 160 1
25 242 3
34 95 3
96 20 3
120 82 2
36 160 4
271 151 2
186 259 2
172 285 1
261 53 5
194 120 3
182 172 2
213 106 1
278 251 4
71 56 1
94 43 1
218 141 2
84 80 5
192 233 1
266 287 1
225 184 3
71 179 1
51 214 2
224 201 3
63 252 1
283 273 5
153 243 3
95 253 3
248 195 5
259 299 1
24 104 5
20 209 1
78 112 4
140 81 5
59 80 1
4 294 4
218 204 3
166 4 4
157 121 1
104 213 1
197 89 3
229 78 2
226 61 3
136 7 2
275 206 2
137 265 1
131 112 5
158 149 5
93 296 4
193 177 2
122 272 1
138 86 5
110 180 2
296 142 1
269 218 2
286 135 3
286 246 2
228 98 4
24 82 4
159 253 5
226 7 5
213 29 4
200 208 4
138 243 2
69 38 5
76 109 2
159 298 2
15 112 5
199 60 4
105 27 5
29 97 1
46 73 4
166 175 4
7 13 3
261 103 4
92 226 3
266 57 4
127 110 3
97 86 3
120 12 1
19 174 4
132 105 5
106 169 1
133 28 3
206 140 2
69 278 2
31 261 5
149 28 3
108 39 3
122 208 5
162 22 5
110 159 5
215 299 4
112 10 5
195 193 2
293 243 5
152 142 4
285 28 1
165 234 2
82 75 5
126 197 3
39 97 2
125 192 3
121 107 3
57 61 5
263 196 2
4 231 4
170 48 2
22 61 4
204 125 2
247 278 1
260 121 2
68 52 1
190 90 5
259 220 3
33 41 2
112 288 3
159 136 1
283 147 4
178 277 5
113 296 3
54 219 5
187 181 2
164 71 4
123 15 2
83 279 3
197 98 2
161 260 4
137 74 1
178 251 4
245 195 1
50 176 3
253 278 5
5 258 1
261 289 3
223 113 1
239 279 4
250 131 2
282 15 2
180 239 2
180 73 1
1 47 2
219 103 4
212 56 5
21 4 4
220 6 1
137 93 1
68 7 5
236 223 1
19 192 1
101 186 5
24 107 5
159 40 4
122 168 3
67 255 2
69 290 2
171 146 3
188 119 5
173 246 4
165 204 2
286 177 2
295 123 3
62 170 1
189 294 4
162 241 5
263 220 5
21 118 3
101 18 5
1 227 5
283 164 4
17 123 1
108 266 1
243 279 3
256 67 4
95 99 4
212 148 5
224 131 2
73 203 1
180 292 1
42 299 4
261 13 3
215 231 2
25 171 3
11 108 4
4 136 1
40 153 1
110 44 5
253 192 5
108 105 3
297 272 3
5 73 4
128 201 3
176 127 1
5 215 3
265 93 4
244 138 3
71 225 1
18 13 3
261 245 5
299 187 1
88 75 3
194 175 2
139 247 2
131 41 2
110 69 4
223 23 5
99 291 4
238 239 2
184 25 4
102 99 1
136 65 2
35 71 1
270 130 3
6 265 5
216 93 5
72 300 3
272 245 5
294 247 3
236 40 1
167 254 3
132 293 5
260 135 2
248 249 4
31 163 4
250 248 4
41 48 1
60 144 1
24 163 2
155 271 5
54 199 5
31 274 3
181 51 5
64 190 3
99 119 1
257 195 3
36 261 4
49 107 3
115 170 3
278 93 5
205 231 5
161 199 1
216 20 1
173 164 3
79 75 4
153 26 4
220 116 3
149 29 1
3 98 1
23 68 2
195 59 2
44 180 3
198 110 4
31 238 2
244 68 3
263 61 1
104 115 2
159 144 5
284 42 2
19 166 2
78 50 3
225 234 4
159 110 3
214 265 3
54 210 3
193 170 1
250 259 4
107 174 4
121 284 2
259 158 1
83 103 2
276 239 3
165 21 4
196 279 2
181 258 2
266 297 2
20 139 3
121 277 2
50 126 4
180 207 2
11 115 4
255 105 3
268 15 4
207 168 5
52 152 2
221 76 1
175 48 2
228 133 2
57 246 2
138 181 5
99 11 3
236 280 3
126 50 1
125 223 2
143 7 2
143 138 1
20 125 1
187 28 5
8 23 1
53 254 3
215 115 1
217 32 5
217 109 5
182 175 2
95 168 4
243 86 1
249 207 5
11 9 5
151 244 2
108 93 4
163 86 2
149 287 5
149 29 4
52 1 2
85 182 2
297 176 1
194 31 3
153 49 2
222 185 3
281 293 5
145 299 5
11 203 5
297 36 4
53 119 5
154 91 1
178 276 2
76 90 5
20 174 4
65 96 4
271 184 4
102 170 3
42 91 3
111 70 3
163 135 3
170 18 3
216 194 1
104 245 2
143 2 3
104 68 1
49 22 1
108 28 3
233 116 5
82 68 2
284 46 3
158 293 1
72 129 3
43 201 4
124 197 1
180 18 1
123 43 2
64 186 1
8 171 4
113 80 2
202 22 1
120 213 2
246 108 3
52 34 2
300 177 4
6 238 1
92 228 3
168 166 4
9 126 5
276 282 4
276 184 5
23 27 5
231 36 2
228 136 5
93 252 2
66 57 4
150 148 5
267 289 4
214 1 4
14 156 1
213 9 5
35 128 5
95 6 2
117 82 3
75 201 4
208 65 4
153 291 5
17 53 4
239 57 5
91 270 5
245 60 2
82 24 3
139 164 4
234 193 3
114 190 1
299 75 3
5 152 2
130 276 4
179 33 2
198 26 3
121 37 4
65 12 2
186 75 2
174 184 2
5 160 5
116 80 4
97 298 4
285 73 5
81 207 1
108 215 1
277 221 1
227 129 3
249 205 1
98 271 2
63 194 4
290 258 1
64 142 5
67 185 4
32 180 5
232 14 3
47 119 1
56 287 2
178 115 4
223 73 4
206 16 3
137 138 3
192 127 2
170 163 4
178 148 4
22 127 1
6 168 5
259 236 3
270 217 2
270 1 4
179 112 3
18 237 2
100 73 4
277 45 4
158 57 5
73 280 1
141 115 3
155 267 1
153 224 5
2 208 5
291 156 1
270 288 4
74 83 2
83 134 2
113 248 1
224 43 3
76 229 5
192 280 2
32 132 4
143 189 3
148 120 5
179 220 1
212 229 1
151 75 4
113 45 1
6 273 1
135 236 1
91 207 1
34 214 2
280 64 1
137 81 3
229 195 3
87 60 5
250 68 3
120 275 1
119 210 3
166 76 5
85 75 1
88 23 5
5 39 4
148 235 5
152 10 5
116 33 5
158 181 5
109 119 2
151 126 4
292 209 3
129 171 2
223 138 1
89 107 4
130 292 5
290 39 1
183 175 1
187 137 1
279 222 2
75 102 4
212 53 1
102 137 5
146 257 4
108 37 1
76 133 5
257 29 4
174 185 4
137 282 3
66 53 2
62 5 1
155 299 1
119 208 2
257 36 3
263 96 2
32 247 5
8 155 3
110 75 3
257 95 3
271 152 2
43 3 3
273 162 3
88 253 4
224 37 2
100 244 5
38 121 4
89 185 5
48 131 4
210 59 3
221 265 5
230 298 5
144 74 4
190 6 3
227 99 5
1 118 3
34 240 3
73 120 4
51 8 2
79 71 5
109 155 4
227 66 5
106 65 5
198 282 4
16 182 2
226 292 3
183 184 1
155 43 4
217 16 4
142 115 5
142 281 1
72 64 2
37 101 3
216 31 1
234 181 4
252 235 3
186 29 1
284 239 1
203 62 1
104 300 5
18 59 5
221 72 2
298 103 4
9 95 4
91 237 2
260 25 3
138 223 2
241 111 1
166 284 5
185 200 4
153 280 2
244 235 4
161 148 5
159 130 2
289 45 1
158 19 3
78 67 3
212 107 4
268 298 5
172 290 3
203 290 1
96 135 3
83 59 5
150 254 4
34 94 1
164 183 3
202 186 3
7 61 4
268 238 5
122 275 4
60 38 3
104 281 1
205 209 2
220 116 3
201 61 3
250 86 4
290 160 4
272 201 5
16 216 2
44 215 5
13 81 1
170 55 4
17 64 2
19 277 1
174 195 2
99 77 3
144 111 1
118 112 5
31 167 4
193 280 5
253 85 4
260 148 3
196 117 5
256 127 2
38 251 1
222 91 2
224 225 5
154 253 2
64 141 5
129 122 1
37 293 5
30 161 3
291 170 4
233 285 5
128 271 3
268 119 3
184 263 1
180 255 4
171 160 4
197 93 3
127 265 2
124 28 3
270 222 4
280 24 2
100 42 4
288 184 4
171 262 1
153 4 1
133 251 1
34 299 5
204 26 1
228 37 4
40 98 2
156 112 5
235 31 5
257 173 3
158 168 1
210 7 5
225 214 3
57 28 3
295 74 2
261 124 5
19 161 5
126 248 2
67 295 2
113 119 1
221 229 3
128 65 3
222 275 3
123 250 5
52 245 2
192 67 2
180 234 4
163 292 2
25 77 3
197 279 1
211 88 1
222 74 1
130 103 1
275 68 5
2 35 4
253 14 5
143 96 4
239 8 2
281 138 4
56 115 4
194 77 2
208 238 3
221 247 5
277 60 2
114 171 3
45 101 4
235 244 5
249 139 4
272 132 3
86 204 1
141 80 3
95 173 1
170 153 5
22 5 4
276 87 5
239 257 5
66 253 2
275 205 3
118 215 3
150 92 4
129 265 3
73 144 4
26 16 1
185 291 1
121 110 5
276 168 3
23 89 5
58 242 2
98 7 2
120 136 5
68 183 4
80 126 5
125 253 3
228 182 4
227 50 2
49 99 1
24 36 3
14 161 3
261 119 1
45 298 5
35 181 4
227 145 5
79 66 5
292 210 4
277 45 1
262 195 2
184 235 5
8 191 1
122 9 5
79 52 5
226 70 4
161 199 3
266 253 4
90 289 1
254 245 5
248 187 1
32 124 5
143 64 5
46 99 1
106 189 4
60 28 1
61 166 2
163 42 3
217 153 4
59 23 2
94 201 2
84 227 5
197 209 4
258 134 1
261 41 2
19 254 1
244 37 5
59 42 4
243 250 5
82 80 2
243 74 2
35 178 4
97 73 1
56 196 1
128 19 3
165 212 1
294 255 3
82 49 3
218 206 5
284 243 5
181 240 1
207 279 4
8 74 3
51 166 1
191 194 1
12 79 1
63 261 2
82 211 3
162 116 4
204 206 5
25 276 1
259 261 4
110 132 5
64 106 4
117 7 3
77 136 4
276 206 3
286 283 4
127 59 5
200 202 3
31 139 4
136 150 4
112 147 1
203 248 2
87 240 4
64 224 2
115 158 4
221 40 5
48 124 4
211 36 3
104 234 3
208 187 1
238 66 4
233 64 3
169 174 5
283 170 1
81 66 5
150 78 1
62 214 1
109 125 3
50 5 5
168 288 2
58 189 5
280 110 3
299 94 3
293 238 5
56 27 2
174 172 2
209 263 1
83 7 5
95 19 1
160 255 4
43 69 4
183 69 3
107 135 1
270 66 4
38 7 3
136 151 5
300 131 2
150 107 4
228 102 4
275 98 4
155 67 3
276 163 5
106 269 1
180 234 3
70 145 3
168 296 2
159 118 2
129 50 5
92 133 2
60 122 3
300 107 2
265 232 4
174 74 1
5 69 2
56 199 4
169 146 3
90 251 3
188 278 4
4 127 5
258 232 2
88 110 3
99 55 4
153 109 3
148 17 2
219 57 3
178 127 2
118 164 1
182 30 5
290 15 1
192 252 5
169 178 1
263 57 5
137 287 5
233 255 2
31 32 2
67 249 2
150 134 5
96 65 3
186 48 5
53 244 5
292 245 1
238 298 3
99 295 3
45 291 4
221 4 3
268 96 1
14 142 4
106 25 2
108 252 4
248 122 1
206 236 2
91 45 3
194 246 2
20 144 4
212 44 5
107 119 2
33 209 1
260 67 3
204 207 4
48 285 5
138 89 4
243 173 3
51 216 1
128 155 1
90 226 1
211 226 2
245 5 5
7 88 2
144 287 4
246 13 2
261 105 5
149 8 4
214 149 3
249 226 1
19 54 3
65 26 2
218 207 3
268 283 1
67 143 4
144 74 5
130 250 3
186 15 3
229 220 3
240 50 4
55 168 5
101 75 5
104 78 2
108 279 2
236 40 4
104 143 2
76 213 4
126 185 4
164 22 2
177 45 5
117 184 1
273 56 3
217 105 3
107 68 2
1 168 1
143 222 2
123 13 2
155 274 4
70 175 4
136 200 5
298 174 4
253 38 4
175 71 2
27 258 1
234 17 3
151 279 5
18 46 4
95 76 5
29 143 2
36 209 1
55 219 3
209 163 3
108 39 3
69 254 2
40 42 1
167 260 2
144 44 1
120 23 4
175 20 3
110 171 3
221 175 2
6 262 2
111 230 1
30 198 1
23 288 5
203 137 3
181 42 5
163 99 2
111 205 5
288 99 1
281 85 2
171 31 3
112 278 3
92 295 4
143 217 3
197 25 5
296 254 1
49 272 1
298 155 2
154 244 4
265 241 5
238 37 2
68 159 4
249 115 2
149 173 2
263 238 2
130 122 1
106 230 5
201 279 4
26 101 2
170 282 3
229 203 1
165 178 4
180 102 5
283 225 3
181 74 1
187 203 3
68 29 5
166 236 1
116 141 5
277 101 5
124 293 3
238 30 2
215 278 1
109 213 4
99 285 3
261 171 3
290 250 4
133 248 5
46 253 3
197 234 4
228 91 1
214 221 2
100 115 3
103 191 1
20 159 3
32 156 4
129 260 1
89 46 3
103 105 3
85 249 4
159 137 3
159 148 1
299 272 4
140 37 2
224 6 1
184 93 4
223 68 2
36 213 5
227 257 5
281 59 2
148 220 2
52 148 1
92 76 1
295 140 4
191 9 5
210 29 2
65 294 2
161 293 1
3 159 3
6 184 4
245 261 5
8 171 4
44 48 2
146 263 1
253 97 2
189 92 1
92 189 4
155 182 3
149 164 2
143 54 5
257 73 1
227 115 4
161 275 3
12 229 1
55 163 3
159 227 1
115 193 2
156 160 3
91 24 3
295 223 1
96 84 4
183 233 1
60 197 2
27 11 4
247 112 3
74 32 4
214 288 2
290 252 5
101 254 5
112 79 1
44 265 5
143 70 4
74 187 4
154 123 3
285 74 4
202 56 5
152 280 1
231 154 1
35 31 4
87 135 4
14 22 4
94 60 2
55 265 4
58 22 5
63 261 2
279 199 5
221 7 4
261 166 4
246 152 3
288 132 1
121 260 1
184 56 4
201 175 4
99 239 1
131 265 3
124 40 1
170 251 3
35 160 5
18 3 1
237 162 5
79 179 3
265 74 1
51 192 5
196 249 1
25 285 2
297 213 4
230 22 2
158 168 3
246 266 3
190 157 3
158 248 1
92 225 1
70 237 4
139 120 1
82 28 2
264 49 3
167 227 5
226 294 2
49 151 5
185 74 5
20 283 4
261 182 1
26 145 2
171 141 4
274 265 4
288 279 3
99 7 2
244 243 1
173 155 5
241 53 1
59 284 3
190 53 2
184 171 2
159 124 5
192 60 3
215 154 3
124 258 1
3 97 2
245 28 3
145 61 2
207 197 3
174 22 2
161 9 3
216 83 3
206 235 4
188 74 5
245 284 1
23 262 4
157 125 4
199 7 3
31 22 5
268 65 5
188 70 3
183 243 3
4 173 1
193 2 5
172 83 3
106 281 2
179 69 4
298 34 4
205 53 4
240 74 1
96 260 2
139 149 2
260 43 3
60 78 5
33 261 1
207 233 1
229 297 3
213 294 5
171 107 4
127 176 2
272 243 5
268 86 1
94 145 4
193 218 2
196 199 3
118 36 2
205 195 1
245 288 4
56 179 4
188 153 2
48 58 4
265 261 5
141 49 2
64 273 5
149 223 4
252 172 5
70 153 3
176 205 4
66 266 5
49 96 3
263 168 4
42 32 3
240 156 2
164 145 3
30 249 2
171 213 1
254 2 1
196 285 5
125 294 1
114 50 2
114 26 3
290 139 1
295 200 4
84 33 1
126 14 5
195 257 5
147 173 4
116 106 1
194 168 2
258 17 5
164 201 1
190 26 5
180 234 3
77 292 1
196 82 3
79 299 1
266 44 5
270 46 4
271 31 1
246 197 5
217 250 5
200 215 1
177 239 4
116 158 2
143 150 1
200 149 1
234 86 4
254 271 1
111 9 5
279 140 1
275 222 4
290 104 3
231 178 1
261 218 3
273 57 4
184 176 4
147 251 4
262 54 5
85 68 5
287 49 5
167 292 4
34 265 2
103 277 4
281 47 1
110 208 2
105 38 1
120 89 3
66 77 3
14 288 3
240 176 1
248 262 4
123 99 4
264 291 1
32 270 3
68 4 2
183 58 4
42 224 3
65 255 4
88 167 5
32 116 2
13 159 2
117 75 5
134 208 3
72 57 2
93 229 2
274 74 2
71 269 2
16 183 3
233 282 3
8 76 1
79 241 1
50 274 5
271 142 1
163 115 4
34 205 2
41 93 1
100 124 5
162 61 5
194 234 5
262 295 3
113 26 4
298 102 3
210 2 5
9 125 4
213 141 2
25 200 4
184 43 3
44 194 1
142 80 2
29 85 3
262 91 4
142 26 5
259 110 1
256 116 4
40 114 4
242 35 1
12 129 2
101 229 3
54 85 5
41 25 3
92 154 2
44 218 1
39 228 3
199 5 4
287 49 3
181 80 3
58 175 1
244 165 3
221 231 4
11 166 1
289 9 5
181 288 1
217 36 3
17 93 2
78 211 4
126 204 5
124 140 3
170 213 2
253 4 5
221 286 5
239 63 3
108 167 1
95 259 4
277 196 2
47 257 1
178 299 1
126 261 5
255 299 1
49 197 3
160 86 1
231 288 3
121 38 2
144 27 4
243 163 4
116 171 4
14 167 2
76 17 2
83 109 5
107 256 5
204 277 2
113 172 4
117 22 5
167 214 5
209 279 5
194 85 5
247 217 1
198 18 5
71 42 4
22 251 2
48 79 2
26 139 5
17 168 5
58 163 3
62 292 2
160 238 1
187 113 5
116 102 3
6 166 1
20 260 3
191 220 2
154 176 4
275 149 2
299 293 3
250 131 3
43 157 2
255 267 1
73 204 4
10 40 5
43 225 2
287 199 5
296 41 2
106 185 2
170 98 3
262 123 2
269 168 3
69 43 4
265 65 2
242 72 3
158 139 2
21 259 1
264 40 3
165 63 2
110 66 1
235 80 4
219 236 2
217 79 5
289 29 3
287 230 4
145 238 3
223 110 4
80 148 4
99 282 4
235 35 5
4 18 5
21 210 4
62 173 1
296 159 2
45 190 4
33 42 5
265 263 3
14 252 2
166 202 2
252 82 2
181 284 1
135 199 5
282 299 4
70 276 5
272 40 4
4 224 2
83 171 1
49 229 5
171 267 1
107 3 4
170 117 3
282 248 3
158 148 3
116 134 3
80 132 4
68 300 2
67 294 2
119 270 5
139 105 2
20 183 3
109 176 4
72 229 5
238 199 5
220 252 3
268 138 2
48 290 1
186 56 1
31 230 3
127 288 4
148 264 1
101 84 5
64 223 5
107 299 4
32 179 5
57 289 5
131 3 3
253 93 5
263 98 3
297 186 5
175 7 2
208 114 2
23 35 3
126 121 4
126 201 4
41 16 1
126 180 1
272 169 4
55 173 5
24 242 4
211 115 3
145 68 5
206 69 1
172 80 1
74 256 2
45 34 4
167 273 4
16 75 4
275 203 4
214 166 5
111 249 1
132 290 2
29 31 1
284 90 2
271 259 3
72 138 3
215 34 4
227 114 4
198 294 5
187 242 1
251 197 3
187 83 3
92 144 4
254 200 5
42 261 5
163 6 3
146 35 5
289 300 1
116 161 1
61 270 5
53 138 3
172 140 3
33 60 2
120 102 1
26 241 3
229 187 3
138 208 2
61 35 5
90 101 2
295 186 5
219 68 5
88 109 3
45 188 4
45 191 5
172 177 1
254 156 4
295 110 1
299 221 4
206 251 2
144 216 2
53 44 2
53 243 3
299 42 2
86 92 5
241 265 4
126 181 3
136 126 1
45 106 5
23 248 5
137 229 3
192 203 2
192 68 5
241 53 3
227 246 3
225 184 3
65 289 5
109 18 1
7 69 1
287 97 1
254 106 3
280 113 5
253 161 2
138 147 1
70 106 1
197 271 4
182 126 3
144 247 4
191 263 3
134 109 1
74 5 2
150 90 1
141 263 2
141 272 2
165 157 2
67 167 4
165 254 3
36 125 5
117 136 5
198 240 3
117 201 5
284 261 5
165 258 1
72 207 5
138 294 3
55 267 1
52 257 1
177 208 1
278 127 4
30 9 3
173 15 1
23 91 1
265 124 2
156 3 4
82 44 1
141 14 1
23 281 5
118 258 1
263 177 3
35 103 5
286 73 1
122 63 4
127 175 2
173 60 4
89 136 3
193 32 1
41 258 2
64 57 2
13 158 3
175 178 1
235 161 2
73 244 3
108 253 2
148 80 5
122 11 4
138 55 3
226 290 5
23 48 3
230 203 1
299 68 1
282 100 3
173 145 4
290 44 2
63 38 1
186 129 1
236 135 1
276 102 5
63 286 4
120 124 2
112 266 1
80 239 5
17 275 2
166 216 4
132 56 5
18 37 1
66 151 2
190 154 2
228 248 1
154 156 4
139 154 3
125 46 5
222 123 5
131 94 3
30 57 2
204 92 3
238 189 4
265 282 5
196 94 5
170 165 3
29 224 1
8 256 4
226 164 3
224 178 5
160 251 4
267 215 1
84 160 3
214 143 1
281 223 5
46 123 3
11 208 4
298 209 4
144 41 3
263 192 2
127 248 4
254 158 5
40 188 4
180 150 5
179 93 1
84 2 3
219 223 5
170 88 3
111 253 4
108 266 3
181 219 4
198 242 5
262 284 2
226 84 2
5 30 4
194 145 4
192 267 4
48 260 3
95 63 3
203 276 2
33 139 2
137 113 4
283 207 1
130 264 5
149 206 3
87 204 5
214 178 3
178 208 3
88 117 5
258 287 4
63 255 5
158 74 4
15 170 5
288 40 2
198 183 1
279 54 1
268 261 2
15 38 4
173 255 2
286 5 4
83 204 5
251 86 5
10 156 3
23 292 3
187 200 2
112 79 5
228 156 4
125 32 1
232 279 4
179 242 2
111 85 4
189 54 4
276 249 3
135 82 1
227 80 4
199 146 4
129 282 3
204 252 1
261 73 4
161 275 4
211 203 4
7 103 2
133 276 1
265 198 2
254 182 1
10 141 4
227 213 1
132 40 4
52 266 4
113 144 4
269 9 5
111 159 4
300 271 5
281 112 3
45 155 2
16 285 1
224 87 4
255 47 3
98 119 1
235 219 4
76 181 2
267 90 1
150 188 4
124 25 5
240 241 2
164 99 1
195 243 5
215 226 1
20 150 1
2 246 3
286 138 5
121 18 2
178 226 4
241 269 1
204 1 4
269 18 4
147 224 5
251 180 2
276 151 3
267 292 5
100 51 5
229 166 2
280 159 3
201 230 5
5 278 1
66 40 5
293 103 5
39 16 2
212 41 5
218 212 4
296 201 2
262 99 1
57 179 4
80 281 5
124 62 1
234 147 5
2 268 5
44 131 5
276 190 1
269 267 5
224 252 5
89 44 2
153 243 3
65 186 4
22 226 4
272 126 2
135 54 3
299 164 5
216 155 3
284 50 4
155 97 5
158 140 3
224 60 1
160 246 5
277 249 1
213 47 3
127 300 1
78 95 4
11 68 2
198 219 3
103 92 2
67 97 5
36 186 1
191 32 4
250 195 1
165 281 2
290 72 3
215 23 4
