250 5000 300
232 132 579706
235 90 571873
192 241 550993
156 207 662269
187 97 691728
6 139 163643
17 50 557355
80 171 550548
30 116 224777
196 113 570848
77 176 973108
191 242 902116
48 174 906097
127 149 686350
147 173 627486
197 33 578468
160 171 823060
42 70 382300
24 9 726780
81 150 995727
194 31 877872
193 228 364697
158 200 59715
11 166 182455
98 192 663296
155 124 692961
53 226 358845
13 94 412169
4 143 530885
71 226 904141
236 176 883163
24 239 399147
248 166 80956
210 58 777750
231 66 400536
160 61 846748
107 53 447454
59 206 792439
69 13 690777
33 248 970175
202 157 501551
200 25 654072
22 224 536385
195 127 124098
220 100 658969
188 73 463133
35 12 645393
96 70 326641
57 102 439946
173 182 579106
112 65 572169
101 189 711990
141 182 729531
52 16 801841
137 245 498249
87 145 119300
42 173 242419
221 193 769503
147 104 975258
158 78 906314
26 119 622485
128 47 281246
78 102 306103
103 93 858701
231 64 209639
23 91 40656
165 57 536025
235 157 929382
12 247 772853
108 180 831499
238 205 112318
16 65 830847
40 23 985423
82 42 487469
65 187 973900
193 242 797629
230 34 71185
64 172 229739
198 194 697410
159 131 328767
24 147 439964
94 62 439280
142 183 521738
194 137 770109
250 16 529735
105 118 372623
99 166 583067
249 232 184510
97 170 289699
170 5 305417
119 148 708804
50 164 750075
216 111 353624
153 100 826628
186 245 681985
114 201 684808
151 30 699935
210 197 866940
136 170 155158
240 198 799087
168 121 604314
74 93 132538
10 180 591741
241 144 581763
21 199 437257
233 184 268857
141 113 161348
104 120 41074
27 80 224316
127 88 423137
73 83 884607
144 40 526877
27 172 456524
226 31 481297
153 241 564842
70 132 229394
228 33 871885
195 184 995167
42 232 512641
167 28 205025
209 7 495513
189 241 384313
237 213 322779
187 26 50483
211 134 60893
239 17 472225
166 47 291926
28 15 123218
142 124 170445
115 98 882948
121 113 438174
82 216 769970
83 125 482539
229 180 435485
57 145 84954
94 184 368464
191 39 100696
235 188 186220
55 228 797035
194 12 22824
193 241 224638
6 185 766552
123 103 656316
219 114 353371
175 117 689897
246 52 101984
156 138 158246
111 76 58849
135 143 230201
70 185 766220
10 26 525280
129 124 443209
239 220 263583
15 87 93636
168 31 316253
26 89 482356
238 212 700468
49 12 438641
125 21 670497
87 19 791831
145 134 343616
219 17 61802
134 180 849101
100 215 936462
228 192 172277
24 49 258942
177 83 976104
16 102 824825
72 136 493248
219 100 832305
75 120 40663
157 34 984722
64 163 808564
51 3 24691
191 61 755355
23 242 103768
174 33 107507
179 165 338430
132 180 639912
79 70 315074
62 53 548817
165 112 257928
97 188 979116
232 50 406291
15 219 384356
188 220 391858
147 229 92529
204 112 638819
71 166 16161
229 178 274418
40 37 23943
141 109 174132
234 37 962326
123 51 953468
70 35 249368
110 230 474798
104 6 283147
222 32 571825
7 14 807368
195 86 722193
41 247 800005
151 99 995385
218 136 239515
231 43 939393
157 35 222926
168 78 847195
144 125 154133
121 222 576427
134 143 571932
133 167 655779
18 73 556718
84 200 504118
24 15 751261
9 40 199910
12 158 51741
75 162 291118
158 109 396467
90 246 457865
244 159 245483
150 181 585856
220 189 332480
197 236 935078
4 14 242054
18 128 806947
114 70 409756
22 185 89706
78 64 217331
222 143 603363
77 47 716085
167 33 615120
137 8 443674
47 113 759763
137 106 650660
216 166 468268
141 223 279499
28 245 949265
108 121 797640
136 28 907896
133 155 726100
107 25 143031
141 133 916486
64 98 861917
4 173 611205
15 187 855182
11 14 149671
143 116 6112
128 200 710349
77 228 428638
164 88 135896
94 171 557072
135 9 108866
151 191 712450
217 208 406540
35 89 646080
144 99 749302
115 236 886976
5 21 603364
176 121 310158
181 161 831355
67 214 111820
132 142 390516
138 2 188240
47 116 512601
9 26 952818
59 226 378264
10 57 688007
165 171 374294
108 208 922477
152 84 469752
193 219 274018
71 174 166719
230 131 236601
226 12 714666
141 220 866490
152 141 910218
181 45 243917
185 202 668382
236 145 272071
212 164 183727
22 85 871834
143 129 896940
197 154 44645
217 236 940645
223 52 837670
195 190 650752
219 42 552259
182 117 696632
192 67 194385
126 56 281376
114 138 528764
142 182 960258
91 24 148483
37 238 424192
131 98 581244
174 206 580363
76 146 852842
56 35 517291
211 19 19128
18 134 874880
177 221 568286
95 171 41197
92 167 529868
32 87 122690
110 215 357387
241 237 139745
177 118 123317
212 59 489335
112 224 265444
30 153 116421
150 194 277357
184 207 507993
248 152 416452
31 170 698782
102 7 555231
206 154 807665
90 211 212334
200 181 987109
126 245 619051
150 101 205213
33 247 6416
73 37 698058
117 47 726153
81 192 152349
169 100 489455
230 192 248440
114 150 962712
15 196 695370
92 126 284060
127 17 544224
221 86 52853
215 60 981773
111 234 120759
75 217 493147
113 121 521144
64 95 262323
224 54 608178
131 25 388510
52 200 308238
97 54 1021
41 170 988441
53 160 189107
165 75 156153
53 165 254997
8 63 205887
219 246 407311
203 220 335266
229 131 385520
197 77 622687
134 214 231022
96 207 476762
247 89 360766
147 131 450336
77 138 87697
1 102 736957
53 211 482774
108 87 519432
202 223 120413
70 147 859780
179 14 147512
66 88 786004
102 206 636207
34 96 770448
172 214 809373
164 22 667697
205 20 50510
82 14 991071
59 247 575598
171 196 724516
185 144 202797
86 159 804968
16 57 987227
32 104 154155
162 184 466734
233 229 263065
126 190 389408
160 78 258603
48 146 964230
66 16 741134
128 185 299416
127 15 588980
58 88 720749
185 22 682327
152 178 259117
74 104 34357
113 61 635519
33 86 582621
24 6 248250
131 56 27542
137 47 515252
210 190 67637
148 8 387843
164 1 756496
1 204 138537
248 162 868601
193 225 487798
137 49 356065
194 111 156388
134 177 829738
1 230 713111
28 228 16664
161 80 276468
43 157 380274
11 18 204788
116 51 548172
228 238 817385
129 184 412263
43 166 958601
181 129 981314
247 94 404562
106 99 90663
87 175 931450
200 34 991154
167 81 512424
53 50 825712
165 81 675641
88 73 624945
183 1 109521
196 17 494778
217 107 341697
84 248 19101
101 163 269248
179 218 131540
76 45 948101
106 181 945412
139 161 790755
6 223 316857
145 14 501138
219 69 857700
174 168 611394
158 205 846710
107 148 718611
167 44 649620
126 78 516
82 17 649708
138 126 77483
173 102 905493
206 232 962591
227 1 455703
86 93 271128
140 16 783062
36 95 817319
1 90 275709
116 117 975145
236 209 343616
37 56 456101
60 200 636961
26 73 698725
236 197 427971
179 196 171022
55 76 443568
131 188 468806
123 129 279944
125 173 271745
11 220 30657
132 75 567461
206 188 876032
186 137 756542
72 75 194621
144 233 467633
115 104 139668
144 34 382149
81 207 410699
175 248 4663
80 45 419746
78 102 276734
208 49 629668
63 164 886458
214 150 669591
99 75 423314
10 117 70607
77 156 931331
237 189 986443
219 160 740178
16 165 430328
230 139 576098
149 39 499616
129 87 491323
3 213 955943
7 58 369744
89 240 686003
158 228 488703
185 178 781204
40 65 696721
62 219 284162
2 183 465799
128 56 212272
94 25 310051
46 124 345318
176 33 830973
85 3 54035
239 15 153212
214 28 474771
88 144 573151
11 153 661487
247 199 824847
169 7 980069
236 1 49844
16 246 35874
216 196 543281
137 51 967342
159 128 951868
37 224 662719
206 138 42839
168 73 474752
228 246 555115
126 203 852792
94 26 57666
180 210 697616
31 104 926717
179 77 914482
118 107 38361
52 84 399006
190 226 697739
201 116 52338
82 167 796135
144 231 143796
199 208 153048
202 237 58089
131 205 532704
174 214 631437
177 150 669770
192 82 769026
136 64 349861
45 109 413730
183 138 314571
68 137 834419
16 179 645430
144 132 195494
248 140 513830
85 64 655115
75 96 977564
56 27 113827
11 125 601107
246 227 419307
20 100 867951
208 5 685723
206 224 132034
164 131 653710
85 149 925955
132 233 63063
10 132 282053
14 209 322808
29 245 697740
235 128 819648
209 107 304009
193 34 892298
245 114 39597
53 118 938414
98 61 556554
175 100 351223
171 57 227237
54 175 900356
235 30 725638
24 70 958084
72 174 502615
112 15 242992
244 56 526960
37 175 667901
10 28 462510
18 55 547786
133 110 4950
208 159 638580
154 23 654002
76 90 17567
66 119 976660
161 174 666066
72 224 684290
59 54 917890
204 178 164308
237 128 498288
101 143 592287
234 13 563920
79 40 617252
238 10 376715
48 60 521916
92 173 678992
183 162 244381
147 68 147204
150 78 803482
45 129 99286
68 183 46318
104 31 219041
79 106 685329
63 137 31769
191 102 667526
31 208 298593
68 242 994068
39 66 638914
5 174 801300
102 186 285073
87 50 315812
106 95 753071
21 203 82933
136 243 538903
247 66 776748
2 239 31742
143 31 772266
232 100 166092
48 216 506423
143 52 494185
157 84 515468
201 196 513387
79 94 108679
37 102 721813
50 186 341344
192 185 660909
72 38 815444
225 155 873270
117 162 253986
98 61 861959
27 31 691378
173 17 362683
79 226 795804
117 31 881032
191 11 818279
85 28 255678
144 163 671032
116 87 663611
171 13 192654
184 244 418993
183 20 302168
48 234 251602
70 109 638938
47 45 147392
168 32 844896
233 155 226951
145 53 583978
83 55 74912
159 164 617304
142 148 120476
89 64 902367
42 99 76405
176 231 761718
237 169 970275
24 156 235414
54 7 340290
148 20 14824
107 189 768665
156 189 531244
137 168 600924
121 215 628050
175 34 456946
100 244 858889
148 99 476044
204 233 730025
184 242 203758
32 66 915973
103 155 936974
31 180 966533
172 21 358307
62 30 843854
56 21 473848
145 180 82976
48 148 722853
134 213 802107
101 75 368465
157 22 92511
226 35 930645
172 248 230463
250 146 7413
42 239 70531
49 122 74178
210 88 314685
119 82 793931
50 207 280942
94 98 22266
24 162 667028
99 191 92028
190 39 76113
142 27 838852
137 221 605954
221 89 45169
127 104 265428
8 216 691339
230 235 512456
165 144 832820
139 151 748006
152 177 358207
200 247 396260
191 22 965221
43 20 667402
241 131 867461
7 9 531783
154 127 952178
137 173 268781
21 126 49686
214 68 711693
43 94 40132
83 61 664529
167 154 453335
163 178 126362
111 50 144976
18 30 734616
37 22 73024
211 247 739396
13 170 768144
162 112 836406
202 211 980828
171 26 506290
229 60 74733
224 60 771421
100 80 958900
50 248 106989
4 179 216612
245 204 970791
99 19 949396
183 202 214485
117 90 618154
100 56 219749
114 90 498285
72 222 277447
155 110 305863
143 69 121075
224 150 554796
119 137 837039
15 242 742209
163 105 45172
50 221 288312
145 239 980862
136 91 394171
35 114 509920
13 222 48701
200 117 870035
82 198 405069
228 215 41436
52 110 878948
185 154 579563
3 189 819775
139 241 852579
204 72 264992
55 3 259182
138 200 408631
177 42 526615
92 216 953995
152 199 825273
240 232 677422
36 173 212532
109 162 702807
46 215 818232
159 168 916356
20 201 83684
245 188 200092
11 249 4820
211 219 878667
250 79 513974
113 94 219148
2 245 466244
100 204 73293
136 169 395320
212 173 690235
56 180 809956
35 178 529367
87 88 311182
147 114 68984
119 248 945839
53 28 250290
60 228 797906
39 190 903228
229 70 353438
57 232 578125
190 37 682971
141 76 767649
69 83 732837
65 242 52891
145 127 107755
148 105 85807
131 95 515270
165 32 507085
190 81 433229
86 29 787216
225 84 566219
157 44 512842
16 21 538980
57 81 550510
40 121 838326
182 51 798856
143 111 6323
104 64 378982
240 169 849333
198 162 729885
178 242 339601
173 38 47283
64 29 973966
193 14 640837
227 180 968594
130 169 306356
108 209 626484
195 60 361722
47 203 469857
178 228 963369
231 238 591215
171 195 316151
205 191 664779
246 166 727039
143 44 859040
61 174 767959
164 67 951772
88 213 260251
162 18 304932
117 195 119384
106 233 416513
155 197 267400
139 240 546981
126 181 583117
36 45 276355
202 18 919097
94 78 171774
83 63 894929
246 183 57533
195 190 27351
249 229 667640
51 98 236729
99 11 303155
160 247 745712
243 25 910915
106 189 692417
4 119 572741
47 4 358736
59 3 543705
115 113 9115
173 142 379543
3 110 191472
117 230 996947
166 185 391618
94 137 942049
140 166 350844
45 10 26994
228 13 161717
116 179 572098
34 139 815212
34 170 68226
150 235 805026
172 106 318300
88 54 836694
195 56 951943
181 205 353320
93 217 392321
244 156 88976
12 113 542512
76 234 691261
49 216 421124
115 122 295108
116 131 535303
8 245 535203
237 56 11420
209 71 844662
154 40 512225
118 65 158081
45 187 759941
100 207 67726
18 231 607697
95 141 885621
72 60 259306
48 23 909276
147 184 487436
63 52 874293
106 145 288046
201 66 814226
85 229 715436
3 67 239921
41 215 382980
226 102 332771
184 200 837508
80 96 944818
141 247 56314
51 53 236219
132 153 185246
97 188 548460
197 185 303001
242 194 478938
216 49 809227
94 15 429622
98 116 443805
109 79 510293
127 235 934058
106 98 480572
238 87 957598
95 161 461390
49 169 846903
172 243 667662
234 170 793288
192 56 161896
103 144 407381
10 90 658847
223 122 333209
109 87 692707
92 47 617462
8 241 552227
9 68 71437
135 79 283187
139 165 90079
20 86 4007
129 46 190819
190 136 678103
161 34 222207
147 134 754015
161 99 72161
190 114 913475
69 38 239960
191 151 979826
59 127 231573
22 196 659838
222 25 507487
106 160 196203
167 58 395217
237 33 970241
89 224 868700
98 210 399825
14 128 464435
4 37 867406
34 50 915942
133 221 665230
203 31 583808
190 21 554308
9 10 561003
244 88 441887
217 246 940481
125 198 437391
167 154 423971
184 18 675788
231 194 402418
17 188 329946
3 112 164364
156 236 373457
53 220 20879
126 71 560149
224 23 510808
97 146 677605
206 75 402337
205 59 939227
147 11 559322
150 82 628675
144 72 306021
109 211 674917
121 29 189260
129 199 750268
236 98 296642
71 202 304746
31 86 567675
240 169 450989
250 235 317690
173 69 566533
215 108 671736
130 146 196200
208 139 398524
192 164 541957
76 59 314944
68 249 323825
179 239 483461
121 235 40287
179 112 755108
61 46 21102
49 136 913012
101 129 415975
227 66 633397
63 147 40393
36 172 158447
17 192 815544
70 148 281118
113 155 256874
172 88 958374
1 20 736132
237 98 154883
64 242 256624
98 13 376978
1 120 182447
236 183 805989
147 184 98642
61 130 944747
190 110 984199
82 103 972868
18 172 589768
176 54 829799
59 119 836199
184 22 735256
27 44 406108
170 227 556853
136 84 807557
17 238 64511
182 240 811382
176 94 145263
114 72 989516
198 94 178831
216 128 812005
104 249 265808
51 55 74522
129 200 616303
83 114 769771
146 194 552058
55 24 368934
153 9 911702
217 2 578349
220 153 431928
199 5 495270
75 70 30094
98 88 876763
24 5 374829
42 208 643721
65 185 728126
100 91 553674
99 161 58147
66 17 641925
229 114 23082
95 194 758159
70 207 550479
20 14 177750
42 133 548465
130 175 526678
144 145 82394
219 72 744120
175 231 203057
217 85 63483
146 83 81591
215 202 643880
142 111 781318
27 49 685701
114 249 389603
220 104 41003
118 154 419953
118 63 799070
72 244 865678
248 157 926873
177 216 353355
109 170 536216
175 21 850014
26 194 38466
29 246 908966
210 10 330179
125 110 948886
162 130 236969
204 33 903337
206 168 14108
70 191 150994
249 93 88997
119 112 677506
127 192 307166
166 222 85193
225 78 114813
18 209 419417
25 132 965819
35 243 793686
169 93 336814
65 112 313064
240 167 362877
117 178 55404
233 42 338624
114 85 916891
66 56 876665
206 223 640806
74 223 81441
9 83 419141
142 78 653447
61 16 974502
74 219 62038
100 235 489617
107 199 585103
98 23 611978
57 59 863508
117 170 434363
198 46 118513
232 120 377332
146 110 94319
233 40 238224
186 19 326746
153 55 242161
198 20 445743
5 111 61935
135 56 415111
207 130 267294
109 181 549635
140 194 238085
3 17 537923
225 154 330194
206 178 120280
38 178 235745
117 196 701828
91 79 634635
40 84 14348
208 48 234486
60 93 565602
1 11 921523
29 141 364537
71 76 421140
41 63 67756
243 83 803903
10 39 753844
127 59 955728
19 246 706657
179 65 683363
80 167 493528
85 41 59492
106 137 739161
184 240 878366
18 90 590496
178 16 626140
46 209 748480
24 161 320389
221 27 825913
144 248 305478
85 48 925303
51 204 901265
151 103 994047
133 94 629503
233 234 643690
116 65 165903
23 14 338569
212 76 20242
83 143 26899
116 19 654782
126 218 472527
40 32 406233
183 140 84763
38 144 40690
9 139 266508
191 189 317112
30 107 572469
240 16 735437
162 138 770418
198 7 910290
18 73 997602
90 145 492462
224 27 896520
239 168 175167
11 58 56953
208 45 715545
148 115 52762
197 248 443107
204 197 5122
103 76 886962
209 28 586664
179 197 146629
59 54 996424
167 65 415824
59 68 444172
75 219 41061
194 31 628142
247 167 134714
222 81 918656
19 51 165858
119 134 58097
32 33 432511
24 164 566995
36 195 518524
85 196 139000
147 245 157418
4 93 641336
83 129 123105
144 49 218880
160 130 208498
237 98 266089
50 222 696509
243 110 610280
225 28 756053
194 37 537718
16 248 981557
93 24 738862
55 219 965195
136 44 932368
25 164 615408
175 153 412418
151 164 351343
145 245 781231
86 77 946678
92 167 866146
40 2 61418
49 91 56009
246 235 507575
243 103 919377
15 155 366929
39 153 310766
5 4 548462
183 185 81410
166 105 671131
103 99 359814
136 101 898492
166 67 548999
14 203 741470
71 149 753606
30 132 206769
115 4 690933
91 37 917595
133 189 525811
248 3 316864
108 28 839387
131 18 738096
250 195 421119
65 175 288834
118 187 869675
117 91 314232
69 211 279430
204 193 375350
34 219 993436
141 188 751827
193 13 368572
77 242 281987
127 219 347042
100 151 910852
77 239 498718
135 46 11898
21 207 74136
22 195 378713
56 198 245915
175 106 221965
98 159 940303
129 212 654250
124 7 454920
146 232 309848
162 236 992372
145 71 872572
232 64 230875
234 18 973316
124 179 757216
60 138 454659
48 63 275200
36 116 133971
14 235 535287
229 13 756629
156 3 32323
138 193 28633
58 35 888361
5 111 35582
11 71 287457
180 148 970275
157 195 831004
20 12 422719
134 221 391829
152 75 530197
16 195 343559
116 125 425780
240 186 254361
1 224 259753
171 3 982403
226 63 98937
162 76 985849
126 34 792085
107 144 710323
169 226 741790
103 214 338125
53 83 108491
152 99 171204
250 243 495278
219 107 343573
73 160 254404
133 94 191495
53 46 76599
27 184 222313
142 226 302911
5 27 870486
58 181 547852
235 191 911562
235 51 888286
42 171 286380
73 24 380343
12 61 282433
218 109 887822
224 136 927696
248 193 88747
138 83 389619
208 90 478700
201 10 656730
82 60 58991
191 44 49854
153 75 356402
112 224 456712
171 190 744870
219 44 918712
209 226 92902
193 40 486631
189 120 30657
47 221 610130
201 7 69793
44 84 828293
131 188 140308
57 157 340248
98 117 456488
73 106 69019
171 245 382427
141 132 225635
235 230 471644
93 20 54786
51 49 167149
164 234 648993
26 98 211256
130 68 321416
180 75 10899
167 224 120745
133 150 964276
48 61 299821
241 47 229525
245 57 789595
11 173 619057
83 160 429297
78 192 527081
171 11 386109
176 144 391688
217 224 443531
7 14 247850
207 7 129146
120 133 817007
159 184 298213
199 71 586526
137 53 605207
90 9 906470
195 113 546787
106 161 544003
164 127 466241
213 83 300056
74 106 621668
248 194 674041
229 19 260370
184 215 640848
130 76 383710
53 172 30450
240 70 865343
77 79 511957
208 152 74847
188 7 767767
32 61 350249
177 200 985375
210 183 568976
194 62 15458
113 172 22529
76 107 942674
169 127 857941
177 75 498207
210 28 645139
246 134 415679
149 21 164757
185 88 935892
66 7 136771
28 63 978261
213 164 54045
139 171 17031
62 239 929752
7 72 229815
208 247 311505
55 174 579310
53 201 876890
203 67 389792
117 234 18681
194 12 201176
81 224 758875
138 164 626168
69 183 742979
150 51 339601
188 224 341141
108 222 907184
225 143 361941
104 112 149602
248 168 788885
200 246 472143
90 28 537561
236 52 461170
205 163 833483
41 215 284762
74 163 509230
210 168 147770
112 76 971664
232 54 363538
135 148 448107
238 75 154934
62 153 911562
132 213 589842
76 94 79723
133 37 957729
5 97 240249
84 246 852022
206 62 850975
148 126 323486
244 48 220541
67 62 52772
78 88 903913
161 35 896137
1 41 392073
245 142 245126
18 43 751560
116 28 336266
118 233 687851
68 54 177774
250 125 573912
214 129 311197
16 240 955578
5 31 481653
114 19 799513
180 23 663784
167 19 942597
68 207 632671
49 217 51222
8 119 453354
87 165 397425
146 199 624467
162 177 954892
64 133 173730
102 48 43785
139 193 986574
42 151 657923
195 79 21718
187 194 527155
14 9 100327
42 8 81730
241 74 347635
13 124 926158
181 81 416220
230 51 983604
37 166 643958
7 105 854561
63 19 618987
204 76 404966
190 84 775514
217 226 471002
163 134 473245
35 221 834158
49 135 56050
26 78 161583
220 188 68875
52 130 231983
3 68 261941
17 147 879447
25 196 973659
68 175 586411
27 108 801236
128 241 414068
114 240 312889
53 130 843600
58 107 806689
99 33 435601
155 178 544991
111 249 550700
49 227 632254
55 5 664145
198 116 310073
11 39 27977
225 207 687260
205 157 10443
54 221 953351
73 106 69254
249 224 538656
175 54 237195
158 171 443924
230 12 429593
196 123 632137
48 42 106755
107 209 10003
232 218 547389
47 157 76449
242 107 640997
46 159 189277
26 136 836743
68 194 757177
54 209 996742
17 25 641377
163 207 487719
166 226 950536
72 73 739072
154 87 305524
71 236 469455
123 131 288407
117 162 806039
55 149 122860
80 196 628177
228 98 50102
190 107 171177
125 67 707102
3 108 847937
166 68 90016
182 201 923980
54 21 738427
21 203 98427
51 70 765484
138 223 200521
130 241 759027
53 213 632280
225 75 746661
211 239 330118
129 68 666239
19 105 130690
20 182 79385
86 72 841452
36 145 37193
110 117 728781
157 111 610078
118 224 707843
246 63 188937
114 93 203832
103 13 959499
191 151 652232
167 42 846336
209 106 961090
68 148 648720
25 133 452355
150 218 893951
204 39 50367
80 169 587060
232 213 934219
144 37 92776
136 143 997294
125 120 348014
72 61 427010
21 168 223655
27 10 445056
222 33 758643
119 22 111373
31 141 688306
135 90 397863
172 101 427343
120 11 814063
217 123 131745
212 58 38267
220 48 218228
242 60 784116
3 163 192055
32 245 746529
209 182 208124
43 28 18263
245 26 844539
227 249 856578
249 62 393917
48 197 472282
63 182 257798
176 216 581036
185 239 893473
104 222 909442
231 157 138453
119 78 451947
164 40 348834
78 11 951108
86 176 857414
40 168 755970
65 129 868701
136 92 812866
35 197 29774
60 217 348464
41 240 455816
166 130 139959
56 47 105769
126 30 780273
164 59 861090
235 34 20836
63 237 852246
37 190 339303
215 54 278450
4 117 631544
129 192 920339
105 164 706805
194 58 426100
187 7 15697
184 188 868348
210 229 206400
8 234 872552
7 52 7274
218 204 123986
25 4 796625
106 227 725831
15 84 127499
59 128 453741
76 239 784925
48 117 96625
219 173 53498
91 70 25081
3 11 871609
141 249 641637
1 38 692604
79 11 948400
208 61 407538
134 184 91309
243 198 606355
220 30 776916
239 5 905768
153 155 114263
205 10 822321
147 43 749286
72 190 229526
167 81 957952
61 127 162150
108 5 429885
218 132 961136
202 40 501400
236 35 546781
182 112 939216
189 194 211100
106 135 716792
17 190 989963
197 125 950982
76 43 885460
138 120 161067
186 119 150801
86 225 997191
82 165 713336
72 245 607934
127 103 33139
60 154 674068
221 126 40689
45 16 731022
52 17 47727
64 144 891734
107 151 601300
100 150 898763
203 216 150164
236 178 638499
38 227 441463
118 241 980707
83 223 290221
134 122 883106
65 147 874700
131 164 609177
202 129 405032
64 127 269671
179 139 987933
15 157 723490
208 32 481340
180 196 194124
184 123 220377
64 193 372291
112 121 607539
161 136 724672
170 199 85781
96 54 279330
242 124 472765
143 65 20097
68 250 358558
93 121 706815
163 221 788171
86 66 76662
234 113 352211
139 194 316905
233 226 159516
103 235 71938
43 152 785672
239 216 38759
14 138 623424
198 123 951768
7 182 357234
228 201 310654
206 124 849387
58 143 27482
79 177 172687
87 17 448000
98 103 858324
236 61 42138
1 72 157485
19 33 172416
249 108 640030
189 50 931725
65 242 590059
190 129 573023
65 39 935967
182 72 682222
221 163 372781
221 135 48203
12 161 480347
183 67 712804
109 190 27052
100 240 5510
167 101 751555
84 215 45760
137 149 804104
31 88 947965
31 29 628787
39 104 214978
28 216 561426
76 2 688823
69 186 842328
54 63 487718
94 160 370946
7 133 912573
19 150 534381
207 166 22972
136 64 749866
158 221 804398
144 247 480525
1 194 181487
89 178 288501
43 221 994920
148 191 275806
91 164 864876
207 47 381554
52 94 34856
25 234 434426
95 121 877684
27 60 187902
130 211 788338
36 82 457169
39 169 803732
127 116 404270
128 44 802346
185 104 915616
133 45 459211
66 139 120780
177 172 931503
164 78 136200
231 206 176452
186 115 110895
99 112 455848
36 21 332276
66 58 450281
98 208 778901
134 117 635719
159 53 732521
31 147 864236
96 5 298312
140 225 752584
171 89 358556
108 245 993891
102 225 50226
208 125 967909
139 228 330438
203 191 844802
18 97 489711
213 160 108502
130 152 303031
151 111 679601
85 155 638238
43 89 946703
176 126 907627
91 160 696614
49 115 178741
75 225 164791
215 118 236387
236 69 771417
71 94 328060
160 207 203199
128 62 159561
19 39 650017
216 40 864221
73 187 174776
8 169 639009
132 163 338371
100 64 599902
90 27 35672
14 71 189555
201 215 103297
28 76 421395
134 168 47224
16 197 823165
29 73 671697
128 144 642768
52 210 344115
200 152 986412
186 59 732254
221 192 493540
45 97 977163
114 141 630495
193 136 73198
14 161 959889
24 81 430833
218 123 488713
192 111 489749
40 211 896517
218 63 99703
190 80 512707
87 65 972458
175 238 467329
215 80 769077
200 153 941023
233 128 671845
91 5 512986
154 152 36860
234 243 699790
220 172 874379
40 122 206734
156 225 616993
234 4 862600
248 63 430781
38 224 335796
92 93 907932
52 160 474523
114 10 991927
189 195 575339
82 3 560893
5 148 686243
28 77 145293
216 215 210429
19 151 458329
18 136 121358
154 248 332834
6 109 694621
29 134 966086
129 95 183056
65 156 735044
8 60 326353
228 89 529912
227 62 374462
225 109 974210
237 138 936180
209 61 146124
241 214 235891
138 176 76022
7 63 378794
35 144 725204
10 8 864626
100 166 345598
53 168 350050
25 21 189506
220 97 923220
135 55 160374
31 214 565599
44 174 605669
47 205 722851
75 77 186127
197 38 524651
24 180 530818
99 75 885365
201 119 451234
204 164 107786
220 149 30010
12 7 725634
69 167 376838
191 44 907467
240 6 772955
215 18 805521
60 157 180623
96 167 659590
157 7 890371
108 27 329712
34 130 111989
183 72 451807
40 142 903414
234 84 418860
153 19 532042
187 184 863411
23 165 543407
244 116 559320
204 68 618040
146 75 640025
136 66 800907
12 222 166882
127 203 22534
62 111 657773
83 142 905558
216 141 619737
141 5 293709
23 145 579757
206 135 69129
139 185 434076
93 139 145180
246 16 724686
174 117 578512
112 103 539069
46 229 618208
115 151 593155
211 126 855379
207 64 344774
212 221 393589
114 207 305614
122 94 22174
3 138 473054
138 80 107167
184 85 451613
109 107 347306
206 229 787729
216 199 700863
203 242 782052
119 137 824171
146 110 956969
89 48 394398
37 116 803466
39 63 558288
145 173 176060
244 204 832202
39 143 29634
146 16 965086
24 219 572873
227 244 624434
115 193 156594
34 191 753792
24 166 665283
44 203 810130
196 188 126799
235 218 860849
7 243 966064
15 38 218500
201 66 529751
86 101 60619
74 165 813865
139 54 465028
98 230 517943
10 235 300204
75 23 441642
118 156 698157
215 169 988565
176 155 407248
101 182 4091
80 200 736484
32 7 331179
208 62 178948
174 47 9640
52 121 506788
111 64 169909
77 154 606632
209 31 207841
135 212 49218
125 162 454078
242 48 142592
120 185 274397
225 143 767801
169 88 852046
7 238 168574
7 198 553213
191 246 95824
108 110 534212
141 232 231809
124 138 806390
4 197 328937
70 37 786057
140 153 444572
12 17 284377
44 24 525938
182 112 806543
107 153 179612
8 147 525167
210 150 219453
128 15 699422
37 163 882052
7 235 794703
40 188 967591
103 84 410592
102 66 216072
120 89 244160
210 157 337496
215 96 650895
94 56 874955
141 209 356131
205 239 595089
37 239 131567
117 189 93748
36 37 735271
153 180 808670
12 114 123740
139 46 452917
148 28 564272
100 114 24992
247 150 173017
66 6 697556
55 24 366708
58 130 895946
219 198 965715
82 240 317265
88 226 215023
224 212 120512
133 7 232987
175 55 309545
84 19 886273
137 84 351231
74 100 905798
111 16 729790
145 65 992250
187 234 80037
116 143 11936
247 162 367028
151 52 366897
181 78 793760
93 191 734722
29 144 897323
212 241 836614
133 115 74862
226 140 763481
181 94 970288
238 136 219874
126 7 311701
165 106 144106
48 55 994595
149 250 394778
123 160 519466
215 120 967073
121 247 41449
37 157 623234
104 34 126560
104 143 595305
78 250 35611
111 226 557449
246 195 792788
14 47 515995
239 155 983105
90 22 926055
45 167 883488
201 172 750826
29 100 763624
132 118 673886
171 22 673768
14 176 848840
135 65 541583
166 199 785928
133 225 27064
193 44 642935
151 175 571648
39 101 953503
37 66 98471
89 71 210509
157 107 814028
12 84 498173
171 123 541704
94 159 51066
56 90 207480
63 163 32579
196 153 163820
136 202 267367
188 233 226247
93 34 122835
84 140 829795
11 4 460466
249 55 384100
235 215 175556
203 80 315888
168 86 505344
10 113 792215
248 80 76118
87 4 253074
13 155 140619
96 250 269571
250 8 398567
97 87 529957
40 39 471609
30 228 365254
41 193 57184
79 201 971349
77 33 200831
148 91 738056
22 23 970022
155 248 738925
11 127 732722
152 69 817124
180 25 132666
134 103 355366
211 241 447927
75 102 278794
29 136 818157
206 165 386581
28 51 316804
20 138 880915
160 216 572971
157 222 662613
60 137 247717
168 206 697171
17 209 977111
244 179 329171
56 71 374927
132 59 900161
146 14 933488
121 199 385175
239 45 54997
34 194 135293
113 123 921173
133 54 476189
196 1 662871
27 206 823836
116 136 302417
75 225 875402
237 158 655691
12 151 462120
135 193 811889
202 144 594673
116 171 378384
110 87 910242
37 128 203056
57 98 192631
229 180 63216
187 114 938218
77 36 424183
112 136 578398
119 149 857387
220 83 239380
56 94 203751
191 98 644273
150 34 625005
100 61 372572
177 180 327667
213 111 856366
12 126 228563
218 64 450440
69 46 327649
232 7 947599
162 177 658055
185 73 56440
58 39 841534
41 123 708379
214 106 258069
47 156 29683
143 153 149199
229 171 137208
25 120 793319
9 177 274951
248 202 826581
223 119 349549
140 68 526900
96 15 636091
239 144 270818
137 152 710344
7 129 758683
152 92 3028
11 183 402736
141 49 813080
47 187 41914
61 230 461539
153 57 915601
237 6 557165
221 41 41683
165 20 100593
197 156 943857
184 224 843438
15 164 221725
26 50 676115
138 225 532364
142 225 927322
13 5 747068
210 104 339268
89 51 357099
222 72 304007
12 8 622854
237 15 481826
59 175 180172
187 74 526972
78 171 741624
167 132 61047
122 55 188244
80 84 261847
140 219 50486
15 233 572011
12 210 224831
199 223 963254
167 250 145978
68 54 631398
245 182 669090
59 120 248608
12 21 290398
160 19 762320
72 63 639981
183 93 85127
6 130 996664
84 166 498214
53 197 111087
245 204 820512
93 136 669270
216 211 795213
160 250 75653
9 182 715993
101 33 927384
7 18 931717
234 87 886254
167 3 487076
15 216 681252
205 54 67259
201 70 317920
122 17 552564
42 193 453435
150 31 240946
156 108 358255
213 227 752712
214 31 718429
79 133 248668
169 249 308281
237 208 103782
183 168 774775
87 222 797371
229 54 156859
101 186 760401
169 50 98907
40 17 297856
128 236 880311
232 213 469750
225 149 602510
87 56 359282
34 190 749416
63 24 170863
226 215 631057
235 142 344876
178 82 865042
156 46 62468
107 15 325759
233 31 102921
127 186 676166
218 171 800757
18 144 65261
23 68 783431
154 188 765678
158 161 69396
14 151 886276
198 8 675736
19 198 403164
241 100 493034
53 223 648683
241 234 647508
227 173 374526
83 238 560322
168 210 98602
163 235 542825
35 66 224845
213 63 877555
229 138 346189
1 184 166514
232 229 744051
51 187 508530
245 216 699984
155 185 110276
143 31 475516
97 113 850357
35 54 845194
204 146 77369
235 68 863900
224 84 59793
195 122 403452
183 169 648314
170 168 619859
181 203 181231
126 205 967218
209 73 505546
1 53 398304
39 48 780931
193 18 962395
175 140 334382
5 36 949599
196 41 196828
96 234 236441
176 151 685016
225 24 32426
190 142 63485
192 11 142338
164 134 562972
203 218 11462
167 89 490315
29 177 925038
238 173 922524
130 51 684508
204 15 558714
173 192 2634
246 161 134988
16 220 24089
39 184 557723
154 166 952945
123 134 463930
225 142 902506
247 3 890358
136 24 800971
76 162 198610
9 75 559018
135 162 806286
28 213 547748
199 73 507459
71 79 730124
88 186 988440
91 230 409610
181 167 405144
224 56 594771
176 202 493193
233 220 180564
184 26 252489
223 245 142762
15 145 481323
8 242 794273
69 57 839130
73 9 390221
219 243 553952
79 80 705928
75 151 757899
104 155 961181
44 105 213392
123 50 850665
167 182 356833
43 144 890908
103 21 427178
119 176 284430
52 6 204502
195 154 619339
168 81 573568
26 175 780537
220 49 375553
178 11 355553
114 4 291139
140 49 950146
197 229 790639
63 207 702610
230 215 639147
184 161 614636
164 174 68657
231 106 738041
177 136 968528
94 182 614724
188 227 370937
110 219 815377
35 157 242658
84 115 398793
181 38 92079
203 137 62076
24 41 344514
25 38 745710
66 243 350531
149 56 105576
31 144 439713
199 108 952157
101 220 973657
161 10 737574
2 46 994985
116 9 134937
197 139 457028
118 105 317315
182 42 384669
114 125 233581
186 233 195714
86 171 503614
248 47 858859
221 33 70456
120 19 882039
192 173 241178
15 214 452819
231 207 275146
93 179 827702
169 121 358223
157 228 419307
35 175 379924
167 122 30309
115 112 304831
174 236 658713
223 77 651482
243 10 381359
232 4 368694
60 136 771409
69 123 440074
69 3 630256
101 103 269041
205 206 164548
11 66 912261
142 242 30914
194 238 307474
11 220 823890
250 19 720112
127 242 135665
149 42 483053
108 101 552028
207 14 818433
59 50 410321
90 58 125013
151 242 251105
33 235 138834
159 90 46826
113 207 682372
187 13 372448
101 96 439332
175 246 761391
95 93 290196
143 148 394829
109 35 136444
239 127 759854
36 223 742076
11 167 965359
14 248 78699
107 135 153865
120 103 307886
155 171 494686
248 208 126903
211 168 813629
231 130 13659
29 214 17339
248 193 571882
95 61 202347
209 148 563863
82 96 130259
145 86 551512
202 142 272825
184 17 593301
186 249 820402
178 161 493676
188 114 459337
4 177 836541
215 219 761731
97 181 82384
185 99 698059
110 170 454671
159 151 543536
123 206 141097
26 176 730708
145 100 412568
179 54 252995
45 174 16375
157 189 598547
30 240 895903
19 104 494150
222 36 539345
134 146 680748
74 67 498887
136 219 547176
133 66 811926
191 244 620753
138 127 194092
91 27 53679
226 117 204496
196 68 99427
8 106 848541
101 59 809949
161 56 499775
61 69 105948
79 240 603795
21 200 954394
140 156 395689
140 86 435455
204 162 24116
44 8 696850
192 39 90535
82 24 369895
155 210 492969
29 117 197315
209 97 835278
76 111 432415
14 101 449930
47 31 425605
163 79 663814
160 63 585010
74 11 941309
1 187 446343
14 61 814953
225 203 56752
37 204 552152
176 250 729697
162 31 731055
161 171 161518
97 246 815929
2 248 464586
30 132 580341
151 189 489472
30 36 270561
189 157 296075
208 183 259262
75 142 860237
132 211 197010
158 13 858734
180 93 68947
37 105 399488
223 239 98698
43 106 491992
47 139 634699
167 140 674263
44 48 938515
33 76 270007
157 23 593997
165 52 495151
149 74 975269
33 215 828573
52 212 568462
164 57 921641
7 200 146526
185 116 805784
177 242 173796
66 35 353856
56 49 848736
218 190 126786
109 127 88082
27 228 158205
13 164 29328
214 118 377869
94 100 534268
215 36 269084
204 103 534092
50 210 958416
44 108 992451
132 121 216499
43 140 189663
152 114 769153
20 225 318067
243 97 720605
171 133 844346
139 71 920949
198 48 157800
155 161 93922
63 170 540127
108 186 249673
68 186 88281
242 108 988016
24 219 165759
94 235 512585
157 41 615888
187 227 277122
70 106 564007
11 118 479836
231 133 217389
227 155 856870
177 181 778096
165 38 426668
69 51 449508
207 197 115765
144 204 244167
117 250 139083
47 174 41927
210 250 906588
212 62 457387
189 130 208445
134 23 184136
182 190 669014
187 197 721219
172 193 665245
122 88 621888
38 144 923844
43 195 611654
173 79 590217
56 210 76181
236 54 361239
191 14 130429
73 89 703179
155 58 539382
104 139 824266
54 145 631746
120 118 22935
174 185 456299
49 96 596650
231 169 181324
21 234 371660
46 197 524357
165 207 899287
220 166 544363
57 9 906240
228 189 215046
9 64 788447
220 172 421698
27 235 374357
236 206 203242
79 154 850014
23 208 170507
39 196 215928
74 153 6036
181 137 814615
244 34 805254
226 15 883516
40 165 287351
105 4 650292
204 232 136578
202 192 236683
197 198 295101
62 2 79727
2 250 139107
64 13 268929
110 12 306971
110 137 717395
11 106 41535
135 170 569788
123 238 686095
201 75 718433
227 37 445806
149 233 768279
126 166 769499
92 37 480926
80 40 696759
154 228 320429
65 248 536964
9 155 384981
182 40 799180
89 168 286308
78 103 134100
30 195 862862
192 58 522687
2 34 537
126 23 29490
46 145 93930
148 132 270687
54 182 260069
115 60 105640
7 111 657563
127 191 473823
171 134 318217
69 193 296322
211 240 777384
153 223 816096
19 203 923288
80 71 9191
125 216 116077
41 9 139060
240 183 576680
106 125 179112
1 214 62324
34 16 939631
149 207 437087
126 157 730736
36 196 272796
44 235 232442
36 153 288929
120 172 900991
219 73 989500
87 240 440720
7 199 142275
22 8 747569
233 167 63961
170 47 906839
137 34 715321
120 245 991112
42 71 284607
26 195 318645
154 68 402256
51 50 118166
51 145 399352
47 153 372777
166 34 876551
67 101 589492
107 190 972469
21 4 632589
234 23 884944
245 143 409049
222 239 714484
26 245 152522
77 126 850322
185 62 876358
164 220 736784
155 231 262136
83 141 539522
39 172 271551
117 74 972189
138 74 455235
98 112 962119
167 9 174126
109 31 510201
103 31 966501
43 104 213600
107 85 69055
120 247 847706
94 236 670355
210 122 763676
68 111 747813
215 150 733052
202 50 529999
171 92 687989
44 227 962360
56 174 309586
159 10 724646
207 112 812381
191 10 361430
192 80 803885
115 206 501682
101 232 456579
215 73 47989
60 248 168756
189 158 36796
186 37 394328
28 20 473260
16 77 777030
56 174 781182
189 40 424124
16 31 716690
19 108 779482
164 211 546502
12 58 274507
4 89 124140
130 136 440248
117 15 302582
185 245 748342
53 122 874265
231 117 60177
229 210 118090
140 101 182976
131 217 122453
106 227 116751
112 23 533267
150 234 953017
6 87 452562
176 103 328324
39 198 801127
35 189 176591
95 168 81059
24 244 768411
178 30 389419
188 60 940983
25 125 738237
134 10 618439
21 51 924707
223 149 942486
14 206 878479
11 193 994413
118 238 658122
62 52 814919
236 76 439556
110 66 887428
40 28 518745
101 140 413417
71 127 428483
197 29 581839
206 176 495967
121 7 6268
51 179 294993
138 136 310366
54 181 753226
31 5 976751
172 53 772924
7 183 271479
202 155 341494
10 218 82781
226 115 58517
238 249 253087
131 163 619261
217 109 895515
239 218 147241
57 17 618296
155 186 235403
112 224 841868
110 190 879669
57 239 13942
189 84 66662
133 16 962700
9 145 518070
57 244 408863
103 106 810756
249 163 664286
70 13 268928
86 178 475721
110 35 367645
238 114 879868
150 193 71283
155 70 752244
147 226 659258
41 51 454834
177 167 389180
177 109 536369
73 65 806306
65 73 898874
192 63 84969
80 21 860774
38 23 967936
227 92 410264
70 172 391251
233 11 55969
225 171 705935
28 97 87220
66 223 157482
236 20 949547
14 33 843596
28 207 382674
128 203 597474
13 174 679423
142 23 569012
98 180 726253
28 90 119792
89 82 228854
41 12 98437
250 239 515700
168 99 414160
36 70 227027
224 239 533904
138 71 777072
110 172 417937
153 86 280227
110 32 159327
121 161 221554
191 18 868383
48 141 72614
244 224 11781
49 235 359552
85 84 169536
217 208 748697
217 41 189743
202 100 508131
170 222 120658
193 239 596263
221 115 880431
54 101 81626
143 118 617989
189 62 6234
155 191 287758
204 225 137724
141 100 639495
234 3 438481
86 62 969274
33 20 51201
123 156 493176
44 163 783688
91 55 773471
232 64 165072
112 175 368715
62 204 13764
237 64 245187
243 198 690412
119 236 833237
35 88 790847
56 190 325619
151 95 563061
192 89 552531
236 138 393800
75 4 502158
149 11 54070
115 113 425221
192 228 7752
111 143 591183
170 108 137879
185 116 497930
110 123 203583
249 129 684796
129 172 250809
75 179 296264
20 232 699640
161 179 61178
250 249 368938
190 158 377869
173 32 442254
220 241 885476
204 122 96748
10 234 305130
217 79 33918
144 49 586560
146 75 897510
118 201 234720
165 29 900678
42 81 823511
233 109 488591
25 104 328784
199 70 222995
87 245 766440
133 83 906757
60 66 798805
129 215 451141
60 15 708355
233 179 814348
233 242 307948
119 148 562184
246 63 894592
156 184 144717
159 245 849810
171 75 957285
190 8 964315
144 177 571006
97 167 176298
91 88 530686
225 16 778875
200 119 547393
43 173 771485
150 76 290025
17 195 807241
215 204 875390
26 54 388095
115 166 933624
137 132 615107
174 91 157025
242 48 928132
119 93 132525
75 120 156146
38 153 142528
102 141 659301
24 59 298414
4 140 321060
24 94 688017
4 239 503911
216 136 809111
109 217 200336
203 232 128936
64 133 900991
233 109 350768
65 95 698123
229 49 734482
33 225 19024
13 2 668034
175 98 178997
189 234 138037
51 141 458212
164 68 41328
208 14 727809
195 157 250369
165 182 912382
206 235 866937
5 79 927984
225 34 798668
101 135 856280
85 12 590537
215 172 821494
240 232 849244
101 36 328522
168 163 179256
31 150 336103
224 84 209766
82 22 330776
234 212 524301
142 131 475204
153 27 628011
172 139 666725
50 211 44996
33 23 941105
21 182 961236
7 115 230126
181 167 392321
66 165 109802
93 8 401968
73 240 183504
23 225 8920
121 107 513883
10 177 362495
7 29 106407
45 11 318006
53 88 493920
112 20 560891
237 125 616987
95 80 729224
37 105 712613
128 232 792928
243 220 413868
164 151 625117
87 214 93086
191 238 618417
180 102 38611
240 58 739908
185 90 157115
234 8 334777
71 240 971942
107 218 961860
168 193 423536
92 165 524355
100 72 398321
11 142 760876
154 50 355664
201 48 418832
172 123 791202
136 216 901925
25 159 171143
181 37 965562
201 26 673594
50 64 746724
246 14 526696
248 116 360192
204 61 783444
246 49 21671
220 194 740747
145 238 325494
146 126 364380
202 184 903704
17 86 967322
26 22 917621
175 4 781821
201 77 941940
214 104 256975
198 244 534351
243 111 997881
123 7 880820
81 183 784381
79 250 264509
164 161 241977
236 240 507913
208 56 791591
52 57 283161
192 173 41261
114 203 219215
165 80 680539
64 8 882535
50 100 958968
225 99 302442
17 31 640647
218 166 332280
106 94 417680
123 86 906097
137 1 254786
217 100 664464
250 185 742020
100 2 361034
198 31 309686
1 37 78223
109 21 681542
240 82 673191
113 59 401963
82 214 84887
36 194 824628
3 232 804357
54 99 122879
130 79 593549
63 39 526862
3 123 461768
212 55 708952
184 22 860902
75 101 911180
153 2 689021
31 57 317114
101 33 212021
190 232 635266
149 197 786657
155 93 725221
179 224 871108
18 22 995136
207 232 934090
11 49 788183
66 32 500495
159 16 998396
172 2 48659
235 239 796373
208 236 104436
103 68 992464
138 66 674106
185 91 762613
192 212 544019
250 227 364515
227 134 6508
62 18 361154
162 11 371655
133 41 750959
34 59 983031
62 190 833247
47 126 713650
225 63 140960
175 163 244757
1 214 57655
166 247 909537
98 69 198700
165 133 769212
72 192 602716
230 31 890582
203 67 760970
174 73 879491
202 218 218041
220 5 87379
200 58 761872
100 85 923507
242 245 404000
186 150 433314
79 144 707456
29 223 767841
109 11 873153
90 170 826710
173 227 676621
153 47 923910
201 21 374631
27 124 636071
130 3 30572
41 221 456282
168 247 908345
70 96 238392
47 224 309104
148 115 323230
169 61 718962
204 108 219927
4 238 624921
182 16 606315
212 111 567706
46 152 122367
247 111 411408
227 42 101701
241 55 48167
6 249 624214
33 83 290200
77 110 538923
184 178 169655
44 212 704030
44 226 312266
128 95 982961
199 161 368975
184 207 576839
104 227 860616
241 214 763318
159 113 872321
11 138 76034
62 104 169412
12 29 805241
100 204 892915
102 219 740429
119 205 360871
32 43 328054
160 140 532073
37 218 844237
103 177 149336
98 104 917912
151 149 73150
120 108 888331
198 25 854763
191 185 902786
147 152 640364
43 29 360103
47 239 238429
105 131 730296
52 162 441826
153 163 250901
245 129 688714
95 163 492542
111 190 630127
192 227 945165
239 217 127469
44 192 225083
120 156 552125
149 245 940426
95 154 212208
205 93 106993
195 112 749081
98 196 302681
179 38 862638
37 55 758354
32 33 231141
151 138 376580
37 105 444609
223 220 723262
137 64 769349
175 239 690400
133 44 543044
217 184 926562
205 218 289960
233 26 118505
231 7 708120
185 117 502138
79 162 135530
166 182 819417
232 35 546637
228 59 626152
120 236 483502
128 85 828302
199 72 567797
94 49 210002
20 214 851164
187 133 894701
210 44 626247
110 142 809187
58 117 722763
110 9 523079
212 149 377485
55 71 887622
21 109 860185
138 39 296990
244 129 248453
93 47 422753
204 11 464937
112 31 578996
193 98 951662
75 124 959232
107 58 907344
37 225 297635
148 154 19649
209 220 291519
76 154 411366
197 143 100641
238 20 959598
235 167 486394
140 214 679861
237 165 461520
87 92 995644
92 198 693063
166 19 745586
132 136 698645
116 243 227792
8 135 894701
82 64 764289
100 7 878073
182 55 829171
204 85 980802
12 152 387882
207 125 571237
214 250 197927
213 52 230416
236 21 81033
215 203 470976
55 176 480298
99 158 483568
12 86 488950
7 102 864270
159 108 901943
206 3 486670
115 18 853316
101 210 607956
177 242 148186
45 161 33056
49 115 880785
124 123 450575
106 112 653288
132 165 187300
152 70 414896
169 20 351866
4 96 299683
15 215 214042
139 140 147568
138 154 676035
179 223 590351
2 240 32907
76 112 250344
34 7 123147
146 209 485812
144 167 201043
161 222 753958
172 112 350340
120 4 575472
185 28 742893
60 104 694269
89 194 400411
133 104 993439
159 128 510778
11 4 146613
159 17 772142
213 109 872860
126 219 172748
152 179 96616
74 143 700516
159 161 413333
93 234 638674
185 145 669914
144 110 955600
150 214 820546
222 250 201994
169 115 950544
115 56 318146
31 234 142902
70 127 209393
136 132 171747
168 228 751490
136 22 687162
121 98 856613
150 170 841489
117 134 803324
161 177 134729
230 39 446482
181 72 648430
114 156 690479
36 243 409321
157 179 365519
223 19 255314
92 185 997910
97 164 232667
100 73 949111
126 55 784213
204 169 253585
127 23 536161
112 242 792401
86 161 306147
123 241 131571
156 148 218723
179 22 536854
44 19 255303
85 8 677885
6 64 711981
193 88 321104
143 130 797719
151 13 868461
86 137 489827
227 1 882505
151 172 313716
82 170 859274
66 227 915029
35 2 537793
129 234 202727
213 202 496414
178 104 556910
115 4 879502
235 17 542859
11 16 340355
242 8 927787
86 61 180588
144 4 839669
240 37 437167
38 145 792725
173 95 248919
36 133 679194
147 136 235284
212 161 361312
203 46 716786
184 101 287410
237 177 645562
234 135 533695
202 43 861655
149 7 655271
220 211 187387
15 111 711200
5 141 715696
85 154 596113
109 97 166780
78 179 22979
238 222 637286
231 33 256231
86 216 84804
94 201 380836
213 244 806876
182 129 810151
142 157 852502
156 183 273411
95 246 34463
5 67 886452
22 47 297004
116 34 304096
77 72 643571
107 82 466499
114 103 207034
184 243 235322
228 190 832153
202 118 319579
223 185 722740
230 245 301669
88 176 577740
222 41 636293
41 112 244912
78 237 646470
131 79 572754
93 188 660664
135 46 749659
23 78 728721
117 196 800427
160 197 666992
2 224 333621
211 129 409695
202 165 137091
134 76 982822
100 36 566175
229 213 475105
50 182 982817
148 2 617795
168 116 4363
216 107 388782
164 17 443408
35 23 512570
27 204 70484
77 99 949473
73 95 867597
60 141 956603
41 28 185701
54 85 469842
5 224 315229
119 201 450746
177 229 928677
244 133 524540
5 70 423344
46 150 932414
205 128 219902
240 59 254152
35 100 273093
57 2 254476
97 205 933291
73 175 453217
129 167 567192
245 232 108704
77 103 744966
243 172 323457
81 85 976306
216 152 604974
179 22 965316
202 163 356419
20 58 935131
159 174 640445
165 137 203707
95 245 245806
22 152 626767
45 85 944338
133 214 398335
61 72 529814
141 34 809209
172 141 441523
152 235 159824
198 222 58930
224 209 910186
242 140 334779
222 122 246327
22 14 235455
121 205 374802
91 55 160369
112 120 839036
168 7 184310
226 7 779031
109 16 950918
204 88 671671
46 81 878578
203 46 633322
223 147 5625
147 143 361179
183 177 277924
235 133 156965
176 42 534953
133 35 157745
171 58 171297
80 243 177223
158 204 173281
85 245 244864
146 182 755368
48 166 93101
35 162 195320
243 27 503378
102 118 615279
82 125 49746
212 196 247086
214 62 157312
135 17 54504
185 200 773107
27 77 29947
116 80 103649
213 154 871156
97 223 939619
84 103 178660
170 198 988136
103 129 328650
163 50 453997
117 238 277664
247 8 833917
247 104 527036
190 147 255687
224 82 140761
247 187 906812
144 207 316947
75 113 218617
49 198 417387
159 54 995082
70 163 395691
169 27 797188
70 81 238841
13 6 958916
212 178 933479
180 223 508330
25 148 248405
87 24 824997
90 191 361274
202 157 622711
85 203 419553
229 9 751552
89 233 808228
243 137 327654
18 103 645029
188 32 227124
147 23 489708
72 32 689672
110 96 790541
98 54 247745
27 14 288992
115 62 907971
106 183 516123
244 92 442384
235 56 326850
161 43 499719
7 170 262217
169 163 918190
231 234 953530
32 96 189547
200 159 166501
204 113 728877
179 34 295531
25 193 102872
56 201 841406
125 88 964312
153 178 940926
200 46 438887
205 245 196100
186 249 786239
126 137 482119
17 37 743447
54 229 760282
203 96 744128
187 43 214083
114 46 845049
34 137 769490
66 151 464914
153 43 725542
188 201 809104
77 120 530219
45 239 709122
121 108 154859
95 123 956015
194 3 731116
206 48 334780
27 155 196915
51 28 776442
64 159 704843
180 157 909570
112 230 278749
151 81 839779
28 217 764271
37 107 48977
13 217 50843
90 160 457802
143 30 991041
50 220 466826
33 122 366176
56 153 946101
233 93 430090
200 86 23566
131 224 14447
70 62 352944
59 138 847617
169 58 178138
232 154 357962
30 9 395600
173 37 238514
40 12 823537
174 36 830948
162 106 77893
116 219 901365
241 71 316368
31 217 24358
105 119 74348
106 246 9322
183 87 212376
200 89 35340
66 217 936227
176 250 974428
128 55 276596
40 64 427112
220 192 147255
205 115 522597
18 20 695414
113 218 591257
45 22 857956
50 213 251823
176 141 472276
250 245 35324
177 139 652275
21 43 220919
132 223 445087
19 128 363696
72 122 957814
198 80 510793
225 122 883361
155 71 475476
78 16 428186
137 144 863322
109 162 383572
51 149 626094
90 16 643593
246 123 448397
140 139 186761
69 211 986513
200 234 262751
192 212 574691
205 163 595611
180 38 501706
137 228 157855
112 168 590910
9 64 503408
70 99 196126
181 78 287217
20 206 903389
84 128 545157
215 150 766347
35 235 481394
91 1 178836
248 139 220528
32 65 37481
91 152 973398
156 51 522202
94 208 334782
119 43 851496
122 205 641671
114 169 694321
157 51 606105
233 123 653020
212 11 632311
129 71 842892
193 37 739985
204 48 901351
161 59 450812
245 235 240829
183 215 1894
249 5 3366
111 101 918208
116 109 726915
142 218 991652
109 64 913888
143 42 392829
178 243 127080
147 21 90814
19 190 295383
118 47 380569
223 113 145553
138 237 264677
46 198 476306
177 23 578822
85 238 491834
124 136 561597
97 21 67747
180 127 690659
149 248 903811
212 77 87711
217 188 586731
174 57 734697
152 204 122850
40 13 702933
228 36 317004
134 63 838868
2 89 594661
142 145 848693
14 83 500365
63 179 301744
66 10 440889
24 119 875283
197 122 972670
173 45 96272
152 234 737973
4 212 333213
115 160 326919
8 150 568350
11 109 88167
177 189 782022
177 163 962796
225 143 100085
65 34 945493
164 143 898821
173 45 625442
218 9 343051
133 182 764296
249 9 712235
217 30 785546
87 250 592581
22 109 532760
72 133 753210
23 116 79673
28 121 810078
9 139 701575
77 227 260139
213 186 166833
118 79 876927
219 100 466325
199 144 757720
134 215 964710
75 19 55518
121 114 215782
235 6 110812
113 86 290745
97 151 583949
215 19 656943
3 181 911042
31 102 802524
243 189 344833
220 233 30270
65 74 110908
205 197 229489
167 67 167002
174 188 426139
245 52 678066
200 241 823666
125 190 817220
147 29 747248
134 111 70276
118 142 134923
118 21 214981
170 90 650557
185 235 394359
195 32 451540
68 138 433270
113 99 490867
158 23 931939
145 77 279823
131 31 477579
245 231 162071
20 249 837675
39 60 889419
203 81 692826
242 82 302664
162 44 980515
232 122 825701
218 174 616167
223 161 424817
87 220 45733
86 185 927090
51 98 373065
51 160 81940
142 237 238638
218 26 524876
121 95 556557
184 17 38133
61 184 749832
198 244 861274
24 14 476782
131 109 179611
84 20 986011
249 175 600958
8 18 424902
86 140 253278
165 101 177994
231 3 982003
146 4 745300
72 196 191026
131 139 473040
101 147 929715
221 11 733314
124 151 569215
201 205 8789
211 244 749860
121 55 847985
230 26 300143
106 237 691107
74 75 618012
122 82 45684
172 147 66938
250 77 585003
57 89 701569
11 98 535052
240 249 350633
208 80 883229
106 205 902878
1 136 955335
245 9 946759
141 150 686760
217 176 726453
55 134 956202
17 238 252734
200 6 745845
125 178 97446
76 174 222347
218 225 193614
88 38 846904
162 195 436161
96 43 32455
83 73 496833
193 112 47892
207 16 576820
112 38 138714
11 130 637268
154 93 793512
129 33 219025
159 138 369920
59 79 526905
197 101 422163
112 3 494056
122 106 854690
203 179 965537
101 246 380768
160 161 645221
198 66 74069
240 228 456467
52 106 222143
29 157 813380
191 225 547528
132 51 696484
34 245 835260
73 27 43354
9 123 523746
41 8 653506
45 84 835070
20 35 53424
155 164 662372
180 59 399703
24 249 195882
219 238 222842
117 166 959723
222 239 650749
230 100 725718
130 221 776506
153 179 800326
218 78 836511
226 35 297814
102 173 160020
202 116 984389
220 190 936486
192 108 311861
156 232 929869
72 42 238420
206 169 366007
190 144 782036
62 61 219823
8 233 215166
161 120 478247
70 130 136903
166 195 708110
182 43 104620
106 121 596349
49 222 734822
105 36 320414
182 211 304816
138 28 11281
139 39 376323
219 248 484588
234 135 517425
67 203 828211
208 136 859672
95 45 8111
216 21 813086
213 160 662786
82 191 965627
223 82 469521
245 176 37229
9 204 128471
115 142 453224
15 170 428850
28 192 762730
61 119 863311
2 46 672013
101 136 68587
231 100 675328
193 75 152237
79 60 689777
159 227 481549
119 11 137612
175 106 323562
2 244 992317
72 46 226298
61 53 316021
18 141 374392
75 156 955808
230 68 444376
202 18 390796
35 50 673621
238 137 445889
161 241 884244
48 160 183834
124 229 245567
123 5 626793
6 35 448466
159 227 228973
154 241 880568
123 70 195885
17 14 553849
175 64 155771
93 138 454238
79 178 253314
159 177 137499
202 219 88385
55 173 503780
157 79 915894
180 237 562985
247 160 59487
226 73 43596
124 141 685389
212 105 793915
233 200 82635
202 241 404375
215 243 142111
31 142 95535
6 161 838208
128 20 958771
66 246 377613
221 159 691493
248 27 197285
65 21 821574
27 30 486222
180 7 179753
181 141 657290
184 180 20415
100 146 199106
180 240 104002
109 120 227840
129 215 48818
101 226 78003
241 233 407828
161 113 168472
104 222 520260
127 168 199014
89 40 321905
56 111 471280
205 11 40756
93 146 544582
148 169 735952
111 105 753705
175 142 509770
124 89 73810
54 22 991502
141 224 228781
116 205 982631
127 130 765309
3 124 937761
179 160 505604
81 113 184288
37 135 824688
214 220 920476
125 167 860970
217 87 346915
88 161 667071
209 114 517311
41 134 695761
86 88 664156
16 58 576050
29 130 839898
1 55 145832
176 162 101147
222 67 340142
219 39 280128
4 94 635817
111 130 398679
29 141 325235
41 170 789472
176 125 317964
50 33 749298
77 185 645009
148 211 883543
7 96 903841
156 163 428735
49 74 651897
188 229 368688
119 166 121401
80 60 990243
136 235 772850
185 67 737609
149 47 545224
98 70 650594
94 13 435947
236 65 670322
33 236 205814
141 95 345976
27 97 270982
19 82 344959
233 12 794397
49 17 989743
174 179 615358
112 125 393445
114 165 277331
138 79 53699
6 216 509554
82 216 167062
45 22 455839
219 57 626925
114 227 721457
126 190 49856
245 128 761080
91 159 388731
65 59 854674
47 44 739988
143 32 890295
49 21 899648
212 214 280648
83 61 192957
60 126 682449
55 181 905271
95 185 455382
42 99 683377
191 198 274093
43 179 908280
93 89 565586
56 144 51374
102 65 233838
158 124 496073
115 12 462730
202 183 962444
105 58 180980
79 115 610874
134 155 438706
190 136 464377
98 249 353281
122 116 372677
113 231 777950
183 153 829136
157 191 776402
156 177 389747
12 185 641287
80 240 274974
193 55 395864
182 213 784152
239 18 421541
18 90 955513
1 32 762495
187 91 702000
187 181 66152
149 112 802509
211 144 305661
149 9 277990
135 174 942239
211 156 491275
203 27 378095
172 186 836598
173 231 517048
243 111 239764
92 227 76349
177 118 555234
189 14 272715
192 196 31008
130 188 634966
65 74 779464
121 161 344952
221 42 340698
223 161 316295
101 155 81173
165 56 8055
148 42 748340
138 67 157793
62 25 398684
81 208 387368
185 1 911905
193 190 259927
25 155 533110
4 101 834013
64 20 78387
208 233 165816
103 26 964196
141 226 834704
70 196 473809
243 190 96847
186 55 704555
1 212 127900
26 225 165418
54 213 644340
126 60 806730
242 30 418202
58 185 986126
202 132 67288
217 58 720967
245 173 591010
149 28 133611
206 226 498652
79 139 187116
128 18 579639
236 216 895389
250 119 433570
102 35 187621
64 206 436488
227 133 389152
198 29 46258
233 163 804252
169 234 478302
87 120 449443
184 14 283210
237 2 816642
201 54 909773
236 54 496140
73 128 628011
102 179 870490
96 113 857056
30 34 77429
58 17 518064
150 12 410732
217 152 32906
154 137 922787
173 236 486927
91 146 362516
158 215 135307
184 23 708410
44 243 84373
215 183 908971
124 49 955737
22 125 220199
93 50 713992
132 38 607603
78 109 270901
134 204 313158
157 162 695395
167 73 298343
142 198 635339
5 100 357201
9 104 386673
192 101 677049
73 199 168883
247 103 565649
237 58 602017
57 68 680768
158 35 960981
126 152 814563
192 29 242935
180 25 689592
84 174 243233
157 133 597994
30 136 528048
165 189 138670
178 194 572688
172 82 221296
135 219 667380
247 106 708001
236 76 419898
220 77 332628
42 54 621671
237 34 606658
236 113 133466
32 96 213947
85 22 488842
56 154 631898
21 203 590400
27 56 155683
7 48 331786
64 204 675489
139 10 557106
35 209 713546
229 28 292856
30 209 237249
150 176 44198
144 170 146638
86 67 828856
17 78 991710
198 59 29258
243 180 900515
19 156 964348
224 226 988826
168 215 379197
101 220 929869
8 192 451159
64 51 708039
42 223 258399
231 4 985785
184 69 862147
134 222 143889
232 196 249372
73 63 665605
60 162 419659
42 32 859390
39 221 145925
71 110 134208
7 58 846359
224 181 102406
74 66 734351
75 247 887652
58 112 388384
107 146 303517
244 231 316858
36 50 200730
54 243 221462
173 115 532893
205 135 979694
28 56 80347
15 159 830111
7 82 510149
188 207 303795
33 185 389234
57 210 717245
71 221 841777
55 224 652701
29 82 693519
42 70 667671
90 211 191995
219 207 320695
250 143 249654
223 82 314840
241 203 887418
212 60 804337
16 27 504173
145 12 275056
40 238 415599
57 92 674424
108 225 665709
163 151 782312
102 85 927832
28 223 362402
70 111 371094
132 222 75588
123 222 206023
166 67 425743
109 239 759539
32 18 831863
74 13 820211
114 69 487101
19 1 497862
22 61 781559
205 48 688775
245 114 75290
225 98 716796
126 196 811962
60 51 902954
46 47 134526
80 84 782948
63 101 275898
221 176 514666
244 71 894936
24 207 213537
105 114 851386
67 89 537277
232 84 767088
87 153 867215
238 250 282820
244 59 669098
27 156 30219
196 34 590292
34 49 769887
44 80 190928
250 166 208925
38 230 946544
131 72 80319
138 182 358905
59 74 304817
91 147 398328
48 22 69391
194 132 659936
81 125 227805
63 35 100232
166 231 808536
229 161 178540
148 171 883192
175 11 961869
78 95 882998
134 36 421601
15 48 671543
60 62 404949
74 213 86845
126 234 739748
202 221 803530
217 137 774078
166 219 180340
63 177 300587
202 26 629129
29 218 624989
175 215 199894
33 16 772475
230 103 881736
89 196 308022
90 173 395497
99 98 235992
134 60 210258
86 217 321391
25 10 365973
244 35 463194
238 18 444878
73 78 425083
52 81 929072
127 226 40459
10 242 641847
168 108 499883
186 247 970237
176 70 957873
119 91 754986
182 55 975076
48 235 595154
58 248 182552
62 214 972357
250 185 638830
84 118 634655
241 206 420120
110 245 318690
162 172 431877
115 160 388406
108 212 891970
178 214 750183
160 138 774959
20 34 9904
77 141 638801
248 193 268158
220 78 554453
86 6 800339
182 57 226334
48 216 40962
100 35 373124
89 70 341328
240 145 133461
230 207 519220
1 166 397596
225 249 876478
184 6 606215
108 10 70632
229 115 817974
63 197 990471
124 138 533384
229 173 594432
156 30 866169
90 132 742351
178 116 782791
232 93 648280
186 228 473398
5 214 661757
28 203 544459
182 135 358171
142 97 694914
142 32 526202
144 131 171512
222 59 21613
249 211 37637
101 218 258833
195 29 984800
248 226 78063
165 4 42840
217 125 346059
42 195 84670
15 247 13293
108 228 936285
82 232 2825
68 75 930313
105 106 259114
93 131 795193
214 6 979737
94 242 386179
63 170 673193
248 210 161727
229 30 384540
43 243 678205
114 95 955459
89 204 350005
145 158 264476
42 223 751704
227 90 798491
194 187 679947
18 32 382828
166 103 633103
220 82 265321
26 36 43119
226 40 853322
167 212 748874
119 91 817525
197 8 346033
42 78 810484
225 52 691169
29 197 956807
119 148 207961
213 64 761199
119 59 227390
202 129 203819
155 188 664273
73 66 585073
183 171 825131
69 231 678565
71 208 174232
102 125 829397
232 220 674922
55 40 56009
224 1 19099
54 79 430826
101 137 734602
219 144 778322
185 24 4846
5 101 317790
7 248 938826
132 225 351608
227 77 840709
11 236 360040
2 163 438954
64 177 758936
161 144 347754
211 206 348190
112 192 731894
169 149 932125
48 8 27959
172 60 793874
155 87 399195
18 21 706899
34 72 310481
204 18 604373
124 244 139010
174 217 933882
203 202 381512
28 199 42088
159 22 366718
190 136 542654
198 25 659995
196 74 563200
207 56 61724
83 26 383363
99 9 530517
35 48 860610
136 87 556116
177 104 411799
118 30 204428
69 103 2232
106 212 109693
249 24 707069
175 194 903385
132 143 489387
239 35 887374
166 215 853679
27 245 397346
128 165 860795
172 73 76662
92 122 865282
156 59 652568
22 117 716446
176 97 340733
230 64 829758
127 227 13110
139 113 943870
26 172 265192
241 81 519162
172 193 232861
139 140 572593
159 234 91605
148 241 984431
153 87 795037
31 186 979820
46 249 710025
232 200 96071
71 148 592583
128 187 745291
47 192 113531
43 186 333961
124 29 438231
10 67 523567
226 31 579968
76 8 71640
68 77 422700
246 46 904250
140 96 727982
219 154 601431
130 183 989133
238 76 679070
150 34 273872
222 194 83841
10 93 347254
122 150 293267
238 166 209290
226 125 992950
40 166 186294
172 162 124905
119 189 965881
73 48 824940
100 236 468005
29 223 200702
35 40 995711
185 53 844762
38 157 505693
186 128 648532
20 19 83118
219 98 793612
155 43 14023
145 179 892636
99 207 817751
198 33 872909
16 180 7256
225 164 24157
231 39 169785
213 40 277677
185 3 160556
181 152 838387
64 215 539238
95 1 377706
8 64 733230
234 182 645529
234 124 168210
85 80 892357
216 190 667228
126 240 322084
13 145 67749
178 196 764124
116 75 546760
131 116 175307
137 72 201419
90 125 148387
107 175 324705
232 222 412018
1 12 27408
230 186 623168
101 120 890012
139 195 449478
218 68 950420
141 174 871471
157 129 487737
36 15 968424
101 44 693743
89 29 770456
73 223 623381
29 50 91265
100 176 515289
211 98 57729
207 41 406905
181 107 584056
13 9 584434
111 238 454577
141 169 84300
55 235 925820
4 58 625254
178 231 452838
188 71 341123
94 33 653283
149 112 797831
140 97 211121
53 182 763490
200 17 831724
120 10 474673
69 131 608769
250 73 665829
88 40 891318
96 205 943851
91 102 149972
204 60 948105
109 181 106443
62 128 331443
10 117 886778
230 119 881675
88 158 294163
78 138 834184
175 152 919614
60 119 658817
143 38 88960
111 116 937292
28 213 907566
130 236 481750
200 38 249935
108 135 300907
188 176 147852
133 118 201572
140 25 651132
167 119 219938
21 79 894154
207 131 646268
200 220 662772
125 107 852973
15 62 745836
143 196 980481
201 154 221665
106 213 440582
113 134 643386
50 156 992825
166 216 42181
130 91 370359
123 61 415899
59 174 571058
26 240 645394
60 89 974010
17 152 420280
130 208 876983
64 56 29416
226 56 189694
174 220 890649
177 48 43685
196 27 92553
76 217 794509
225 17 294735
129 169 643853
145 105 463457
54 155 199078
16 30 202425
241 175 83543
191 181 531036
226 177 928415
6 141 6239
219 231 264104
213 135 136110
136 34 191422
29 187 802449
249 246 14118
9 41 724721
28 240 406676
161 166 131300
183 241 266438
5 173 212102
40 85 319970
243 23 697935
69 108 957295
214 247 702368
222 208 180645
77 230 194403
207 125 793600
195 211 887605
119 92 731349
111 204 91978
43 178 812104
33 184 26517
18 81 600365
160 200 275677
125 202 823706
143 66 955021
2 157 956400
26 172 677426
197 26 539904
23 84 80649
108 234 126122
65 205 310706
230 71 287037
155 75 479439
210 232 872884
101 10 673149
243 250 125242
47 145 444841
138 201 810546
145 80 143882
71 194 765220
218 140 829460
44 34 911181
152 138 693899
29 159 18433
24 162 294508
237 135 136054
134 146 413703
18 153 471738
184 108 648394
191 3 530708
153 94 680147
202 170 272953
159 123 953205
181 30 526845
94 22 409961
24 132 398860
135 182 548375
45 102 712517
193 234 418333
197 220 794511
185 11 826145
229 165 574165
249 225 719839
225 174 573165
61 206 495793
54 101 612705
74 172 972886
153 167 375177
185 128 727941
225 161 165822
209 175 111388
83 225 535532
231 190 576382
29 84 524472
74 166 573439
60 1 475976
75 189 946048
230 210 796888
22 237 775789
191 32 387535
27 151 463470
165 151 692164
215 205 78225
168 134 27654
2 153 905041
185 148 52083
78 154 233901
130 31 638807
49 78 596724
218 65 809712
4 188 57812
24 63 92001
245 240 251249
99 5 730571
170 240 509583
200 148 310625
139 138 282139
123 97 946822
23 51 757534
87 31 189958
26 93 758058
83 212 313815
176 98 767814
38 102 781570
107 74 957229
122 12 567133
201 192 636552
65 52 529686
240 1 624018
19 148 928380
113 137 321403
44 150 123322
37 97 262010
184 195 937719
175 126 956556
71 168 828272
238 71 447995
119 54 210834
13 3 102089
88 3 133026
64 141 723860
244 57 392698
35 152 376420
180 99 726638
173 15 468194
117 234 661141
227 69 32697
230 75 596167
135 48 564638
243 204 717781
192 42 369455
50 139 599170
1 141 456698
139 201 555367
37 127 63101
177 107 540510
85 114 340788
204 139 598093
63 59 638169
75 61 247165
68 53 176573
207 102 588270
58 248 870373
161 162 381151
212 116 402546
174 136 861393
43 42 681852
199 225 433605
109 71 610327
15 67 385077
18 158 169910
102 129 246401
242 14 77370
65 70 822408
48 146 408737
41 182 545662
150 179 258260
98 96 528303
239 193 52178
190 163 35042
118 109 68911
136 223 723714
1 153 458968
179 188 352232
49 192 580254
176 33 421757
132 231 684760
131 70 462190
170 196 200998
147 45 882710
237 26 660427
20 192 515585
62 10 837143
240 7 325308
193 241 873849
7 116 891776
132 112 294198
95 15 327466
106 141 214024
155 32 634354
54 121 827824
126 82 527609
141 211 667927
12 155 876354
70 116 896711
150 131 248548
113 188 681564
137 130 581500
133 56 530388
168 32 660399
139 129 470429
227 224 356256
243 113 912284
192 161 162653
40 188 157702
119 121 77757
143 182 485503
240 117 650640
77 101 328223
96 177 868662
93 209 469722
196 57 655899
164 227 533956
239 89 732653
185 102 828346
226 11 698836
151 104 360101
239 59 115296
112 45 308612
211 102 57066
102 72 377377
130 216 587175
192 9 194543
139 168 205485
22 140 770743
238 23 752383
147 122 177717
127 238 758042
245 147 935217
226 109 285738
149 137 862891
95 8 630958
227 47 446941
137 142 898684
2 139 759167
111 30 465257
229 164 789656
212 172 756657
120 213 904628
96 228 27293
2 193 245257
80 107 936023
125 229 146362
163 117 945350
17 58 170163
230 130 62001
58 105 990525
8 38 839476
12 184 810890
98 199 269803
219 140 69436
181 72 47381
22 237 885644
244 157 896829
4 245 557321
161 169 641030
1 50 650702
160 26 436267
90 219 451535
82 179 314512
124 69 604005
64 33 241754
203 191 191311
7 26 258738
46 35 740654
11 37 611884
97 82 510456
42 190 754234
176 121 872169
214 63 375407
124 134 945454
197 184 520706
52 180 987007
246 94 290546
37 213 690059
89 130 608417
21 186 906898
58 12 952405
230 134 669975
238 205 169325
38 197 852565
182 150 206246
64 195 740991
70 69 183766
130 153 884935
33 122 84946
115 216 322877
249 20 105820
231 161 627106
193 216 57915
45 153 155562
120 235 973521
178 144 899630
131 193 751891
16 203 819939
128 25 855125
207 32 192261
41 214 546224
45 73 948046
14 93 582276
107 77 928198
164 95 164834
134 186 146844
109 231 228271
136 99 974720
79 213 236057
3 155 356978
57 101 334668
35 197 812380
40 47 61043
143 100 490506
81 3 801312
113 15 815545
218 40 714638
172 11 740867
87 240 484635
222 169 698416
168 141 897378
162 234 996468
212 91 767334
49 139 72403
134 3 488851
62 111 739105
177 140 840975
123 35 942129
32 66 453290
196 202 680853
80 36 722811
115 208 581898
47 25 141759
74 66 89933
41 192 287370
62 205 70012
73 96 712160
152 7 953234
58 193 336509
205 55 254256
148 73 250267
144 184 521655
56 27 616735
53 160 368327
79 216 265378
105 246 376561
89 30 300410
186 143 593762
219 52 483583
145 80 615775
207 109 684465
94 29 389986
168 247 161032
197 241 900510
73 225 207278
233 94 479813
174 79 355945
109 69 770066
200 57 99692
74 133 782956
17 171 20856
184 186 852800
43 221 663488
143 1 969222
169 237 502884
178 120 817702
177 152 257160
240 126 729098
226 19 240493
9 229 931838
132 10 55167
101 23 535451
235 109 337666
47 239 173072
177 30 992557
125 162 358657
247 71 504411
133 135 121741
185 207 984662
109 117 505649
187 103 71225
103 194 782359
127 138 964568
119 130 981778
176 173 265778
152 113 139543
143 108 824270
1 40 50102
103 35 260195
129 223 739904
173 159 91111
4 188 333494
26 182 52382
133 120 206773
135 74 79606
105 60 106948
152 76 497869
37 83 962934
176 30 730841
33 98 989159
222 119 458532
214 236 719432
175 38 268530
250 97 84754
73 24 96974
107 73 752008
175 48 79418
42 45 871850
58 5 997137
243 90 387993
80 75 750680
3 62 79298
214 93 777989
137 15 783061
14 9 209035
101 1 418038
168 137 358890
187 180 448112
117 92 116788
203 26 325541
17 87 683789
16 116 143383
63 238 739767
65 31 440509
166 170 375552
231 114 983971
22 49 271594
84 14 191025
132 141 9542
56 140 168619
2 230 937599
88 77 153997
59 151 398450
120 131 185710
102 155 38029
42 82 291127
189 203 771413
74 208 43267
117 153 969856
170 97 3754
23 104 827739
86 36 601465
56 247 539519
52 103 944837
69 161 801634
166 63 78747
151 113 848399
44 78 949827
129 156 989779
86 151 450594
52 137 862991
196 161 288085
157 234 849916
16 135 422341
158 2 767286
55 48 42353
168 235 909349
186 62 751048
186 203 11977
85 105 569574
162 122 938218
22 103 261020
130 65 61543
150 137 815478
239 69 637447
74 76 216682
201 163 697772
79 37 218254
54 139 393154
93 45 121580
151 35 730424
150 242 394429
65 68 156736
195 177 82947
85 15 626011
156 102 14198
93 158 560121
85 95 879436
164 208 179883
203 247 836756
166 201 513501
161 129 685538
248 187 949270
222 93 22160
193 206 920433
154 37 959397
52 241 104263
56 21 205257
204 212 475639
125 117 428260
80 208 340605
74 41 449937
155 231 448930
36 113 437461
119 211 508163
204 22 75901
54 152 670464
87 93 983319
71 177 787038
136 73 55304
181 106 587279
76 54 361089
170 138 313778
71 9 405463
187 183 444628
203 1 318194
51 106 734215
159 85 144779
177 145 273955
59 17 683601
140 166 466190
153 96 149831
222 70 497051
68 86 26060
5 127 900482
95 232 104853
147 143 816848
32 206 885601
23 174 119314
222 150 108493
172 186 838586
160 148 199338
99 170 171484
195 39 83306
41 58 754371
28 203 591517
31 172 29600
228 191 922407
201 93 187037
114 94 33643
181 17 362933
99 249 499463
158 44 706147
163 176 940299
48 84 377508
59 60 190551
155 174 861320
132 239 39328
89 212 121154
54 223 945428
8 69 879017
237 109 263844
114 141 986035
19 124 379986
91 135 43611
184 144 203293
187 98 811496
21 102 522909
35 179 527241
126 227 141409
28 147 218950
164 202 634504
150 245 765241
150 45 239903
98 141 666219
153 78 453797
153 179 373659
53 219 916856
245 111 79765
148 84 551478
141 142 374444
41 241 423315
191 104 177777
173 199 736352
135 191 137073
125 45 40616
188 234 865003
63 196 181271
194 81 732381
103 197 167508
211 178 708186
85 57 365652
167 31 378018
119 189 820714
82 192 988281
215 89 889691
61 55 403741
25 74 157430
189 168 965402
147 80 886697
31 55 285815
238 32 632171
55 155 519927
156 36 435123
211 131 481476
190 99 254761
128 36 265490
186 225 623354
145 250 98021
157 179 790004
201 77 583399
9 149 148387
92 68 142258
15 144 886640
81 147 236592
208 88 395075
180 101 577398
2 157 658695
71 45 564082
4 161 10399
225 74 60238
25 160 994859
65 235 434595
240 33 817304
175 129 465231
26 100 183232
220 178 297140
99 233 155321
242 185 679707
105 198 682683
20 177 194757
98 93 455355
247 102 566527
84 159 399652
72 227 16483
64 230 494043
142 196 58926
5 198 318661
241 221 659594
69 245 692653
182 219 228268
15 76 422714
196 176 245762
195 180 395746
118 151 424325
228 53 25452
75 96 925608
238 150 193
15 36 944655
123 245 804418
74 200 491738
49 225 681189
230 219 652816
17 181 312872
230 59 815823
154 247 393889
17 98 97761
118 71 207644
237 189 510443
40 147 270191
218 124 145044
134 162 22894
177 210 792473
62 183 397551
119 184 459438
211 216 939228
147 41 704459
218 177 121640
20 105 172739
48 46 909069
86 158 789065
113 105 169113
193 209 627257
169 68 341331
114 35 583598
221 203 73233
115 46 598588
147 207 307559
140 47 478832
166 231 508546
141 230 572393
36 26 368984
122 150 120882
150 76 157449
166 145 487175
219 38 422682
60 85 543005
137 143 208857
247 199 458658
195 39 810061
75 38 671717
66 246 187852
196 41 189646
185 159 662154
81 240 295853
20 48 961139
17 133 730649
210 108 12252
83 7 479128
11 182 902858
68 165 641705
202 246 909251
170 50 480055
109 195 912625
110 92 31283
90 29 707688
174 197 817579
128 152 900198
203 116 89128
19 172 663051
223 148 760643
125 161 26137
178 219 444469
158 196 724269
230 80 484901
39 176 35964
72 1 878354
239 3 579775
54 2 235700
150 121 863369
29 2 594249
5 133 378058
239 68 732569
13 82 942623
23 2 542068
217 37 795924
235 232 105083
32 103 270093
207 133 310231
116 49 190094
33 162 72947
219 15 810071
80 31 882599
206 156 507998
178 189 72617
155 29 965643
137 36 809719
229 191 485293
125 99 755922
70 156 392294
23 175 767215
9 117 273324
60 23 583827
35 95 515628
10 24 275664
210 221 913920
132 163 762303
120 2 474703
118 125 753397
71 212 895081
138 94 78284
8 141 727340
185 214 189763
77 16 305923
142 230 564757
191 233 461942
47 64 846355
166 227 363988
58 75 58951
49 80 872002
13 82 457202
217 203 267489
161 18 539772
4 221 997336
156 183 452096
144 50 88056
121 75 580001
236 9 608849
131 92 96425
213 166 860208
75 196 127430
79 134 17222
122 106 229353
31 247 802353
179 52 94771
153 70 867498
87 156 921780
71 237 541456
236 191 601248
118 45 885932
230 188 746464
65 177 722612
162 71 396802
145 38 232380
158 27 470993
250 64 964197
91 166 338482
111 37 714628
64 67 43923
209 245 728145
154 238 988227
37 207 957187
177 97 857624
201 229 495990
31 47 446803
46 65 524321
183 65 759066
38 156 969419
133 92 916283
44 92 500873
96 180 534779
144 238 69079
20 7 166920
220 235 598963
142 34 985028
83 48 619936
117 41 641812
132 166 807600
59 45 913114
243 17 254071
77 45 564788
155 154 555838
100 168 567883
231 201 301312
207 153 202240
221 120 486118
233 131 808368
162 110 581975
2 95 485420
76 1 174740
66 190 618546
233 156 396610
33 80 939983
181 194 524780
6 103 155756
61 122 941295
34 149 856037
133 101 211051
197 128 220934
59 49 829295
32 213 824851
39 162 769471
206 214 84378
197 87 462130
170 235 588447
23 201 367937
15 211 835614
231 1 585840
107 36 82198
237 97 650841
9 211 664267
20 127 538811
10 114 574352
86 190 425960
70 191 344448
55 50 562658
137 204 210763
119 127 787582
135 82 638555
148 73 722556
80 228 110216
191 172 566925
199 49 931393
139 104 65809
144 250 718776
59 106 275555
57 164 880768
41 221 896589
68 66 347824
151 175 838712
214 221 233148
182 43 814963
159 115 887585
73 75 896093
117 92 691975
89 177 602219
7 14 996758
124 222 210405
86 27 976406
