300 1000 300
10 111 248132
89 3 594922
15 82 432814
116 80 113606
217 99 480986
187 179 402478
209 264 986897
256 242 123653
133 295 8236
117 264 428214
124 89 981454
81 148 668368
204 288 282104
297 216 456548
53 135 221506
191 29 177797
3 193 855154
9 60 295450
237 139 277693
272 117 319112
65 225 314842
19 95 632948
245 62 719249
192 213 898476
102 208 27514
91 255 701424
146 240 943534
80 242 35147
266 127 15791
103 90 861333
297 192 829551
196 122 46387
150 40 503935
199 286 956555
52 70 836604
168 202 227918
119 27 829340
209 99 782781
155 179 794569
26 50 802085
33 27 711667
272 91 967563
68 200 62220
293 54 833401
93 113 85290
258 235 275372
245 233 260589
209 150 421331
284 183 295136
69 99 983051
206 286 744877
213 94 701338
147 182 516757
287 85 439819
216 76 672394
252 265 898703
171 217 21138
81 209 209442
234 83 304448
111 209 104257
152 144 811748
103 27 629753
36 258 75491
52 223 157571
117 261 428052
89 282 919654
247 253 830892
2 88 690397
234 125 838943
118 156 727595
145 248 797906
158 214 199577
129 238 249395
233 118 218241
109 72 379044
87 126 735177
85 16 271471
253 17 905757
117 297 813917
231 274 861643
186 72 863698
160 80 8595
296 133 457705
37 236 166591
132 267 360979
174 104 628963
166 143 44039
179 93 555985
158 232 975467
291 175 720956
94 282 595236
116 2 767593
200 69 748052
43 112 165250
16 84 386919
100 284 522333
77 222 546832
87 43 923673
232 233 557833
204 234 904212
44 18 657052
80 6 699220
256 166 957019
120 258 470661
69 285 759185
46 97 786043
215 229 384132
97 267 66669
3 133 577497
86 173 325451
213 115 801210
174 84 314775
160 38 343794
204 183 267644
260 131 484647
72 275 825151
127 145 35989
218 286 786773
291 217 877288
135 282 330837
99 192 284412
268 213 426268
55 61 182661
209 277 975412
91 142 861501
237 107 698243
262 141 864727
263 192 862759
98 7 339423
59 296 553406
191 228 51017
207 4 552367
251 245 598452
250 114 722908
44 272 989828
247 88 258705
38 182 701047
137 265 874693
61 252 269854
154 9 394928
214 127 359562
251 33 395745
168 53 657506
295 282 825418
246 300 147420
103 89 812125
279 254 605258
237 243 264587
36 200 595863
209 58 241895
212 127 39666
66 294 175288
19 87 293643
242 203 519000
29 203 426587
228 238 222611
231 76 602556
263 159 463616
64 288 903159
24 211 359897
61 224 826276
225 286 794795
242 241 862869
146 72 495371
204 2 83882
207 265 78070
70 234 909300
255 281 554043
268 136 1488
245 158 664048
176 200 338836
284 198 470181
61 187 909459
227 67 17475
287 186 707853
299 26 322344
297 191 529331
164 165 641329
68 179 659066
57 79 334153
236 42 222281
174 240 101040
65 114 754044
115 77 510069
111 63 596339
216 300 839121
193 222 965175
146 200 32665
111 148 327287
241 298 771320
3 41 555922
72 199 354370
179 105 285406
97 63 633061
118 62 366911
187 280 57097
67 23 525239
157 172 643421
102 152 73358
180 143 8429
129 244 199322
262 122 830097
49 172 442323
159 177 350535
128 226 407892
98 265 303485
127 264 755482
291 248 240919
13 54 804040
78 288 204721
37 112 526088
269 16 461396
197 101 162169
86 292 114439
187 236 158160
203 165 157547
14 215 679450
240 236 157660
44 166 131025
64 86 28810
212 65 180350
121 218 179926
82 20 219098
297 284 331144
73 243 743636
92 17 748363
188 283 993956
254 29 948237
111 3 971104
283 225 903120
243 198 407377
118 32 474599
76 1 843766
117 194 319722
42 70 419133
150 263 786912
140 89 812384
287 64 464488
104 280 101388
10 88 275023
59 148 94117
273 168 499293
296 136 654989
78 4 780692
105 52 880854
36 193 164418
63 115 437114
184 177 454387
8 93 423893
134 297 231843
1 3 869935
98 274 435153
57 234 331631
73 34 795552
248 285 372818
24 259 754250
236 98 210809
205 62 417200
4 265 334300
175 260 394825
42 190 630545
150 75 44220
33 215 620085
29 125 931715
87 183 721306
158 204 976135
16 64 233936
126 257 756909
1 28 800222
190 5 731984
273 132 200541
203 75 676909
62 32 291937
166 197 305204
62 83 398055
186 202 113076
98 22 487005
265 165 165483
218 119 680788
238 166 637503
10 279 264544
227 103 887019
287 119 163979
13 149 130524
199 276 505247
260 267 761116
27 224 528072
50 36 499181
256 282 970510
274 88 653260
176 272 622481
254 179 732359
148 229 282316
157 70 691821
264 233 490440
164 74 238552
66 175 65653
83 6 577832
129 67 304836
177 35 333984
8 91 159797
117 53 788946
222 67 257352
115 235 893325
149 41 566430
41 103 8522
32 281 246953
31 165 922354
57 129 11659
212 53 579657
42 28 615488
197 179 832204
260 266 903710
187 234 471305
242 154 781585
270 126 995530
48 209 276649
203 268 759244
143 80 452257
185 168 404253
80 230 922277
193 190 202736
172 159 264946
271 277 713563
171 19 110156
9 284 334061
200 110 548866
54 266 652936
183 179 189125
185 129 223628
232 210 17468
49 154 417434
42 195 317866
138 280 175092
291 185 529888
295 149 466450
247 261 414789
197 124 878705
184 132 266915
24 136 98756
101 113 829550
106 199 946249
135 190 215001
227 199 3579
212 233 355824
196 168 355909
64 282 837630
196 260 678275
123 183 387178
54 288 395473
77 120 878931
73 261 943152
79 110 922847
105 190 731379
160 196 673816
170 125 829322
56 15 479204
21 254 372046
210 238 919005
101 225 744598
282 187 83416
228 219 769167
82 281 112588
236 177 790987
207 279 580639
71 194 530683
84 70 632052
73 25 987173
21 226 345164
24 70 123523
15 28 263428
201 183 604357
268 62 745826
177 284 379398
161 170 497821
161 104 788162
289 58 391285
52 285 259977
115 73 649812
57 5 583027
236 204 22915
143 112 721964
47 132 845098
87 93 95952
89 219 595502
272 226 422878
288 179 540741
39 257 249179
182 97 809227
97 209 926657
1 31 902763
86 161 828601
286 276 18735
221 132 361442
260 251 220253
116 64 345440
254 211 347445
10 73 978266
218 217 732037
280 163 211858
20 48 445959
291 93 8443
300 105 134734
220 274 544353
77 113 459196
15 130 86216
119 253 984946
77 173 205147
94 76 220611
97 288 39967
91 132 966027
105 294 618585
229 61 995762
223 224 730869
213 19 700274
218 128 183472
7 177 181166
219 77 876724
265 195 610430
120 247 140597
259 264 764882
218 295 93117
121 279 854866
67 198 962527
69 253 652565
119 144 679968
9 238 352678
127 68 561576
259 100 70135
267 84 888077
129 99 359667
293 245 574530
278 174 181037
126 145 741756
198 83 36586
219 79 842571
258 26 253945
135 29 329949
285 263 960577
191 79 303524
196 51 880297
288 269 84375
31 293 30260
297 284 438581
5 140 52393
32 296 77674
251 188 480783
149 14 557766
242 215 753996
146 39 530009
192 234 851915
268 115 329775
24 296 704642
77 232 428900
233 204 485168
199 59 994099
179 69 805317
274 298 536381
278 286 447428
179 11 974411
216 214 815370
103 158 904247
273 53 960166
115 253 273018
76 265 522013
82 54 281447
6 128 731693
33 107 820190
291 235 399173
265 170 501609
21 89 374286
162 267 406776
86 142 133454
176 292 465668
214 199 153709
237 175 643229
71 222 702879
81 90 620923
102 182 531313
16 4 344809
291 215 939917
127 169 65807
172 287 843497
212 80 509687
270 112 34641
47 2 380577
263 111 766962
58 69 155979
107 268 573106
282 226 374128
167 229 737617
167 166 951201
2 22 592220
124 19 499436
280 62 799557
115 188 785654
157 51 78982
10 134 161901
227 171 426129
105 106 61693
147 296 768679
88 171 508040
20 155 108436
126 219 118889
111 292 664236
147 109 224599
268 279 332365
88 276 167835
187 140 903910
140 155 697508
88 238 195626
197 134 228861
113 36 537647
71 248 229485
70 116 731060
131 107 111921
227 55 798053
111 71 543107
109 258 133850
224 159 69869
224 164 492186
269 139 474704
176 185 818200
266 216 500967
204 236 222042
183 145 581691
162 68 16471
64 147 636487
148 140 584473
25 131 587262
189 94 450983
212 40 49228
142 250 23954
113 219 68456
35 140 386971
35 190 708661
226 184 528148
91 280 385496
59 225 308641
25 161 462834
3 39 84335
242 190 53032
243 111 774611
31 208 998277
151 152 674794
114 50 173864
87 215 643257
128 208 316491
236 209 597338
81 85 252466
89 111 124425
151 168 290320
160 112 603714
190 134 70376
163 147 319297
11 88 924705
9 200 312834
246 151 653617
147 78 391235
263 288 194229
278 44 391865
83 124 911370
199 257 256360
221 118 947311
200 26 950132
272 52 516857
81 267 985002
39 5 155304
114 217 599252
142 269 683333
204 41 494643
122 3 316709
257 110 843575
163 258 191307
108 95 84700
32 224 67322
99 168 352659
99 110 765027
49 288 493153
156 22 343088
168 122 759978
106 173 339169
55 269 956938
254 83 951546
188 201 529527
268 9 519321
212 64 528291
131 217 136229
280 285 617847
81 150 486717
94 103 23770
226 232 333621
205 34 615701
158 198 291716
277 219 143769
32 87 381922
47 273 458965
259 130 935100
78 77 339581
54 296 258188
166 137 973683
164 28 30622
80 130 468410
101 105 21903
107 97 31721
154 290 479848
203 99 707715
203 68 137219
106 297 666780
115 38 780850
71 106 637713
167 1 407675
258 214 538827
242 21 992128
102 218 899036
82 267 353799
176 47 262218
165 121 576761
249 209 919372
80 292 495378
110 10 899156
100 151 183215
191 200 895831
104 156 90490
282 217 33897
236 161 523788
277 49 3703
81 296 35671
7 237 482563
87 164 473203
256 110 855495
165 118 470952
246 91 460067
126 71 30922
263 118 377342
23 137 832333
258 182 268129
216 230 609930
166 203 681350
139 218 416143
216 130 949275
160 10 42824
206 20 346434
14 75 622899
54 236 56872
109 173 513685
168 20 760276
188 246 656682
218 13 101954
292 211 538217
160 5 657334
244 224 854690
196 88 446385
89 14 600238
189 49 725501
269 205 651658
125 285 640865
85 157 981411
231 286 467777
227 92 525312
4 245 154574
239 161 956867
185 265 164132
239 222 893903
100 182 303163
148 19 650953
220 195 380246
276 191 309967
57 24 964241
55 249 842182
154 290 212574
259 289 304511
45 284 196531
129 234 314006
218 114 547521
212 150 515116
236 85 804270
3 194 392945
98 137 504293
257 178 595041
137 212 255053
227 235 315622
247 220 415579
240 295 358524
233 99 429579
194 140 999439
13 55 787724
289 227 41638
261 76 241482
202 115 509841
278 293 780189
233 278 922213
140 190 287524
62 33 450442
208 20 570171
201 166 410367
111 197 361776
97 287 95753
291 223 683158
117 44 24163
188 29 747558
184 226 329270
282 37 202684
6 42 382258
61 129 128469
88 296 230433
208 294 932586
278 204 750922
96 273 745470
176 201 173602
213 270 986717
214 150 52592
232 174 271037
177 179 159152
259 92 118198
162 255 208627
214 3 443204
289 142 688878
77 122 715254
147 226 552696
197 72 25526
108 283 251196
77 120 867658
263 119 125500
281 77 136864
205 271 769709
231 16 390746
291 233 256314
192 95 467517
4 177 609197
60 275 896747
119 218 201564
251 63 195170
73 58 251262
171 178 395044
248 287 659190
175 88 998138
27 104 284780
94 248 806267
286 231 675699
128 72 280827
24 7 52531
126 130 197597
64 17 934215
155 247 599851
92 66 513611
96 66 229683
282 170 9538
27 111 44962
152 252 87611
190 118 700069
91 19 84799
261 264 128610
271 282 36023
50 177 442049
39 147 218435
178 111 384990
130 140 343804
9 105 963481
238 58 99106
199 64 946129
60 190 38153
70 279 771488
265 49 925341
203 168 474655
177 236 770213
292 35 145995
177 252 475307
135 155 603660
173 293 449935
106 241 85258
166 206 19736
98 162 135196
104 14 433883
230 189 913790
156 279 140714
207 226 213683
251 225 513672
81 49 969704
252 56 532424
148 193 598845
14 100 82333
189 12 49149
239 204 181479
143 159 507338
176 100 276770
228 17 721165
2 154 623122
58 22 445620
101 113 311942
197 184 544381
132 168 999757
89 189 149450
262 93 102138
172 5 738171
76 38 832522
272 152 632204
154 17 433793
241 1 289961
62 252 599450
267 14 839450
122 8 330778
190 195 335374
58 177 971910
18 114 540375
285 249 896785
75 69 865474
33 213 444534
5 85 730060
264 28 653520
281 266 917625
205 5 536648
209 50 336085
111 43 532410
300 20 140452
68 79 194182
154 268 84858
146 290 885812
145 52 82992
264 201 457155
148 56 647163
204 290 279309
243 256 952114
141 117 795073
151 236 450127
223 130 70842
294 273 631053
202 189 352505
68 21 990931
242 295 38021
30 270 980405
254 176 349727
232 101 325953
251 18 264987
98 202 807095
14 289 794647
199 298 519716
56 206 402960
232 84 207570
278 52 835162
119 57 568406
200 111 824895
63 23 921375
153 119 741914
43 182 921278
205 6 140413
163 135 40237
298 201 355662
96 252 765133
98 114 565633
263 108 266992
225 176 523143
298 223 578706
163 123 768420
84 281 119614
86 32 26876
48 141 93808
267 126 875390
254 56 501686
63 181 552257
40 213 697183
49 186 887591
152 12 389949
180 14 785616
245 159 729207
180 80 854103
16 159 805568
206 18 937273
2 76 229715
179 155 162112
66 116 626251
7 88 920072
226 262 106793
232 111 321182
243 106 429792
128 28 979786
300 119 900455
280 77 873842
100 80 838188
31 223 466626
16 207 640631
270 15 851935
272 65 922510
114 56 466384
166 114 139790
35 68 992411
91 48 662549
30 140 224971
202 221 667557
75 100 116069
134 85 929674
22 241 570562
32 36 711586
54 33 117311
187 8 950708
139 95 921120
44 33 135751
181 92 226779
5 85 847884
262 51 457941
120 84 764141
174 215 286931
94 201 6493
91 56 615659
122 252 266857
114 158 276190
136 199 559297
34 182 191756
282 135 883841
49 181 764951
97 289 739885
25 105 338875
256 48 914288
36 222 658023
300 207 298819
272 299 669836
284 196 533865
137 163 184761
74 109 727784
177 242 898633
111 45 577949
176 282 736858
207 15 245309
288 25 127494
186 204 660615
296 30 336942
50 59 380676
156 151 316458
253 244 649797
186 34 256313
263 144 731659
77 84 163889
71 75 797795
167 264 483819
77 191 745096
295 109 248605
272 226 391521
95 135 450187
136 208 979068
209 246 503823
230 53 396925
223 25 872456
20 48 438897
51 107 109589
115 125 574474
5 240 365903
233 46 44589
45 283 766686
17 163 955110
109 163 571080
291 50 274000
275 249 611616
8 94 929299
173 292 117540
272 142 132787
206 246 663472
119 252 878660
280 253 675202
250 72 189363
53 265 422115
95 102 584954
145 173 779851
32 93 457055
233 183 163323
123 298 839354
142 158 805744
256 60 512484
27 228 735804
221 190 362270
33 250 732640
216 183 949052
208 271 517369
62 66 499741
276 173 532638
118 17 728673
232 248 579851
191 175 853322
134 17 748467
200 67 569167
193 35 875635
124 268 458472
18 140 989886
204 19 179919
230 209 899355
10 300 299367
115 46 240280
24 268 688693
281 252 218537
122 97 484595
254 263 405700
18 129 465460
129 271 50763
132 182 383386
259 254 355399
245 56 411580
70 187 399522
119 265 727616
72 23 24441
208 121 451860
128 140 731346
220 113 1457
91 118 5399
245 289 6177
59 34 8170
200 241 523
52 229 9934
24 213 4648
295 12 9178
113 148 694
107 177 4448
205 77 1177
70 240 683
285 275 3824
192 166 9756
11 258 8362
48 39 2168
39 137 6648
183 253 902
231 50 9878
66 115 5804
271 39 5020
37 97 7550
104 51 2518
30 255 6192
134 271 2635
213 201 6450
216 7 9447
55 86 7875
213 16 4329
211 56 1865
226 283 4223
62 189 2226
254 295 5305
38 183 6737
112 27 6188
155 280 3515
58 253 2011
152 81 5897
223 83 4663
77 294 7398
48 296 5410
166 204 3523
16 190 1223
235 183 5373
123 188 7833
257 56 2268
70 210 8253
149 187 9011
152 163 8400
94 278 3645
248 80 8905
71 226 8837
107 4 7603
299 15 7787
31 188 5346
289 195 809
60 275 5736
23 12 6657
1 150 9320
93 107 3404
9 186 4982
240 266 6055
175 12 7478
102 222 1463
144 123 1975
109 16 6640
263 299 8984
18 244 9116
240 3 5061
250 183 9262
286 91 2345
4 161 7377
278 281 3665
278 23 2589
182 288 6869
147 21 4932
291 192 9296
143 85 9896
152 100 40
69 48 8850
49 147 2182
59 237 5193
5 150 7997
131 56 1055
193 220 5980
150 201 4786
62 46 7344
131 298 4743
220 103 7831
140 224 8216
296 297 9511
200 135 1033
223 244 1901
84 5 7208
238 78 7667
16 186 8729
60 78 6477
132 188 54
199 279 3374
169 265 1940
45 289 4205
250 64 1566
27 42 2261
175 230 378
146 82 9834
60 110 6699
199 32 7255
111 149 4680
149 271 1036
55 14 7088
281 291 5526
47 24 8897
101 290 2686
292 238 1124
66 147 2423
240 93 1608
133 26 6504
257 288 9712
110 205 6070
198 77 206
258 298 2507
13 134 106
229 58 2798
251 237 1481
163 263 2476
183 123 6840
154 296 4273
43 152 1081
84 238 5057
96 186 7114
216 166 86
92 75 1940
32 25 2811
239 296 21
15 124 6662
21 250 2989
54 250 6885
170 63 8659
2 169 8033
83 186 5389
171 31 281
293 153 6744
294 214 5097
226 218 8033
124 257 4901
20 300 7004
299 48 4008
189 290 4197
129 168 8675
258 128 7991
67 54 7758
247 212 996
167 49 8984
131 162 4080
24 93 1659
211 165 5111
59 163 6855
134 102 1470
225 222 7611
300 128 8837
197 40 4781
183 276 6767
133 230 7130
265 118 4635
142 10 1082
201 295 7819
235 95 3104
217 224 5401
104 39 6935
9 57 5891
99 199 1652
269 54 6452
166 259 5626
56 225 9457
170 36 3593
218 224 9007
65 201 4958
234 200 7440
106 282 4734
112 266 4239
109 29 2406
227 156 2467
201 71 944
281 229 3601
22 202 6026
90 84 768
167 179 9419
62 12 5949
171 103 797
5 272 7412
118 111 9502
33 175 5813
65 103 6928
125 158 14
130 208 9877
5 258 7941
115 118 10000
235 299 3998
151 47 5116
237 115 9065
218 35 9207
27 126 4610
236 112 1934
54 262 9753
221 69 2682
238 56 7296
49 162 3471
201 151 8512
42 110 9355
225 2 5048
191 154 109
49 238 5748
186 292 7961
160 186 9143
272 18 5472
110 140 6283
38 58 2390
195 284 3804
206 64 2149
32 183 9742
132 49 7831
93 286 7822
193 53 6864
249 295 3821
261 283 2278
236 71 6576
32 99 290
17 35 3626
262 201 4767
205 213 7647
171 300 4301
61 258 8838
153 84 1669
182 79 3405
105 164 8131
2 44 7463
34 157 2404
261 190 9510
105 116 9531
237 145 9050
179 53 2341
262 14 2010
77 164 9938
139 199 2421
67 129 4828
16 218 4517
140 201 2335
82 177 338
53 277 9490
94 29 6478
101 138 1856
25 35 5005
73 56 1882
159 142 8201
250 69 9791
89 114 423
157 166 3669
205 127 8536
178 278 6961
290 175 6611
29 65 6043
19 291 29
62 97 5833
276 148 1732
155 295 2341
216 139 3671
254 31 1564
114 148 1420
43 22 8819
50 143 1239
138 93 3161
33 23 4379
135 37 3471
48 275 5189
175 28 2323
183 61 2415
86 43 9180
155 149 6203
235 187 5274
138 221 1511
4 33 9470
70 166 7798
167 31 4738
101 131 2081
195 235 1369
124 272 9347
42 218 3639
294 178 5569
57 88 3033
236 9 1555
172 167 4625
279 143 4138
12 173 7939
235 100 8383
7 229 6519
46 190 8845
62 5 3981
21 15 8086
212 144 132
177 26 6065
