200 300 300
176 116 500607
90 115 741012
170 151 808528
185 197 585654
151 90 895420
44 130 367463
68 22 777244
29 15 898964
9 4 493217
109 118 233733
145 2 213047
76 57 416165
121 8 108749
6 54 628082
55 117 472969
59 82 348980
141 89 176013
179 63 343505
175 99 449889
108 192 412247
139 160 263002
14 168 657208
185 33 451484
15 120 660133
81 8 241509
27 200 765340
180 100 156158
116 115 850289
143 163 537371
171 38 759381
174 49 593258
86 70 363300
54 39 455601
173 90 524330
93 48 883115
185 104 272159
165 65 767062
121 164 554133
118 181 229206
68 160 982992
192 195 434491
41 77 618032
129 142 160103
191 48 280885
21 119 224256
148 177 397589
68 63 47288
135 137 356568
137 193 989083
63 31 470647
188 196 390461
104 169 940125
53 62 228455
80 78 464030
114 106 812957
186 70 903549
154 3 61265
52 172 115325
173 150 257807
167 174 896962
37 182 308664
69 8 131792
99 158 390103
90 13 498976
111 22 588444
24 133 783838
119 79 918418
184 166 993768
28 101 380969
137 122 926358
159 162 71783
106 170 442813
176 107 75398
190 26 199165
102 58 833826
21 31 962458
181 94 752253
46 116 502452
104 199 455389
100 19 25925
145 62 450978
98 47 218548
139 149 910096
45 10 539786
124 94 307088
95 87 855226
154 103 125857
22 185 448258
69 160 53690
69 15 390225
118 88 46409
74 89 718978
125 84 901144
61 96 822505
77 130 525817
5 161 66510
125 20 864967
50 37 834106
61 146 419174
30 59 958016
21 37 675639
147 177 989435
176 147 912475
93 73 948790
111 85 846278
69 60 212105
50 53 400479
87 132 167065
74 94 784363
105 66 424512
144 8 875446
161 126 765539
10 180 905196
28 95 78457
134 141 389045
131 20 215883
48 63 738936
125 42 336327
70 48 830039
113 143 478882
148 162 4818
40 62 150249
137 40 564091
135 116 103639
27 158 324116
41 68 464820
157 9 557188
13 24 949717
89 194 820620
135 104 545111
65 155 132212
138 49 378247
1 79 197369
169 129 5395
119 63 674152
56 24 753602
83 139 44521
139 66 925268
114 45 296201
138 89 442827
96 38 910412
14 39 61776
32 37 69767
86 56 628612
75 43 547388
163 182 77084
98 168 48413
23 138 360918
83 13 994753
112 197 364023
59 41 723028
143 157 684538
169 153 646085
153 41 15444
173 41 292320
58 140 472373
117 34 440631
198 55 261339
22 71 633916
60 155 320137
77 133 19611
172 126 105355
144 85 564097
91 90 376178
39 171 555699
154 22 729568
7 89 589545
43 174 261333
129 2 444714
155 159 524471
164 61 751844
146 76 21168
169 124 242329
42 138 224391
139 123 10627
90 53 93074
3 151 769033
35 152 366268
95 108 469030
98 135 657050
152 135 584150
158 11 87264
181 158 144748
89 17 261265
180 89 957557
70 9 946578
61 81 148599
34 125 193009
42 52 34867
6 83 178365
8 192 632736
199 79 345458
143 15 166030
137 152 423522
191 140 941761
106 127 652386
64 119 919631
72 95 411375
153 141 940093
23 48 8214
150 92 831995
95 39 270562
102 41 355253
106 127 125876
91 122 340590
96 174 539133
104 41 458851
85 195 206207
20 176 60298
177 71 973414
118 196 59159
117 180 802243
166 73 684078
121 57 685545
82 20 362594
196 156 186848
196 77 107056
45 120 333528
130 150 946855
98 141 995929
159 67 568214
15 142 433779
64 189 905579
94 126 710819
194 6 257307
118 38 367850
200 110 44890
40 184 312510
23 149 972190
177 45 408030
135 23 35508
137 73 663220
180 111 422977
35 188 591144
41 97 912882
165 190 820427
28 55 341545
99 57 771042
183 186 76665
62 34 26948
128 37 778211
111 136 99797
164 137 274886
5 18 6545
65 79 477972
115 143 698808
12 174 915219
2 115 235621
94 137 516944
178 22 797259
187 124 821478
192 23 39416
181 120 128637
41 113 26445
187 80 533543
16 29 233887
84 65 414107
191 16 263269
120 89 718522
14 198 824796
4 59 52271
30 35 508757
182 45 566075
95 170 885168
119 66 314614
137 178 187976
21 46 850800
29 34 171169
199 108 157950
82 79 28446
35 65 228057
188 191 720701
182 52 763650
79 117 502127
53 25 456866
75 28 802909
100 40 468222
32 60 204964
115 17 734796
76 194 534390
154 75 209828
85 91 495543
178 110 330807
183 10 992977
9 194 90655
8 78 219261
115 196 255909
41 175 26583
140 191 699998
130 154 686848
84 62 685438
26 196 813597
136 113 862829
154 36 64211
14 98 598688
99 40 354984
189 115 449144
51 130 649855
128 14 456260
127 185 151702
173 161 547503
110 146 364973
116 63 755468
127 124 298685
140 10 369017
106 195 805067
74 13 780474
66 93 501270
181 79 645583
12 102 407291
138 40 976681
23 62 338906
116 147 556271
53 69 446109
149 53 233590
127 2 219551
192 141 323869
34 47 923201
180 150 191270
74 154 853524
6 32 54010
64 24 76910
78 64 749798
171 195 787950
116 95 219513
196 157 872249
37 154 594640
9 29 972093
8 140 326204
76 169 246662
195 129 370961
109 132 327602
150 50 832622
170 110 739412
59 140 321074
180 79 702317
145 104 731767
186 176 156223
14 45 654920
83 191 66073
175 192 917308
163 132 625276
100 134 225312
62 114 153627
132 184 788757
140 19 157830
155 94 725816
14 29 277566
45 8 525889
129 33 327843
164 79 162279
71 182 900264
20 197 563132
94 46 922924
94 198 647364
5 55 896231
53 63 447131
50 170 736077
120 155 216754
185 149 39603
87 12 673776
15 70 119928
101 1 964549
128 25 994543
200 34 53462
70 134 68641
11 62 482520
117 1 185770
87 131 323727
84 191 415485
101 176 787319
81 178 381222
151 26 948065
106 55 427592
158 183 582211
41 153 753063
94 88 667477
12 141 151801
34 116 872854
54 31 204509
185 144 967737
182 97 631630
200 91 258445
32 2 405780
8 151 717205
78 76 874393
188 45 477863
65 31 499577
142 35 926076
15 21 173445
38 2 567263
81 69 114033
122 90 535973
54 130 819193
72 134 477791
114 90 970442
145 69 473350
165 124 385462
198 4 357299
59 114 519675
58 56 814887
155 154 2217
153 148 786467
168 33 167172
17 35 891973
173 18 266089
159 74 542137
33 167 800613
148 115 566574
9 90 571480
73 21 262246
18 52 999177
77 196 901158
88 33 556886
179 12 416526
119 65 330496
112 70 603518
108 40 946792
64 172 136533
103 181 349538
23 29 402503
97 45 256504
47 137 952355
151 148 805966
82 38 558539
83 150 913395
5 20 491996
136 161 239541
48 89 25032
16 46 911101
32 148 75293
127 6 435313
46 29 718659
168 97 762260
177 111 183120
142 123 652366
171 43 594128
197 57 989371
177 42 178509
66 163 275639
154 52 418869
99 184 27259
160 108 104529
5 132 993883
66 74 211967
26 9 496721
60 153 848813
139 97 146877
172 132 12451
131 148 98189
133 77 157514
51 149 406620
166 192 428041
124 81 283128
19 75 630015
28 142 852574
146 105 568078
105 5 89447
165 75 633372
78 139 305725
130 148 443161
108 22 933646
31 173 252386
70 86 348242
38 182 975132
65 13 929176
176 23 177764
52 114 768094
70 144 526852
165 82 639118
145 10 459905
184 165 757994
122 75 955144
3 57 738763
170 83 365763
18 186 251549
135 84 149380
24 142 400461
158 19 582180
39 159 221775
144 106 351865
142 165 720102
16 139 499564
52 160 962265
184 119 970287
45 31 728520
71 119 606324
26 71 910199
95 112 219016
108 131 100110
133 160 80896
69 160 799334
64 156 948142
156 139 839594
96 73 678511
83 27 226482
173 168 633153
95 46 925828
134 138 437405
92 197 692067
159 83 793915
97 117 944198
196 132 118883
200 73 542084
174 102 237700
155 124 632646
66 102 563548
44 180 560805
37 11 697775
21 81 195163
157 9 319853
1 44 990932
1 162 451820
17 98 403263
109 112 415222
172 79 421360
132 189 967576
162 78 742638
141 190 547204
83 4 590783
188 131 585607
1 169 523426
64 41 922889
28 173 982075
16 110 925364
141 24 131923
177 153 842516
56 19 324529
180 128 480046
91 92 790427
180 17 49972
60 128 392284
28 106 286554
108 99 363597
96 101 835610
175 157 645822
66 164 315921
19 23 883100
74 124 27695
162 127 301672
71 100 120161
94 32 85755
90 12 605880
154 124 179666
38 126 899845
144 195 553076
56 60 801819
73 57 174801
3 53 172153
161 12 5384
117 14 872796
180 62 884589
148 129 919534
58 197 718359
177 19 993384
81 64 779550
99 135 671980
24 13 430450
127 18 145020
63 53 461474
129 158 390504
69 82 628647
146 74 946561
24 186 57809
144 194 589803
159 157 701668
44 116 57708
158 4 980044
140 127 912534
92 180 760996
173 6 976772
187 149 291378
147 103 563753
104 92 58959
127 31 160716
170 65 412204
162 185 906258
179 125 920585
119 38 59466
175 71 641422
189 167 439711
119 129 722705
62 96 947076
71 92 857446
120 100 101121
1 72 248182
1 37 432221
53 77 433178
25 45 201049
104 118 150639
142 132 127499
129 72 27007
22 6 854674
162 94 735576
134 17 95564
14 104 652677
29 7 496830
133 14 790028
98 199 464849
93 86 13823
