300 400 300
276 236 244085
189 93 590500
111 21 28215
147 92 853713
290 250 503358
156 141 222162
125 121 369529
113 164 282600
12 147 72119
228 175 267601
38 179 983764
68 291 623762
6 132 115646
111 94 922769
76 188 319127
107 181 59298
64 149 131508
256 212 816556
256 14 196468
63 58 792845
112 283 943532
59 90 114911
142 258 229632
300 169 53755
261 235 155180
17 247 180798
3 50 903412
66 30 841607
156 42 103926
31 160 621913
91 75 664271
139 240 940540
44 150 637896
277 30 481944
199 206 486762
11 179 743873
258 93 576537
189 163 411771
281 262 532857
207 245 615453
3 155 208988
125 122 873985
257 275 564825
134 197 324437
126 167 210391
47 48 73286
251 150 261361
207 234 33096
190 83 999608
284 269 268405
219 63 231721
93 33 622026
2 275 916211
236 271 738760
94 214 841109
105 69 538287
12 257 161895
198 94 14162
252 109 236408
97 214 591186
252 225 739268
279 26 343933
31 264 473998
132 62 658108
20 264 353157
99 282 965095
36 163 874033
148 141 603904
188 68 176751
47 262 146599
168 169 998505
278 120 251537
287 117 51586
90 46 954106
140 243 322839
78 136 103947
219 13 888016
265 202 283860
282 180 377087
71 255 777028
101 4 269172
153 236 94312
47 74 400601
282 47 391655
127 295 744990
245 291 132271
41 155 759017
236 59 32405
293 9 438857
183 232 466330
67 48 966770
95 6 898304
218 257 951568
59 21 979643
50 157 163800
248 289 851511
92 25 215642
188 239 177816
116 251 583879
263 18 399585
187 83 661889
30 177 514702
106 200 505624
70 230 155924
31 27 559558
68 196 556343
219 238 657070
192 137 90207
268 82 803986
185 159 703194
265 86 529172
8 136 706380
119 62 931122
93 146 709526
134 255 180396
219 220 521796
233 119 736878
142 151 614399
298 94 985045
116 278 670977
74 131 131121
87 234 632510
124 48 168533
226 40 807325
281 180 233803
139 185 636222
4 34 739384
134 285 323868
197 174 639357
165 39 447816
143 66 402519
108 183 27808
94 80 378517
111 103 633103
150 198 22376
20 16 240573
183 171 741889
282 132 256534
189 263 378503
104 263 195902
50 11 923886
181 289 480119
107 272 218393
143 244 599115
224 149 483030
200 14 229569
222 177 523177
141 185 270923
176 101 746850
207 251 34414
218 212 72980
287 65 484058
280 234 298859
152 158 572644
167 19 808624
273 284 336474
177 270 832147
250 78 445
233 182 910920
155 231 462492
35 148 123140
197 160 52095
65 204 32787
65 197 767462
249 206 759623
253 114 354514
117 286 911265
181 188 582086
95 51 215305
203 72 635302
166 272 378789
152 38 566775
115 50 752231
109 262 390442
279 85 126478
177 191 387503
213 284 270325
79 236 701485
24 195 797243
261 107 699800
32 256 375583
282 163 657523
18 48 882437
157 58 139632
68 184 873520
99 168 177721
5 215 585432
57 140 656085
217 215 744947
175 39 584696
113 81 388958
128 231 242053
49 54 775076
209 273 512146
232 133 877319
151 247 162447
154 267 570462
300 92 689386
268 265 399899
171 222 218314
201 28 525324
12 69 606948
224 266 201064
285 16 49474
116 278 784284
200 65 469779
109 22 555026
214 123 398760
259 113 145656
89 73 836469
119 158 292480
127 199 919225
223 50 538697
54 105 801377
56 92 97391
172 244 611184
237 46 964404
204 88 252485
74 65 959746
147 46 644328
290 60 44402
74 177 817352
40 184 612916
170 35 481082
171 48 858482
26 48 541762
80 254 305980
17 142 340708
204 3 458832
254 219 8660
76 209 684100
298 47 740727
63 53 258193
70 241 272308
294 141 486592
140 98 940566
258 23 352220
144 36 959150
200 240 543309
74 230 228695
117 20 867354
51 162 156697
242 296 19064
70 128 697640
59 285 585060
242 259 944945
152 88 313429
160 225 23166
190 191 453128
257 189 234259
297 151 667632
227 9 135611
35 262 952983
189 34 375172
151 177 580032
192 236 221534
190 165 401018
171 147 432262
189 280 883573
48 161 615768
193 133 927573
72 210 121198
32 269 630050
112 4 925646
230 93 844834
281 184 816592
161 194 295581
260 225 312613
45 129 454910
8 17 613376
36 255 639207
270 190 650597
135 137 141725
64 291 101351
229 296 189327
16 226 256622
300 87 390901
298 288 759811
185 208 367226
163 113 298474
171 285 760200
261 158 471435
100 234 309088
211 40 767972
163 122 912770
126 200 229043
201 37 869744
75 56 721903
243 164 641178
21 204 172182
89 72 556754
33 181 670335
49 37 272735
300 204 6117
140 65 797499
273 31 888433
229 3 948939
119 273 425922
120 136 557640
31 250 376209
96 140 172277
255 15 5072
103 95 968697
27 158 554381
111 3 520028
73 34 603977
110 248 416501
14 249 479945
173 134 413575
270 248 90432
276 92 127167
176 69 744271
52 111 42201
66 43 557064
4 299 710966
132 110 543895
227 84 700933
203 97 877371
103 34 131516
130 50 775283
292 184 584366
95 172 428744
265 65 207518
165 114 402045
57 219 547819
7 106 360285
168 274 701307
201 121 865348
161 241 763589
271 141 630023
185 79 407177
205 72 203389
152 129 273610
68 194 840832
207 115 140415
226 33 616175
46 217 707794
116 248 534895
267 48 315977
156 77 722334
134 49 924377
7 237 307759
1 14 876519
289 92 405995
275 133 788109
208 216 531750
58 186 318715
76 47 264320
228 24 443898
284 156 149946
177 99 935290
288 269 852103
157 205 454423
167 178 412151
68 200 463550
3 32 434246
133 152 99137
38 199 42209
30 166 338044
43 264 786216
7 94 210261
29 123 287963
255 246 83913
235 9 779699
118 123 200078
167 214 663352
138 10 814451
131 249 815600
45 81 956323
15 149 807441
286 58 31848
230 136 543680
19 10 507019
84 21 710148
79 32 395477
88 160 757611
184 235 3779
54 177 985032
225 236 916920
54 102 581936
293 165 311687
91 114 481099
162 46 707725
108 241 400016
129 27 905173
61 123 148554
46 145 217811
14 138 743848
88 287 241902
55 71 948100
135 136 404295
15 206 316648
197 80 776667
240 266 498637
151 142 371962
168 221 236713
61 145 824064
28 186 78248
146 19 165935
105 64 584029
227 200 223343
184 265 67843
232 33 792272
29 286 955387
112 7 428480
286 279 340196
76 135 754312
288 76 570547
69 105 464780
140 253 255043
105 5 843449
137 141 318825
195 96 877911
94 290 254622
231 186 744268
288 103 269145
41 193 818209
117 207 792343
259 75 632129
37 281 684353
81 216 219027
97 96 699375
127 74 182732
8 224 727017
61 93 151190
161 206 666903
233 3 364481
152 250 183469
22 76 171214
290 196 979049
100 229 454024
230 48 469718
186 50 904085
7 254 628133
197 129 676323
127 72 326815
132 96 652526
141 268 966408
98 1 468991
267 138 366492
108 129 487469
136 21 998795
48 250 852075
236 199 906567
121 291 874948
170 98 905866
253 232 12450
250 146 853060
144 124 303947
118 18 949474
98 106 390618
5 254 624672
294 267 669583
34 54 507385
251 272 153971
54 67 817918
197 169 703606
271 266 64862
178 267 109183
202 19 827770
205 31 667733
231 82 502210
224 190 953393
236 201 507686
73 63 922357
82 227 83785
285 203 689184
190 275 401462
158 88 432362
136 4 78008
184 165 979377
299 121 167366
86 49 62396
218 242 302177
130 255 781133
119 82 661779
255 276 675458
210 290 298918
231 121 887507
63 45 984860
187 64 133042
34 6 699810
228 217 851790
51 111 791297
296 190 122363
257 209 502034
3 123 216280
26 292 883582
64 134 823992
235 218 281198
62 49 616519
225 235 653600
159 86 71667
210 81 928685
212 168 303662
210 61 982260
143 110 332404
143 228 791473
196 244 166081
147 177 802387
140 81 888435
74 131 469186
88 1 909669
150 156 897835
137 207 118187
196 106 527366
108 34 998518
182 262 597369
79 157 542471
126 70 281614
150 213 876087
291 113 920788
202 137 916192
213 66 505603
15 28 799096
105 196 192338
50 291 256398
275 110 968935
97 125 847193
76 259 73277
275 277 694558
154 189 588535
66 173 494874
11 32 733506
200 14 244363
67 23 318279
297 167 170910
272 62 510356
183 48 193429
187 260 332867
87 26 207197
291 187 359157
56 106 766511
123 134 367568
205 108 693592
220 235 656185
257 21 265356
40 206 584928
179 184 39899
52 29 152808
165 125 719438
76 52 171018
40 284 141177
273 62 19972
88 296 484814
267 273 919177
43 286 714440
15 102 140248
72 248 268271
116 69 983826
233 298 999928
296 97 394306
300 60 556390
87 276 964591
90 285 128117
239 219 862739
168 23 504308
188 233 885497
58 283 435817
112 114 492040
186 111 72875
214 199 560018
37 254 287182
144 60 582864
101 52 271934
278 137 160878
159 139 545011
144 45 761397
175 86 345275
131 114 303631
298 78 466187
145 28 254427
275 189 484138
139 83 921057
244 279 545521
43 138 723425
53 73 969052
136 83 891132
41 271 923884
8 278 553997
202 44 423553
39 144 964935
184 91 780006
241 4 351263
49 87 805826
206 139 437386
143 186 438829
242 171 294490
218 57 145163
197 72 25053
60 277 130820
77 288 245022
271 293 98013
191 281 365944
135 10 419056
49 134 115714
11 196 130847
167 30 563137
151 141 924341
154 278 287093
1 91 619319
182 260 107003
187 17 794300
213 191 250389
133 19 151682
66 102 847379
111 166 801793
86 13 819604
206 210 137980
273 228 311554
285 93 810971
237 214 290843
9 262 926734
109 289 613604
24 20 817373
292 49 555389
77 31 7726
246 195 231352
155 66 220166
98 46 61626
81 4 685514
120 14 949902
278 30 558241
69 38 723251
285 133 907225
190 6 845748
204 187 252055
246 237 110427
275 57 808388
259 44 47697
102 229 746474
24 16 746716
74 54 427529
212 169 904000
257 179 105104
159 84 289198
78 12 131754
108 113 537005
35 132 159650
167 115 382588
10 177 230780
27 123 768178
155 162 254156
36 91 938936
85 282 190599
27 281 849046
242 146 645232
262 24 376819
223 146 456083
73 210 248200
204 28 528381
186 201 296282
71 225 709751
152 42 254019
138 200 908058
137 149 740573
1 126 30083
104 192 456629
140 56 152908
11 276 142108
18 141 624642
37 175 502592
200 264 175244
60 232 543409
289 209 638188
298 29 523245
46 227 479469
215 41 398965
162 106 251432
121 151 559140
195 61 463204
3 111 453578
224 72 271072
21 181 960712
138 33 48303
20 245 719638
16 107 769041
244 232 480122
6 133 537045
256 74 452536
109 181 327355
151 45 26009
61 54 886254
123 201 52381
40 54 562979
118 204 69876
139 66 606968
37 175 962451
148 45 736550
72 79 334375
211 28 771753
128 139 194807
138 175 598616
295 174 146984
113 72 703209
133 34 610288
84 287 960294
35 172 764714
44 125 461433
35 215 987344
