280 3000 300
172 136 842353
140 199 873363
273 54 65144
116 264 496059
137 33 47745
274 240 99613
153 275 328030
118 230 848483
237 140 236717
255 201 704781
255 181 459126
171 17 742558
214 277 453633
156 271 59454
46 100 393244
84 33 91637
220 53 648895
178 33 406255
256 161 853780
136 65 657851
64 106 177369
59 244 253228
234 9 922278
224 3 89568
98 153 197015
94 158 258456
101 161 744157
204 224 170438
203 110 620777
96 237 573682
193 79 935719
172 220 652876
60 149 271978
174 236 294814
237 248 733149
13 203 65404
45 192 19490
117 99 191266
101 165 312340
39 24 332005
204 137 352642
18 264 59310
70 77 215319
68 139 926796
50 91 779530
215 248 986632
224 106 726630
45 130 861062
104 129 804458
154 81 331334
197 67 198504
228 13 456617
134 110 787316
186 246 859959
67 191 100470
273 20 290628
23 83 488247
207 268 630783
39 131 324465
84 72 665692
212 255 327041
181 264 547561
151 201 560230
199 53 910940
249 265 66476
271 263 246945
19 208 74991
17 96 564318
150 77 547797
185 130 293171
209 36 996223
38 277 523616
247 38 434907
82 178 556451
63 164 795991
200 188 263121
74 259 236957
208 222 26256
146 254 136273
141 29 804700
63 38 721452
101 147 530675
202 201 595242
169 188 123320
228 257 136531
36 6 750504
179 115 876082
117 74 77815
262 87 974776
278 148 614408
203 124 699993
228 173 565479
23 229 299460
19 235 626709
105 180 446254
199 45 344369
31 150 114656
266 149 649248
257 161 125903
38 53 276221
163 189 146446
33 201 945571
211 191 402377
131 88 660294
189 42 130741
194 225 592136
273 206 244600
110 140 65110
14 213 916582
23 244 804549
245 23 630285
224 109 368815
53 218 651532
276 140 519442
87 99 978108
152 59 515280
26 76 452396
169 23 475760
40 209 967779
32 115 616342
180 172 445599
174 71 213941
276 148 46045
148 241 957723
53 140 967070
194 219 437770
12 221 114458
91 53 138436
81 138 717311
245 261 558429
76 173 486828
14 57 289809
235 115 518400
191 117 652408
253 269 721252
279 54 904395
217 34 145663
164 135 776821
279 136 643953
111 94 992297
162 91 7321
88 207 575672
152 93 625349
59 98 510019
55 174 280320
179 249 206651
83 58 633130
224 48 308375
213 8 937077
227 175 203419
56 62 23223
242 117 404942
137 51 628564
126 240 145453
200 60 172208
188 242 88789
82 68 582796
166 17 670824
68 239 708827
273 168 858248
125 85 507973
163 143 675826
39 135 53170
142 263 91942
80 111 598100
14 168 553492
241 225 788556
198 52 668842
57 229 420626
277 168 321993
203 213 714888
94 250 835311
269 124 757266
199 121 108862
27 66 999096
87 167 89885
93 203 233281
66 61 438926
152 139 912583
143 193 826836
97 276 985082
222 139 847240
101 251 445096
279 213 27961
50 106 672557
196 15 6524
163 170 113629
144 16 954778
92 90 276941
31 82 664019
105 113 784835
254 20 31350
246 234 234575
44 214 455090
117 67 788277
22 169 567202
178 141 314979
216 148 846976
240 86 815590
253 272 864792
25 215 414677
8 28 316097
150 156 824550
200 90 77674
230 256 652256
145 211 762843
109 29 320441
90 50 391478
66 112 534610
204 23 120289
21 84 54212
67 146 305546
119 46 182764
157 182 493931
232 224 83
258 180 877345
161 9 939380
65 63 902158
143 66 790971
98 60 520498
213 73 879908
246 9 360665
195 101 648373
84 99 572351
134 152 656773
256 75 514697
62 274 951748
77 53 541239
120 134 631888
214 34 31328
265 181 892675
178 169 752803
110 27 758628
58 194 316964
147 241 481272
145 115 273368
240 68 869260
274 215 975804
50 265 762759
140 210 525837
124 9 481873
116 208 964117
58 50 981300
181 81 789605
167 148 203996
254 7 817755
77 226 85876
245 101 117360
222 43 499613
271 54 343838
162 24 684400
117 253 154162
142 240 556168
111 94 113247
145 215 423434
172 163 967679
77 49 137161
211 197 834900
159 276 847176
201 147 898333
141 95 625913
237 72 634645
241 280 214648
53 31 322728
217 129 837981
197 243 896130
60 159 794701
74 225 639927
60 25 683823
208 228 358920
9 112 642073
182 117 100512
231 76 671537
17 151 933836
269 174 488103
264 137 849397
57 10 348253
31 7 815449
157 134 287786
261 79 82243
116 158 907674
47 215 503590
152 136 337212
279 273 506298
14 156 177355
94 175 234640
249 120 552907
164 3 641877
229 11 774391
89 103 984249
220 251 782891
164 33 894627
77 222 354210
127 176 350211
227 1 591104
251 146 412955
132 89 115063
248 178 628318
70 124 515869
277 111 870227
10 116 350075
110 37 494607
203 150 928833
248 204 284233
200 93 386929
124 101 69099
225 264 171223
95 238 464615
149 48 36008
131 7 55123
102 36 175085
217 74 479119
34 105 884164
14 78 361420
163 8 607275
64 122 441509
239 92 185435
42 240 920964
269 16 910837
112 32 670521
38 35 277282
245 162 437085
18 46 308370
141 254 322584
22 132 757417
221 132 923861
269 237 199644
37 109 871741
62 244 451352
107 145 689101
163 94 118302
227 55 770720
23 152 884410
227 13 529121
269 234 193230
250 150 599264
207 137 740933
204 61 60213
114 15 582276
57 205 957602
220 151 918400
93 54 210626
11 267 32780
103 106 485420
244 151 784434
75 13 254938
212 230 466769
45 263 92627
188 147 127592
95 255 648481
110 189 793438
55 101 134422
125 189 756312
245 241 485658
143 49 646292
12 277 814093
208 67 582527
42 172 162169
198 94 841823
172 119 534260
195 72 361499
276 84 219009
16 250 631768
188 189 91032
55 267 893147
30 163 465209
279 104 209180
24 25 669277
189 266 64984
111 78 342727
39 128 291945
233 243 637661
89 123 312912
215 36 969019
127 66 436343
69 113 339573
188 53 131955
221 76 563031
10 135 698464
102 191 454468
112 274 523611
58 265 562674
170 171 86374
244 105 644332
173 200 654729
242 155 8505
216 255 601083
77 225 611003
268 228 416339
201 36 913770
173 122 873306
145 14 662788
26 94 478396
14 223 206185
38 114 53738
100 8 889
221 48 900613
131 157 764759
201 219 81198
57 272 397031
238 219 702424
260 235 192754
276 111 797898
183 193 120845
260 279 595233
49 222 457687
157 17 260406
66 96 582727
160 189 334708
147 143 370554
183 131 93216
267 210 444679
160 92 886435
135 273 710626
167 59 565672
10 201 632299
80 239 967289
159 82 565230
116 115 64831
194 240 719386
4 42 553982
133 147 174318
97 30 105963
47 32 602288
209 10 644983
83 127 783309
92 137 812910
267 105 70179
26 234 931295
227 133 719443
240 103 708570
26 277 823053
265 232 513632
260 62 616001
274 125 974489
121 126 325256
133 149 257299
218 166 488449
185 202 11864
225 179 903655
251 172 590179
53 11 849794
55 73 509498
117 107 365267
264 12 139471
127 270 919166
142 2 524064
148 147 943992
266 63 214162
178 255 999420
20 272 403819
20 26 254463
253 233 839344
49 51 469293
190 14 777824
137 100 215245
229 43 427645
116 3 371998
265 273 835997
221 105 686569
267 17 587620
164 128 996152
37 55 122364
260 99 397702
260 161 875589
264 95 886276
175 103 534290
224 162 185968
59 13 348112
164 160 580738
267 53 678536
7 48 270136
127 20 966823
278 177 93708
37 262 633815
125 136 350976
189 137 6918
249 79 612106
178 268 441472
113 102 6621
212 220 337635
195 180 616341
221 143 886278
202 13 724916
141 198 299420
51 50 4168
23 130 631168
280 272 509113
53 154 589801
60 210 806972
262 271 818241
106 132 789386
152 75 221507
75 275 356380
221 273 830605
169 61 852215
175 60 593075
98 128 429238
246 67 655431
79 57 46788
122 117 680714
187 207 87783
44 70 546125
189 176 594748
144 233 691285
186 107 98806
162 160 29796
97 246 836669
258 256 685750
11 62 835091
140 189 147140
105 195 65990
219 272 952270
175 128 296892
23 169 580817
273 89 842636
185 224 903004
34 254 578264
152 30 477290
63 240 440338
192 191 809151
195 63 306463
190 48 193523
60 58 455606
208 41 849037
32 22 7353
28 40 972462
145 158 938801
264 190 965583
203 240 851409
239 196 458527
230 41 56320
183 161 278911
88 53 777279
197 175 669966
160 55 632935
130 276 750155
133 59 494908
153 7 770447
196 16 318501
211 85 784221
223 36 185244
115 267 274828
131 244 173406
121 113 343400
38 89 460132
275 103 128946
240 16 423640
54 134 636122
12 33 425581
59 278 630948
257 110 15302
42 213 657395
28 34 673304
170 139 925857
212 216 252740
21 219 246154
231 254 558809
167 184 701327
214 266 763453
189 14 190659
51 7 395518
83 230 951746
33 137 779668
82 33 529850
155 98 711575
159 78 546007
121 191 905585
263 123 993048
233 109 616304
11 215 817792
215 91 16315
181 160 502323
65 127 753732
12 249 457080
144 6 777751
151 278 203757
279 158 958275
60 258 980296
202 146 808957
274 51 297926
242 140 306136
93 95 950134
243 65 800675
193 107 369475
172 79 93463
86 154 573639
168 40 351294
126 180 312391
226 212 121294
246 8 475956
258 261 314322
92 56 912626
37 56 880576
247 250 353471
31 181 197421
279 139 836127
221 178 358946
208 192 318900
229 127 307927
224 88 242999
148 79 252875
94 55 993533
262 101 21014
44 102 228849
151 122 940184
50 74 31593
242 246 66896
226 145 219493
45 228 660848
131 132 63416
229 7 380398
214 201 820613
22 198 279336
101 201 292865
239 198 664128
90 97 884289
13 192 494586
148 162 902873
190 57 931733
275 168 249646
81 265 86330
275 278 211624
206 70 619714
2 137 131001
235 26 870321
155 119 874183
113 97 362080
275 158 631411
161 51 86896
40 24 919650
199 139 281868
270 198 856403
49 268 58672
99 31 139464
31 73 414263
16 113 558743
227 206 815850
110 172 355647
264 120 732918
12 72 883112
41 47 602943
256 49 698873
170 70 845014
273 204 829736
240 162 800596
196 125 313611
155 89 70833
18 42 815054
258 259 703128
221 4 48443
239 167 906635
75 273 348160
44 195 833809
201 172 442864
100 183 196051
228 47 489412
45 3 254847
14 64 168433
184 18 562741
209 67 993665
27 240 141969
13 30 779402
52 80 509656
222 206 853902
54 122 477626
183 32 559269
222 123 229196
56 48 47446
75 85 105637
22 42 344187
257 137 315653
107 55 960831
184 142 498249
247 78 926201
165 61 596243
52 177 199794
55 93 447573
169 236 257298
113 114 409727
49 209 826394
12 85 827023
21 32 140856
43 68 705172
183 251 357131
243 64 312187
224 170 880358
39 209 803399
65 216 250272
53 81 214137
242 250 942676
197 3 28602
249 106 612091
63 95 975881
254 105 743841
271 100 676580
196 122 606643
60 223 966316
22 99 776360
266 142 165624
230 184 69011
225 210 916604
161 112 103749
111 133 806937
213 100 613131
255 262 214693
82 23 180695
114 203 65388
129 163 216380
199 228 391495
115 198 941346
145 116 667960
138 112 219727
171 201 305769
59 107 874129
189 127 245967
30 159 88562
31 99 572683
42 265 212160
31 4 477212
13 185 254944
193 148 690839
255 91 799671
53 133 519004
248 38 21551
29 222 999554
130 36 643279
114 186 611426
231 45 130250
208 91 634440
122 241 703131
233 277 613886
172 13 354777
41 43 570989
1 201 793064
144 152 239704
113 266 262104
7 49 995522
45 181 46777
214 53 917453
152 179 638047
232 37 26141
105 69 515292
129 3 362914
183 148 763870
34 188 423982
22 46 665321
74 268 959258
199 197 92218
249 88 272371
144 193 550032
24 5 532332
148 2 772390
150 214 93105
138 113 444362
240 100 694849
242 232 912171
190 239 374601
28 108 150984
232 127 857881
198 251 920754
195 238 910572
132 114 2013
3 177 950483
152 11 452621
274 42 595033
76 29 723735
198 261 424555
277 259 25921
156 166 436565
15 34 114697
205 275 779071
169 87 779164
75 78 893778
163 217 316391
275 241 699600
207 154 269308
156 54 461237
277 250 806417
82 261 851643
240 116 288848
105 248 736776
277 152 638500
154 248 895435
22 258 310740
171 57 442353
196 125 352187
128 92 680235
222 50 15809
44 126 820252
32 199 312508
40 139 758901
236 27 287647
197 230 823634
218 147 432861
77 39 283989
183 150 903875
2 101 878460
62 200 514582
103 76 177831
78 198 692599
103 261 941538
32 137 676636
276 224 456482
235 252 638419
105 251 829347
261 73 525608
78 160 872801
4 115 301036
101 94 45455
46 240 225412
252 105 712673
160 17 718633
75 210 14152
269 179 255696
258 176 649192
255 47 518541
33 237 864778
125 165 458702
135 271 949046
7 215 418269
143 125 53693
156 39 767975
51 238 103712
195 142 350592
2 140 177542
44 197 912703
155 82 953548
147 191 688755
94 181 807133
164 119 915610
272 73 688455
7 25 789223
10 178 124402
74 154 736766
63 185 452867
70 276 268241
131 232 210517
112 45 532721
145 111 792877
170 10 352564
188 160 954591
10 116 921861
36 227 185258
17 158 689134
249 110 670650
97 217 7442
96 71 327767
7 129 398033
138 144 894413
101 229 701666
65 139 474297
162 247 280997
184 1 469097
26 187 662556
12 217 52440
101 11 202006
208 150 141794
264 230 491057
82 52 167465
126 272 49670
186 200 793769
60 272 281564
185 164 973952
20 115 523552
118 266 797818
97 146 395820
188 165 93529
214 18 126265
77 271 382090
85 100 733839
274 158 561264
104 50 467568
189 131 858003
131 146 589118
243 208 696406
237 189 152997
265 214 663542
145 44 140498
42 244 165175
155 53 724019
34 60 920435
268 198 527491
252 14 823442
112 59 495290
215 41 646816
16 19 419822
137 7 815390
248 88 5955
221 225 956713
188 65 844309
273 185 35556
223 206 224850
233 83 665191
64 192 600140
137 241 307898
229 145 314551
110 58 703185
218 150 812859
49 187 657282
30 95 774405
277 257 12526
61 124 383877
204 271 314539
225 265 957266
57 79 108583
83 53 381485
198 34 38794
151 49 927177
173 164 815838
206 231 625971
95 31 560822
122 267 815978
10 18 791684
191 66 399693
79 63 786629
192 37 291782
162 148 840965
157 247 139766
39 163 315019
234 195 221931
118 171 31679
141 147 137564
242 56 362256
164 278 94179
193 239 696711
130 34 36269
113 262 2111
271 109 865517
188 181 751743
7 131 533865
36 40 21434
33 98 233297
63 208 989836
32 102 334060
241 118 576953
105 43 928206
3 263 955624
72 223 826893
169 40 439750
51 145 985134
177 51 888479
34 149 789940
65 9 988332
78 267 378918
233 205 925816
228 222 360313
148 88 375824
228 78 666389
152 65 183209
257 103 614476
159 169 438857
164 206 35739
29 73 770810
64 6 541207
90 190 374005
181 6 327515
212 159 294081
157 107 318705
23 184 853792
38 235 22842
124 18 791538
160 278 19259
138 243 983855
177 264 470221
151 211 24529
190 4 763634
129 248 567644
212 216 993229
132 85 362786
247 95 407621
276 182 589287
267 22 367055
212 166 581226
272 249 927094
39 34 165818
160 167 23477
226 86 863187
100 56 335867
171 185 47094
96 141 762312
147 258 696234
104 85 731697
168 176 328493
15 214 134736
18 215 243099
194 218 658207
175 258 268693
48 260 617752
234 150 738580
255 55 194386
278 199 589641
246 51 950409
261 217 716229
162 93 977193
212 176 33450
21 126 257592
191 84 893078
116 157 175490
125 156 48325
27 191 678821
209 220 367515
195 26 420619
116 267 67838
199 264 287206
197 199 221157
260 10 921382
12 21 134342
126 117 12720
15 272 242896
275 262 849310
30 68 934996
24 222 89841
251 18 420172
37 275 287061
126 69 575053
141 159 773339
119 163 224560
183 38 561232
84 31 781719
143 110 73803
165 201 128364
27 72 655145
237 126 513353
8 188 244342
252 92 720495
169 166 539587
137 101 311534
254 258 450310
204 190 973763
84 121 295012
251 123 657301
142 183 841384
193 158 929971
198 272 208297
43 254 720770
207 85 860802
175 117 298296
277 119 168177
24 230 541037
162 234 858704
3 205 823862
165 215 327378
119 222 856199
43 164 531919
56 106 649273
172 118 34820
178 233 290146
241 205 349595
260 213 426000
131 67 114895
214 148 804238
58 201 273982
62 163 274859
139 50 40527
164 278 867781
105 233 68402
84 207 613430
232 175 74186
134 165 999263
129 207 694922
147 217 557181
5 161 956003
68 166 870650
199 152 353432
171 126 670818
278 262 362721
28 207 311130
218 270 547056
152 51 378762
49 255 345481
134 197 642726
13 25 896646
199 30 85392
65 194 384683
200 216 121531
48 64 14164
130 259 715978
280 24 733004
231 225 849898
85 215 335871
169 126 454640
157 242 819300
28 121 750158
205 164 685667
105 41 87901
160 251 195320
104 202 616608
9 230 924797
219 24 864920
242 84 920523
141 35 300965
45 190 575478
275 108 667052
58 221 676844
84 271 340812
42 195 132655
97 12 678564
162 105 181371
85 94 595492
201 258 866559
135 62 140587
201 193 960213
149 9 423569
261 129 151692
255 139 198708
188 120 623176
181 76 714958
242 220 749880
121 94 240992
197 9 266968
150 15 759061
264 223 991200
244 39 700791
5 175 300825
104 220 762409
273 42 322370
254 5 947000
127 75 579391
70 41 203205
273 115 329359
280 27 221330
119 96 525934
280 240 260808
145 129 53127
154 168 839400
179 195 329460
160 148 395317
55 64 150551
209 208 464495
136 41 40984
91 73 802413
175 137 16378
171 40 688042
31 154 658344
247 69 372050
8 166 309476
167 175 713031
267 176 981904
183 146 754679
276 18 664675
167 44 785140
237 132 764566
268 242 579141
9 40 348803
113 4 151809
178 107 439636
93 53 807729
239 16 418847
33 92 651552
66 71 542943
252 160 240939
55 248 148883
28 105 862073
109 202 383314
217 13 490045
113 259 471608
74 250 469226
188 261 856253
42 163 678503
2 279 345318
141 52 887004
55 75 354973
25 242 418937
48 10 247041
105 192 202319
167 173 76286
154 124 215494
43 271 162296
43 120 10909
258 22 467022
54 89 908487
134 52 284295
199 125 418313
242 229 285595
135 7 299242
108 65 482622
182 264 37571
91 9 348213
131 204 228832
121 114 175034
7 203 746020
186 111 703447
122 41 413502
230 260 239361
111 201 617448
161 140 337386
79 13 931896
224 207 352469
246 73 828808
37 214 173198
136 175 889711
56 184 700551
36 16 195002
30 45 382840
32 159 800644
260 105 647494
5 60 4147
54 9 397810
65 272 862105
35 31 494086
150 165 952302
165 206 522413
211 133 640728
161 152 195329
189 28 936165
266 137 886345
147 136 494228
216 213 951219
93 223 450922
242 71 131430
267 115 379641
231 268 939837
136 108 114019
208 278 647719
155 219 35257
206 118 347944
251 121 350520
104 161 849217
186 121 989340
220 91 228158
261 143 887612
236 50 340088
167 98 501877
33 255 739056
75 77 992395
174 161 398880
275 108 782971
179 69 495727
6 259 790780
56 48 725926
20 61 221333
42 235 291292
93 8 447067
8 25 928672
166 133 376994
213 114 409804
97 182 629727
189 41 660352
187 120 477774
53 63 127058
53 45 398062
181 143 142330
157 134 583701
150 81 639543
253 115 107911
231 164 725893
8 244 997819
217 148 753794
199 51 834977
174 83 860571
162 211 24741
106 183 908450
215 70 820530
266 242 124122
280 136 453556
41 3 944919
76 149 451752
263 57 967970
182 271 39746
162 226 469232
131 85 864972
4 124 530891
38 29 686677
27 247 907184
181 59 134011
142 149 532505
133 223 659243
54 50 955581
95 132 501977
145 71 521137
170 188 161913
21 153 365996
119 228 140386
44 140 559235
277 278 327673
262 131 540388
104 128 776884
3 103 552974
66 5 356420
246 144 101494
233 249 934841
220 163 639779
66 196 680803
216 136 207464
49 71 980450
166 236 594580
13 150 113478
12 180 739002
81 186 618657
271 276 336840
179 228 535829
249 84 734736
244 3 243993
212 273 691411
95 251 788223
149 115 202521
59 202 241820
116 40 836218
188 210 964842
140 71 890496
45 60 229746
196 93 247961
181 175 982115
55 146 81022
266 40 377974
277 8 639054
126 20 639846
145 107 666743
22 17 90680
227 207 804064
262 26 398624
72 150 939935
124 214 777560
137 13 962502
250 30 106848
263 235 619605
250 214 119970
124 212 95219
227 239 312661
111 199 779334
22 186 897313
149 256 497716
172 217 639606
133 259 16601
275 188 937648
102 171 296704
278 92 317696
156 253 739029
50 157 62785
262 18 94652
226 193 223467
276 1 374657
258 247 301952
84 272 789154
183 28 667118
156 206 573309
103 108 337721
277 267 36142
191 61 475700
12 216 318226
97 264 843421
169 107 659870
119 198 788836
33 50 779225
6 64 506643
242 142 277342
257 76 420401
177 161 506664
236 229 849037
165 219 94738
24 196 549503
241 118 310741
53 109 983286
4 137 288249
34 204 764116
39 229 45344
97 220 259921
57 162 770601
265 107 178765
185 150 425711
224 242 6219
27 119 649947
19 23 18342
32 59 842593
50 175 470510
249 82 281089
136 250 181493
275 269 881233
33 106 885403
243 270 800337
256 184 679441
115 232 39285
121 199 431692
65 55 398688
194 38 555664
4 103 439721
70 222 521323
273 230 478081
200 49 208080
225 115 623151
277 214 256173
211 61 276790
110 143 611409
250 223 66233
252 262 674933
201 69 150740
65 49 795065
238 7 297750
52 20 489265
36 2 630175
249 207 283932
11 2 49485
10 153 546427
233 89 549841
233 205 587725
252 89 156358
33 183 76007
110 218 693841
49 83 458319
173 191 689047
166 5 111948
92 100 349153
60 167 506105
254 22 94602
89 50 78533
61 213 952739
214 184 767366
279 87 50087
30 95 317291
260 141 582360
130 97 463702
226 216 117044
272 262 359914
19 85 907235
230 139 383704
88 198 115647
156 58 315410
240 84 357878
98 24 897598
120 4 485530
180 179 936004
28 208 901063
198 9 475492
169 77 216386
163 9 41997
150 175 662437
232 108 627590
85 197 126104
201 248 403270
102 183 339609
242 112 921465
71 99 520759
226 185 372739
95 160 278437
26 229 807742
198 276 615003
247 254 949937
188 7 222036
38 101 288816
262 276 73257
103 280 735120
106 49 645774
42 66 126730
6 220 731301
212 192 764676
197 89 63993
152 126 828643
42 116 167800
1 162 362819
7 207 114317
162 122 438153
192 241 735699
119 92 756964
174 219 434248
6 237 594882
109 20 320983
257 73 26813
15 151 193569
232 67 184232
83 251 399730
62 8 611642
264 126 60914
131 272 714969
207 31 875873
85 10 636066
54 11 101925
185 24 332189
114 172 805929
133 219 207814
249 93 733791
215 59 751984
134 277 664605
243 180 351902
204 226 712251
27 77 612966
73 138 701744
267 237 311130
167 156 87477
146 89 675669
158 236 128518
229 86 439948
259 66 844935
7 213 867683
5 67 761279
222 67 392985
136 34 196275
125 49 296429
177 229 849950
85 221 270511
192 8 684396
118 186 485233
150 138 190036
62 263 605045
138 243 458504
41 87 56382
24 14 109151
270 37 42580
230 180 376385
54 144 496097
212 215 90098
178 49 465775
109 46 527318
78 60 53779
15 163 404299
97 160 910918
31 210 175515
10 264 124150
206 135 34705
160 43 89248
187 80 515372
109 226 345584
124 2 58271
82 271 381561
155 201 538458
129 22 706948
50 247 313924
207 48 57114
200 204 398563
224 134 800944
93 183 103447
266 102 782487
21 28 57072
131 50 443525
226 196 403514
37 165 849030
1 21 693571
108 243 228652
256 196 480417
232 10 581919
143 262 761809
57 106 713055
84 98 720084
14 131 128912
35 148 351649
60 85 638630
2 209 882579
170 189 185282
214 248 37236
191 227 218339
118 25 394983
259 203 619724
279 116 668609
148 157 805987
194 206 840845
30 69 464040
133 151 309215
95 58 237860
39 126 37217
118 9 832829
216 176 8710
259 274 816213
119 14 501022
100 248 435038
93 100 426817
32 211 606259
120 104 289652
191 230 754756
30 227 548482
213 148 672402
266 37 905355
76 157 511525
35 137 834157
10 36 467893
157 238 28797
204 80 360784
230 106 749460
113 172 208273
232 23 631270
269 191 424676
176 80 406648
65 120 864781
260 49 805714
45 218 667130
253 271 627221
159 138 300432
119 21 362003
107 129 852807
100 157 457918
205 154 61381
251 162 682634
118 269 982935
263 216 150236
158 188 251189
263 128 356725
229 185 135787
249 153 917640
17 82 424896
116 91 534801
33 217 111896
196 49 329933
221 157 89846
96 43 851173
5 255 626790
36 194 40119
39 202 932566
239 143 251479
95 159 711350
174 171 350000
227 90 798437
143 106 313718
75 52 990684
189 53 639014
223 81 990858
9 250 515873
65 19 102666
209 151 593465
231 264 511268
207 20 888265
160 17 447437
40 118 517508
267 92 184130
31 47 72381
177 230 639501
93 40 268571
19 74 865042
5 15 244268
72 202 744242
245 221 66057
28 78 311379
73 95 358278
21 167 625250
136 227 44593
161 129 485150
208 31 122365
196 40 139214
193 74 684775
61 211 966849
209 134 249369
263 161 814708
119 57 735543
134 167 676121
203 222 129458
66 262 136880
235 65 164817
211 28 373113
114 174 865842
46 175 746604
279 121 326284
212 2 679494
1 157 791524
27 110 306609
111 188 657142
16 240 837124
152 135 813904
261 224 256441
249 171 835846
257 84 20683
151 220 337880
251 156 243362
99 69 276813
190 126 838105
71 188 875673
2 213 801879
80 239 228599
91 129 646788
243 239 516613
174 13 44561
173 67 158409
154 245 787733
75 73 26767
143 209 945347
69 160 926146
49 145 799344
76 101 309701
15 79 99743
128 29 729585
180 99 693685
13 69 193507
108 224 460692
127 191 588221
253 77 30415
22 85 720891
76 98 132147
67 10 492086
99 233 229099
276 19 183914
218 259 916049
112 214 858561
4 248 79496
205 74 888037
168 57 204795
37 205 418150
203 235 970878
234 91 67442
48 8 967320
131 267 164078
124 16 10908
175 220 329778
261 26 748078
38 49 367004
267 72 412318
271 127 973718
135 269 927608
100 221 589196
6 54 806393
189 28 227359
131 18 598874
200 187 478455
241 76 185575
212 36 353031
120 124 922091
36 25 921801
151 159 567484
70 6 588811
37 276 239710
205 262 575575
196 224 26380
240 42 539086
123 111 380243
120 127 897408
154 262 909216
209 211 362110
138 220 722459
106 152 504777
159 109 565638
164 192 973389
52 92 756070
269 207 392486
11 207 650689
181 148 569193
166 22 227545
190 17 418707
127 13 770424
167 108 285305
234 44 62914
26 247 611933
182 106 417924
268 30 176145
33 187 641648
49 160 988422
159 223 411166
202 209 326303
3 212 396339
169 61 101346
60 271 893700
119 196 784898
268 201 77137
221 119 15445
38 8 419310
177 94 195909
129 28 258832
86 279 770646
22 176 579928
123 93 973289
167 275 509240
107 114 875826
116 222 482464
12 52 156044
76 101 861984
223 13 749306
147 185 671264
114 147 981076
108 209 790048
187 107 641239
113 71 391607
52 73 50181
106 227 976004
151 77 711125
52 256 580344
90 40 303974
13 182 890727
222 7 335106
195 214 690607
270 131 464653
187 221 88124
212 161 543894
89 171 192303
255 261 867118
105 123 345540
103 47 535041
79 86 414710
261 104 3147
27 212 770618
142 13 799359
67 231 315605
201 171 302912
87 202 324121
246 169 691696
49 230 619536
132 69 955744
113 83 361060
132 109 691085
93 190 365881
49 50 900442
43 251 76447
49 225 147221
134 211 146585
169 138 146627
8 50 184733
9 51 868001
232 269 492903
149 68 192157
275 157 230291
160 230 929757
79 195 508754
167 276 792240
44 210 465849
236 189 698548
50 255 490936
199 104 64173
165 167 489404
35 185 761540
266 238 844611
13 127 250045
73 164 147649
86 151 628862
47 153 333419
47 35 323119
25 278 545562
69 121 648960
11 257 236919
262 195 349238
17 56 153991
260 161 333876
15 189 112170
250 222 935181
33 155 344606
48 161 487649
265 26 490778
93 126 5819
86 162 845339
74 227 700976
239 160 831264
204 278 895263
60 171 655827
244 48 113463
3 68 983323
236 109 474083
144 169 574354
212 82 580085
269 128 773822
51 273 940407
41 189 397076
81 78 705965
275 11 60255
62 115 294056
237 241 252679
22 12 770912
81 46 508938
159 89 789761
141 2 300569
40 92 452380
233 51 44261
247 31 489081
179 169 156811
163 20 613857
236 163 722321
14 112 894536
150 99 1184
102 143 53364
221 129 646406
26 81 525239
100 84 366819
30 120 872868
203 9 595141
255 153 970812
237 143 550249
142 131 749147
105 245 684769
46 81 977879
58 9 182266
2 11 992774
12 271 629022
160 116 313957
217 41 995372
158 70 804354
261 1 804663
105 64 863178
32 151 968052
37 104 539818
121 73 151319
77 25 489514
38 166 790663
120 70 835912
222 215 525461
16 222 48979
103 150 397113
257 52 481359
1 140 989186
39 109 11700
243 279 627838
145 207 271137
117 110 474267
138 240 951208
166 132 642531
17 270 312449
51 250 158433
53 251 294874
23 224 259191
133 74 273044
234 39 912674
90 260 337235
243 187 337649
168 4 132965
235 185 567896
107 23 791316
13 83 186370
233 43 841236
200 184 169405
234 14 973109
162 169 493916
74 163 757688
245 176 553788
270 174 777705
78 62 479464
188 79 104060
113 143 62196
76 58 948071
106 95 417948
114 147 503970
228 231 252065
238 65 8318
278 94 975485
41 13 430532
173 231 42815
105 270 478864
19 279 58610
52 240 119742
19 49 766907
183 272 244555
115 194 747139
218 234 730313
143 41 966121
213 68 582486
51 184 367641
23 119 873841
189 153 815269
179 23 554474
192 256 139323
24 271 553506
274 129 343950
240 158 732042
140 149 785843
196 255 412479
2 37 971734
265 169 403806
160 18 847891
7 136 258272
100 71 203717
21 117 925517
81 103 412523
1 189 216921
228 110 540575
234 163 726031
170 3 594443
224 147 81856
174 230 929856
111 159 246278
161 215 437249
185 218 117482
244 22 312619
247 116 926305
75 33 575592
108 275 891965
14 224 291253
211 46 118612
262 102 792051
109 155 107424
126 23 327188
124 200 492032
90 28 846001
53 182 915366
151 71 864382
93 257 601448
16 97 23942
171 140 401970
15 28 504420
253 188 102643
96 197 857882
25 79 336840
99 136 90326
203 204 13227
259 138 405641
56 197 719549
196 213 518412
146 84 220440
215 168 385420
258 2 924468
74 117 33032
85 91 18923
168 128 189949
271 247 779755
95 24 883465
91 82 832111
213 40 55030
145 240 834730
231 45 579782
120 127 747637
17 240 705554
150 264 961009
218 89 428635
202 197 644220
99 68 417184
226 251 213317
211 194 634896
12 11 444770
259 241 436025
182 144 347417
136 60 561189
222 262 286638
70 255 833481
70 146 218768
32 271 1361
54 133 848843
250 23 172093
183 237 369650
219 167 340738
85 168 830623
119 24 300811
159 11 398810
257 50 602495
251 73 385789
127 240 815893
100 273 279489
92 218 747366
157 237 686437
98 135 488006
21 35 710804
103 263 622881
141 182 117243
278 72 25941
202 237 465821
255 265 318248
248 272 442492
81 102 233686
49 98 793358
173 70 851544
232 243 319496
48 251 647759
243 136 562394
183 280 784289
140 250 697183
258 88 447528
181 40 25746
84 140 108731
84 174 969364
157 173 534913
56 174 759033
212 177 765704
173 90 243961
150 44 324852
37 32 307654
87 93 171923
260 170 652223
142 120 406605
7 251 947374
187 85 877672
38 266 524980
190 235 131246
160 26 157270
48 29 110390
222 145 941999
8 6 640988
103 262 337685
169 148 958791
22 228 701253
58 195 646206
74 20 232247
232 277 537967
58 78 757970
66 213 2742
91 236 506057
155 154 18075
57 66 90917
217 280 101770
121 81 975538
85 58 984122
123 188 67288
124 159 592417
63 130 788479
107 68 323570
242 157 611267
201 271 289881
239 138 262381
93 49 478222
274 208 534727
205 134 710328
57 133 308040
146 82 219815
199 144 915866
52 46 727429
199 236 131359
146 274 476912
181 228 297914
183 139 879927
150 197 618649
233 76 661894
235 161 133597
211 180 312302
267 94 514960
225 126 368687
267 143 224602
113 30 279626
275 223 237259
179 172 55218
228 28 881488
18 153 388270
93 29 593557
25 4 517620
247 11 690932
15 16 611172
39 189 733350
13 240 15650
50 240 154406
37 270 505263
64 102 396229
268 71 295352
47 68 687123
83 80 984565
250 113 480228
197 46 774672
137 111 645253
195 167 252633
171 156 663306
31 3 830736
160 97 529476
194 138 202240
157 276 882573
187 196 68734
225 170 580435
214 51 694154
147 111 645986
129 116 507572
51 96 812397
173 179 128103
159 153 910225
279 261 368255
195 84 631082
212 3 782057
247 217 147534
179 49 851346
251 14 912177
123 19 726315
123 163 661971
31 184 456380
50 79 630638
127 100 964431
101 128 439992
153 143 847101
5 82 980936
89 245 517783
37 30 983783
191 165 317863
253 42 483875
276 88 453097
17 82 431564
71 127 92704
239 197 417158
252 160 568014
43 160 147805
111 210 180712
238 127 948725
194 223 659902
206 245 13245
21 254 107952
40 259 977534
274 85 697106
140 20 986535
273 95 840646
208 181 286958
219 211 792241
170 246 895008
182 83 144477
53 119 88959
229 243 361528
262 134 550150
236 149 699580
276 54 8591
167 50 470640
229 85 556061
203 125 936637
183 88 694910
35 89 929648
230 67 635489
115 193 444000
266 203 244556
229 245 922170
256 49 541219
97 274 420389
172 15 691683
207 185 321262
150 37 436260
166 74 888775
192 180 504
259 157 401767
226 223 245388
10 250 904818
189 59 133204
142 20 136491
196 88 797595
93 127 332240
222 153 810680
253 94 659540
69 17 548311
43 219 958528
267 130 905211
214 117 994622
92 250 456453
142 112 918447
31 178 605596
232 127 648321
86 225 186521
12 27 167158
178 131 115982
26 202 804303
125 128 693146
102 262 280317
50 136 78371
183 234 677521
208 247 132032
54 176 95172
168 260 946171
64 175 404392
134 155 368759
172 136 846301
157 144 667039
257 25 204595
39 154 531869
60 183 869607
149 126 829669
70 26 60782
166 261 25398
65 175 681338
187 210 934044
124 132 856624
244 32 743900
265 272 590163
95 60 850115
84 151 100290
108 154 561311
132 24 979159
240 243 24791
214 235 227371
181 5 669631
25 276 412261
42 226 36948
102 6 766499
171 215 920771
70 84 71072
86 168 64471
60 261 302642
232 106 617068
124 73 150239
278 15 990871
36 188 168362
211 138 797783
116 206 248277
31 277 558458
245 173 826460
198 7 625204
115 47 689607
99 146 592502
88 97 779457
188 64 560325
14 50 907640
35 162 586906
39 96 609841
230 45 663596
229 206 757113
1 91 633290
235 220 874489
106 269 231292
226 19 502664
106 212 239343
81 78 416963
46 193 376557
26 105 333900
116 217 108796
90 225 181145
44 153 270480
201 247 439902
204 182 909060
152 178 777928
182 71 281086
15 238 468608
138 228 693901
277 199 523248
244 9 830569
264 24 776410
104 253 663477
105 212 78286
93 26 601178
4 29 714636
170 197 208570
270 259 439452
60 92 422913
152 79 324317
79 36 626297
245 106 827582
30 7 790731
234 135 100002
148 180 619162
185 109 574549
21 248 223931
246 83 945311
113 53 301248
25 215 714602
140 251 508798
26 148 765910
200 88 768131
50 222 160254
125 56 143351
43 53 16258
279 56 567230
53 278 160244
23 13 468598
3 19 277117
116 257 960397
232 118 791728
213 35 213962
50 91 369384
221 261 301580
3 92 137073
23 249 627473
39 11 15186
223 68 287500
240 224 905285
75 212 4835
97 234 277206
90 216 11415
39 100 284163
24 106 78138
134 16 408810
18 240 231459
239 200 321487
122 70 819811
269 193 600997
103 101 899780
172 63 470537
45 235 569277
156 184 230410
142 269 590771
40 247 182614
263 270 417098
267 56 65607
144 266 188443
18 145 531699
152 115 717962
170 86 405894
273 12 204183
167 128 194287
53 148 505985
226 275 848400
218 264 929694
146 230 599767
155 275 661277
201 17 515205
73 78 237207
214 247 681052
68 78 289299
137 241 587920
140 45 837016
171 243 942675
216 102 21980
210 22 807545
167 68 645288
32 31 645286
72 221 965583
219 90 595657
133 3 324560
33 199 847246
29 260 476181
66 238 636316
16 87 841757
273 130 939637
268 211 19264
239 216 84226
58 182 42634
82 134 379104
268 200 922448
12 1 933290
187 145 628498
211 90 129995
182 7 91346
101 13 299528
57 185 474311
136 122 193479
144 90 365278
242 259 161232
273 6 77449
35 271 751697
80 197 946628
86 95 688904
48 62 511176
248 193 684735
258 107 483801
163 219 952496
163 201 224417
224 203 66433
96 151 900242
54 10 912601
237 5 567909
128 268 186848
198 192 829764
210 131 147174
92 72 877486
39 17 456271
95 59 81536
136 265 592128
203 238 465759
243 58 308612
180 127 962587
189 40 592150
172 168 811189
77 40 425574
195 97 21552
52 229 919312
74 30 96770
216 42 858287
197 174 182301
221 73 350172
80 200 345183
37 127 755789
3 230 233240
31 225 575659
202 213 700152
33 26 259934
279 36 760339
201 149 959761
108 235 2552
171 26 870135
248 2 590733
71 59 247670
156 162 979821
156 108 638563
277 226 19300
140 78 507127
56 41 649440
199 187 825548
132 159 218884
56 131 544928
116 99 868597
209 200 315897
240 66 136003
209 206 34463
106 43 217082
35 265 342546
267 225 972220
140 268 759
182 85 728306
167 191 921564
269 188 91950
231 38 218076
23 201 617581
97 245 177161
279 110 752062
168 179 822605
61 191 281800
233 176 579721
226 90 926732
210 222 928235
54 206 893094
206 137 461811
274 72 635895
158 50 687100
98 30 906112
112 191 67661
115 243 726130
149 80 525233
96 99 916554
42 101 60453
114 223 461841
173 255 862526
258 242 592207
38 11 895687
63 155 286407
78 272 9437
6 264 990606
141 39 764852
31 113 761465
179 271 569091
116 136 264469
209 64 443226
267 55 255872
164 52 725609
79 253 727645
236 130 493328
274 236 815916
182 133 228867
229 55 795852
82 198 650887
168 16 200770
190 168 175123
103 5 895065
89 113 923748
85 176 48681
225 76 796121
233 161 54658
251 194 947205
70 160 127212
246 188 645548
128 75 332347
66 96 241097
35 188 105709
233 143 13639
50 18 678139
12 214 187322
92 170 542264
181 170 93065
276 167 757666
63 71 674235
222 44 243132
173 210 226518
139 27 764622
103 179 228269
179 276 754367
26 43 465233
45 184 837743
26 205 653563
33 2 16060
216 98 326964
241 91 843873
194 24 245014
188 43 118422
134 68 63178
233 20 528480
191 102 377429
53 173 711470
73 95 358711
197 56 736588
146 54 204017
18 265 271093
18 238 576451
230 140 277125
186 162 748128
28 279 625060
134 52 15795
199 255 357088
242 89 973634
238 167 681310
55 66 768770
69 244 699994
95 201 533659
75 215 124460
272 174 852399
43 237 193455
147 168 138614
257 163 632404
152 39 489560
223 278 74861
163 84 830806
217 201 439787
30 67 479862
41 105 935320
7 1 533376
156 269 90309
135 219 717577
48 41 592768
195 29 726797
122 89 434828
77 240 537660
99 222 448588
125 110 897242
122 14 482395
141 268 55741
137 223 999200
34 78 529557
29 253 339172
244 259 341592
124 263 725953
81 198 469295
132 219 198628
112 163 307078
28 247 474178
254 153 694679
86 161 550631
103 261 395897
96 271 412801
12 99 718463
37 214 741756
172 215 493833
134 115 670662
147 19 714645
224 85 464366
130 266 238461
147 243 839758
16 220 443207
114 258 12342
57 275 531382
69 133 376198
87 175 546551
2 237 773209
201 129 441530
98 93 946769
99 63 854428
253 252 703850
40 202 327042
136 193 626443
146 125 852374
176 45 500473
9 275 427970
25 270 637597
58 209 518575
252 237 740593
138 109 407777
112 129 85785
261 6 264488
8 237 201134
108 131 47676
92 164 592434
280 150 295464
184 18 428343
104 46 795882
260 200 237889
110 247 227585
66 1 102927
237 120 150065
112 248 802368
193 171 288890
57 127 49796
22 133 506245
195 191 408778
174 221 787509
10 158 168138
35 58 844541
103 255 168714
158 112 996384
18 222 225172
239 252 587093
12 105 844646
116 272 226462
241 16 708655
69 204 803404
68 207 207735
152 124 973329
28 183 772303
67 83 613277
82 198 634279
57 19 802484
185 43 959130
174 209 157922
69 197 794201
218 68 301246
249 157 454567
269 5 532726
102 101 708819
188 4 534216
262 99 264782
189 24 654051
7 212 304958
154 172 820836
183 270 402651
36 213 751339
199 161 214062
104 6 902302
119 144 4795
169 231 887174
12 77 763923
267 203 345819
209 115 905378
213 261 168140
17 216 545268
153 88 692900
200 184 469500
38 248 235461
10 51 92935
168 176 48654
250 198 299501
98 80 874269
270 234 396134
150 148 547552
61 218 936151
162 238 759437
169 74 631225
239 203 133972
149 71 396969
95 138 109093
217 259 269462
112 268 243899
50 240 346472
160 249 939600
148 259 661188
272 273 671142
274 163 608056
170 162 415182
154 91 634423
208 37 353907
137 94 118217
167 246 739030
60 52 840045
267 211 720699
218 195 285198
234 18 939173
260 62 310609
160 151 111217
104 22 780194
33 216 95193
263 83 474844
45 263 318241
256 94 335210
20 84 219865
228 136 824354
261 146 634553
45 188 269805
63 1 999081
62 187 331095
180 46 316864
57 256 806744
141 184 943225
59 15 192916
38 213 730194
142 232 224817
112 165 46753
165 219 737444
9 56 582474
97 186 836094
173 159 220890
102 214 620412
239 255 952926
280 69 113489
176 63 106320
206 132 693523
141 114 247949
141 225 574003
127 223 256349
7 209 259865
100 71 952694
93 175 766209
205 57 775145
43 82 357609
18 70 398003
138 213 291097
172 21 195309
203 132 650611
116 59 721530
149 203 457789
279 235 260163
145 91 277259
79 263 431498
126 92 620532
241 16 589201
13 106 411648
207 70 653869
264 280 204240
267 220 883845
40 192 360410
139 151 704484
69 198 197703
32 73 612566
97 143 43827
226 2 127324
245 276 112192
171 253 912965
218 104 402784
132 32 557877
120 51 304291
229 156 726020
61 235 431810
158 150 117549
212 6 361631
27 78 960915
61 193 511893
145 205 719532
123 52 815555
123 225 421181
109 274 76578
252 18 780193
33 84 640718
15 224 954892
27 259 671021
24 255 611336
223 181 604076
180 40 995394
231 105 252440
43 251 581925
206 17 650256
7 56 168826
277 208 894180
245 43 755672
47 80 81774
236 136 735410
125 174 376126
201 36 165955
163 165 438700
255 265 855672
245 225 575108
39 95 683951
137 111 869679
57 227 722699
38 102 700856
116 130 591725
63 176 658381
271 159 10050
190 100 878916
5 4 278017
81 230 919990
132 219 47613
249 151 850620
84 101 181143
136 202 880172
39 27 73233
251 265 368166
172 29 439987
17 226 385616
8 105 33789
104 88 182721
175 54 689279
24 95 717645
26 252 238369
61 2 980119
221 161 74591
74 84 56691
195 52 127342
228 190 894272
84 253 588066
61 13 974844
160 86 328141
169 276 482093
82 26 316027
33 154 59035
40 184 210075
226 209 425250
262 100 572678
139 233 493306
20 204 707233
237 133 862233
182 73 860744
129 174 691427
199 113 770699
117 85 61894
1 117 166376
13 42 727839
48 280 89316
267 165 451201
55 249 78063
203 252 80964
67 89 879344
187 125 869221
66 31 730616
161 78 153914
185 38 660783
41 276 759203
268 195 334750
12 126 746339
23 154 482309
231 134 184640
84 258 578029
2 3 423827
264 26 866475
257 276 973821
7 131 529426
188 139 711748
31 7 324014
8 184 130243
181 230 998708
98 9 569293
164 151 769205
169 257 483285
203 151 684650
2 266 298219
249 26 389490
175 204 467431
239 33 732078
46 186 209770
259 184 268345
251 131 597333
169 191 296459
55 159 423151
236 271 491888
136 249 915687
246 1 77024
145 79 494618
178 225 775066
16 108 730482
39 184 41290
260 138 17142
44 116 878792
9 171 788814
264 184 597798
274 220 131419
103 273 791482
177 100 418830
73 195 943160
129 37 565702
221 203 413978
149 218 839287
233 50 649788
96 191 360618
106 78 111259
146 240 801771
38 23 949595
33 270 365158
202 213 731383
14 26 81994
45 123 233081
7 116 159902
195 113 456278
252 41 747694
245 187 255865
121 141 329783
119 193 997219
10 280 33896
69 45 262482
233 35 26564
134 63 951785
241 200 274904
120 137 487551
27 171 190648
245 139 538002
184 68 29086
106 26 357627
103 243 510992
234 21 254930
72 246 392079
20 222 39526
40 143 695916
212 43 378609
212 241 808616
223 179 998156
58 116 93911
207 249 565279
280 242 733688
196 264 749319
206 102 37317
27 221 425211
169 258 427510
87 174 171276
92 9 333150
217 55 412456
161 140 572573
19 60 630413
29 77 898822
95 153 675118
186 117 768153
25 168 578342
85 145 920348
189 127 927058
179 274 738466
98 158 713238
72 6 694021
33 196 381362
50 229 404553
226 90 844297
245 222 629110
186 158 690734
14 61 363916
96 143 676496
177 251 289002
167 218 946832
266 108 595101
234 272 603330
77 11 640611
95 262 201304
143 44 817289
3 64 594365
193 14 435682
102 212 523341
242 68 303320
90 40 113328
177 249 265085
105 110 603555
138 24 782836
134 237 46307
70 113 343172
258 253 741979
68 216 105268
152 43 933944
13 17 536941
264 262 333782
212 25 165116
244 214 80352
166 76 11844
111 40 705557
36 192 946339
173 233 41008
227 91 264580
277 18 668111
116 64 613725
33 92 514593
157 82 600178
177 42 288254
183 104 946506
117 274 283113
84 250 137426
278 209 39380
20 136 543057
35 211 650566
36 68 65923
153 202 961072
86 227 574491
70 43 491450
83 203 508051
215 188 566459
203 259 162538
102 115 371782
7 251 916792
236 133 461813
174 34 401508
228 216 165568
67 91 720475
278 88 960274
26 44 517362
110 19 646129
91 57 487819
35 23 519655
34 47 368351
168 104 593103
261 36 643319
17 198 184360
264 51 381449
237 233 153214
146 162 744269
123 250 328728
202 171 677373
10 140 620274
223 123 861998
80 168 214131
14 24 563307
4 148 531398
230 115 204162
95 83 93662
111 182 266261
197 131 501624
205 255 941460
158 111 902165
13 1 236839
30 12 734371
181 180 822949
244 184 293036
99 183 986236
172 14 605047
30 44 259229
270 194 639592
220 222 743372
174 232 362833
139 91 842304
98 110 613416
163 192 938567
90 144 72273
162 213 975284
235 45 925046
216 211 936389
243 147 21082
73 35 456809
15 135 207409
18 268 650525
210 73 277703
81 234 329204
136 194 613744
70 85 479896
218 278 956789
249 33 797664
118 121 516867
117 238 113637
79 59 706113
167 223 992148
33 138 984112
147 3 414101
196 72 336513
252 229 728917
222 107 584247
162 204 764045
74 166 347506
183 25 767168
144 135 358305
56 7 331577
81 73 129338
98 162 450249
232 79 677446
13 131 624759
33 194 179099
161 45 52136
39 195 613619
205 198 35753
47 71 745622
20 29 761436
114 151 453996
11 63 877779
270 147 375307
37 83 73640
140 155 17283
87 179 505390
163 18 237770
270 111 227962
203 88 978764
62 256 712162
147 162 302364
116 18 547270
8 208 104971
255 79 582938
33 271 565906
102 198 891378
250 253 387062
198 266 785847
5 278 290990
18 132 356947
278 77 398412
183 41 582640
149 154 312764
260 167 895983
66 257 356184
235 113 369493
136 211 743296
190 218 874335
183 194 15084
94 252 547897
56 75 987128
188 65 899781
51 56 252799
237 175 12802
81 107 952750
124 89 113741
56 13 238879
34 81 784639
146 115 20250
216 151 463255
28 100 388233
110 74 799372
258 241 504641
48 146 659542
249 228 478848
143 163 501264
125 106 563193
60 16 413118
259 191 329639
214 143 650428
191 196 516422
165 71 397880
267 18 388012
53 210 871309
190 254 254325
11 56 264185
111 146 992732
258 146 963926
7 63 313424
173 172 934408
214 174 971596
215 186 600903
272 73 827996
245 221 620851
215 110 160188
31 110 565738
126 137 898739
196 261 843874
242 254 717166
172 12 346933
91 187 102400
102 228 992675
129 241 939844
240 232 793720
3 251 163525
204 177 821192
64 68 705581
7 135 478521
257 190 212576
194 244 466762
85 24 621329
138 187 679901
76 208 927481
237 79 208383
13 221 579244
132 45 253443
267 57 84438
128 256 449262
263 255 9083
127 247 659003
215 96 349817
82 46 841411
9 207 596388
208 269 265013
173 90 860793
230 63 496163
94 81 62493
150 20 517280
205 128 286695
22 137 73956
87 60 648845
145 36 299862
268 149 615322
150 237 634460
255 32 667607
130 217 194707
276 28 183280
94 213 311268
16 112 641976
73 29 277496
267 157 40077
178 11 394023
76 170 873285
146 54 879535
160 198 810533
49 155 236082
91 14 65292
217 77 592855
278 255 856797
172 103 474649
81 2 798943
192 232 446360
163 241 392149
219 140 1122
115 175 938621
259 18 813697
31 92 159247
2 226 236833
175 225 685270
118 249 434421
126 253 210108
103 184 738108
168 116 526407
107 34 907535
202 94 871068
31 146 107325
141 268 749177
55 169 782070
156 217 293723
22 139 506707
236 219 343363
269 241 770493
77 93 60444
20 215 593638
152 53 129633
87 205 621235
39 165 278199
200 115 398876
180 139 362518
211 146 895608
192 42 558563
145 210 877073
56 147 225128
186 19 214423
205 189 82638
32 119 177929
15 65 564627
257 230 715897
223 264 790899
239 4 894755
81 33 294160
264 142 646975
172 124 84304
176 107 776560
171 49 118485
151 79 921747
141 245 110108
138 8 987741
173 96 627168
227 229 452439
114 36 775173
112 53 238949
267 238 140267
94 280 22918
66 153 227015
204 187 451287
232 184 323987
158 278 852657
39 222 885552
52 261 877315
254 47 207448
224 83 62302
65 95 474898
207 160 843448
166 148 298527
36 123 882945
3 222 692680
17 7 867019
274 61 17762
256 129 144007
108 266 568702
95 214 315178
88 62 896880
91 92 369122
193 178 703638
223 19 395344
140 91 303036
155 28 299298
260 59 940540
164 167 916109
23 49 142167
127 207 305132
153 137 774294
227 157 845619
171 43 919201
268 123 216233
273 24 433440
124 242 60513
28 145 495211
100 274 817205
106 81 487849
229 120 819409
28 124 278130
152 259 87355
100 69 673481
50 105 238723
198 109 875805
139 43 782866
82 125 589037
217 56 560904
256 34 318146
154 257 604748
80 231 446445
159 267 987284
24 2 804154
77 36 221694
117 112 536130
186 109 454563
155 116 856952
220 204 330159
154 50 899724
121 5 395069
71 265 363792
