300 300 300
159 15 830710
163 51 797968
184 237 654415
290 34 117840
290 195 262543
67 232 426294
143 198 987259
187 61 216719
64 280 173039
63 95 884912
173 125 965841
59 166 683861
139 77 474664
290 136 637721
233 188 271360
272 270 489548
128 8 942806
275 254 443252
143 3 408160
88 61 54516
93 28 942966
52 34 723253
108 58 116653
27 127 137337
47 24 360069
262 133 306969
210 265 805065
180 145 930523
195 210 974065
205 63 589928
23 171 499080
107 248 398553
175 135 670186
285 223 540042
109 151 140822
106 279 325438
252 298 969950
26 296 845786
156 71 335439
180 32 309852
87 63 119028
268 12 9911
19 96 290039
77 137 562061
211 18 208105
89 241 908741
74 178 9754
112 142 385224
217 174 350518
20 235 625292
288 39 675496
48 276 367612
297 159 244052
273 155 888831
107 226 501584
63 211 302104
120 82 201462
299 254 623225
271 246 911560
96 184 799312
211 149 823859
208 236 392387
120 243 308240
199 91 254436
71 105 648691
234 151 280358
211 76 5597
162 241 692572
135 78 740177
164 263 406891
178 14 631230
206 118 830369
52 99 387828
189 114 403737
49 175 540911
265 85 589974
240 281 797822
198 29 75519
141 40 875762
280 12 915688
3 128 446370
285 79 56181
144 243 557862
25 130 473423
42 226 35561
27 240 767332
256 76 107941
156 24 306941
92 24 691741
6 80 772700
184 141 619116
49 24 20927
86 219 751242
219 1 727817
269 267 630558
264 84 240098
123 259 659491
116 49 472872
32 252 253497
113 238 172112
43 180 441281
49 213 278135
206 204 317038
7 12 825221
222 27 742209
253 255 149661
295 205 640730
70 175 329348
89 121 479341
142 131 938959
126 84 922433
66 126 936388
56 266 61701
291 168 659977
94 90 563319
216 161 171585
6 29 945414
64 30 95828
206 181 509043
102 123 787534
33 30 295610
180 92 247236
17 10 702693
229 138 905097
189 287 984563
182 140 703570
200 237 639569
86 67 24128
134 50 253430
124 147 86272
244 186 836158
180 108 494020
169 279 900181
61 142 982205
23 21 976078
66 215 59602
174 192 607130
121 55 597731
156 284 660300
107 231 816055
161 165 927001
156 28 974927
11 90 855253
112 190 277526
61 211 832716
137 3 158498
21 243 886822
171 282 569359
125 153 450272
58 260 830571
9 68 704720
22 262 674586
28 68 612204
22 126 981818
56 141 199092
249 145 477429
284 294 215335
211 184 539969
170 251 527557
290 57 576788
128 197 421617
288 10 719830
104 228 680994
255 184 552630
128 227 673932
147 198 696133
57 138 932105
134 153 745730
5 118 898073
181 196 206521
210 1 288945
270 3 670650
101 220 78270
202 4 621904
277 208 119721
32 243 632969
103 230 990297
24 189 373488
206 230 776168
136 239 549735
22 32 130374
151 119 944441
158 298 326219
207 24 486131
270 156 284842
34 38 71844
37 203 386734
98 204 205734
266 2 869228
156 150 803893
32 127 7817
265 193 317198
69 110 443707
224 135 700179
117 195 742453
197 158 762725
75 266 665426
96 194 932102
192 56 961665
156 16 99635
206 156 187124
118 289 673156
45 191 275695
16 201 371741
83 277 481047
44 77 707387
41 206 448115
277 155 910544
209 186 774083
179 296 705667
63 180 425815
208 279 564020
79 237 44592
152 296 777693
284 244 407500
168 28 633897
221 29 895672
40 46 903688
209 176 21942
292 268 586898
62 240 453897
123 133 160019
210 63 647997
293 284 480826
269 96 646665
249 26 144932
51 287 585906
100 48 663116
17 101 743105
289 153 468034
278 121 281792
136 185 544909
126 130 787010
261 244 793437
224 91 933342
24 286 193511
84 35 435026
218 145 193613
4 167 787816
70 154 844455
177 116 562651
64 212 842596
13 63 768191
126 54 918323
129 275 782903
276 255 245503
32 111 189840
52 178 786439
250 66 958160
205 247 215487
214 220 756
226 24 244182
271 241 728922
175 17 771412
84 115 875356
127 45 390549
245 287 154778
208 284 73573
228 197 519216
37 279 953769
106 157 170538
137 11 819933
183 106 745186
280 92 590079
122 248 264311
118 110 534735
257 156 462569
97 63 47262
4 252 184207
238 96 134085
77 283 803854
70 140 556027
164 5 610349
175 73 256311
65 160 400651
300 11 87184
195 20 565569
231 160 399079
148 173 900241
102 146 880380
68 31 285646
118 275 718252
81 118 619758
53 280 662575
32 251 589218
274 26 106850
121 297 224783
287 225 144242
159 32 75722
36 266 189262
172 268 1780
132 61 650716
166 29 273785
72 108 515039
233 251 321602
119 18 940301
165 226 397560
180 258 911691
60 64 125136
94 242 964966
251 118 40285
175 149 52728
83 214 36151
213 45 14434
265 221 66307
224 255 51528
109 293 43136
178 192 8389
146 256 42642
61 45 56214
162 250 74584
267 42 80348
42 125 52809
148 70 87
160 284 34492
165 289 61482
140 153 96199
14 107 97572
197 292 77360
132 212 67608
157 173 83677
212 240 61436
70 179 67238
220 31 39534
81 214 91207
285 124 13622
93 42 20300
96 204 1633
22 74 9357
208 61 12801
89 141 97088
40 4 14906
144 257 89318
214 287 94352
240 83 67270
78 210 50171
232 166 47250
176 109 25701
191 89 75230
17 125 48862
132 240 38971
214 115 30153
283 147 55644
243 203 42454
40 163 10446
121 210 9452
160 86 37571
220 18 29433
63 47 16129
103 88 38762
137 100 31726
62 30 88604
121 84 69395
140 98 54547
218 217 30001
230 114 81427
300 173 18917
262 17 47599
293 211 21564
198 248 9595
17 216 22770
1 153 10095
225 46 42328
137 171 9331
205 290 14777
267 124 9432
54 296 99357
143 282 10244
269 243 66482
11 209 92640
100 76 93347
234 233 60044
187 107 18809
9 31 8162
230 10 54239
293 239 98101
154 193 51097
175 81 64774
115 210 39436
273 122 3619
285 236 45683
280 46 52482
166 92 28402
185 159 33112
177 226 37277
288 67 18607
142 73 97071
64 284 14397
102 18 51728
300 65 56604
47 54 25844
100 211 14203
183 146 36069
279 12 84476
147 15 19497
202 220 61060
271 108 823
227 252 39073
124 67 42565
263 168 74154
292 109 56346
14 82 71987
17 5 11614
206 40 39903
257 108 30303
194 18 74415
110 250 76492
21 290 265
37 111 7537
131 196 74049
299 63 16682
59 164 40373
185 114 26013
258 103 18897
49 221 49452
43 272 52848
127 128 5791
195 22 52882
129 153 11963
68 229 28000
214 165 94549
119 295 72011
255 39 99687
300 56 4522
201 136 96434
72 155 44389
122 108 64948
128 109 54857
193 89 82191
36 169 17419
237 23 32741
16 71 2839
216 171 96476
103 36 59679
207 169 61354
215 230 8465
223 237 98577
21 86 69656
248 45 9121
172 171 15727
100 157 79648
83 203 86353
173 245 96679
1 16 20106
99 39 22688
92 80 74141
264 265 52024
115 171 18012
22 79 23161
274 12 66200
203 98 4374
4 216 96890
39 259 47341
34 148 60866
219 279 29194
14 48 17559
161 47 55641
198 195 66576
62 224 98984
125 142 73617
293 241 45764
156 295 88045
253 128 60574
275 195 97038
296 47 5981
11 98 89824
197 172 22680
184 145 45820
128 81 57612
51 112 62936
52 126 17178
84 171 33087
28 95 12576
146 55 67852
191 161 96379
128 251 93855
258 73 8919
53 2 2971
115 52 51326
86 16 35849
204 51 97943
133 109 3447
238 207 97361
155 74 43772
140 123 74281
149 80 54137
234 186 39941
55 139 40766
159 35 86394
272 130 17948
235 91 28197
249 265 34362
287 212 10857
268 297 97437
5 76 85859
20 63 37497
262 248 4501
139 264 2079
211 280 97490
285 195 66787
141 284 20139
98 42 53420
19 206 5266
208 236 77633
214 14 56223
230 54 82869
40 159 71211
81 84 45176
131 114 87093
25 94 63411
178 184 10384
5 242 36935
197 34 12678
222 224 69831
22 161 99447
275 32 38657
207 234 58684
169 190 95263
32 187 23288
298 183 6542
203 19 94566
148 25 10218
155 142 46255
53 62 29297
47 113 68001
193 152 95381
85 66 79626
203 132 77189
253 85 19949
283 292 90927
190 113 12837
45 214 50498
287 43 89160
220 158 76541
58 117 53202
52 262 99776
28 295 18174
228 284 56659
241 244 51929
151 37 12002
248 155 54667
155 53 53940
266 117 36517
211 234 76154
135 67 19067
201 292 64414
18 151 76492
63 223 84282
45 166 46318
140 23 82197
223 221 16705
58 232 66430
112 77 79009
114 270 62602
123 95 51984
192 65 31863
263 58 97955
178 107 87223
273 215 96883
89 224 78540
107 29 31487
250 282 41177
137 256 63899
265 209 18068
62 230 93557
114 6 21779
172 119 22145
148 54 8035
169 227 53279
117 153 87718
259 101 20272
215 210 27424
296 250 33746
143 187 37773
48 182 13964
157 171 96975
203 166 19941
269 224 76646
89 17 48672
32 291 49222
268 215 3756
115 14 37696
50 95 98438
83 40 40876
293 129 17119
70 7 74087
237 192 34845
119 22 66305
168 39 75856
297 2 95707
72 55 34740
83 104 82350
64 162 67881
208 38 46713
181 89 96799
16 67 36353
251 21 9044
24 294 24154
120 94 41382
108 101 28252
