3000 6000
285 663 120 860 362 553 227 611 50 789 933 196 432 523 664 592 510 386 339 890 338 648 938 29 432 32 336 707 95 673 313 565 978 771 956 17 248 427 940 632 386 282 350 686 269 658 115 908 775 336 689 947 685 315 10 871 283 464 651 81 873 805 503 330 706 823 599 550 305 504 672 369 127 323 701 522 377 727 413 808 308 276 856 843 972 708 568 695 751 113 855 508 734 119 6 716 559 400 873 70 504 861 659 433 256 226 724 710 103 906 978 215 441 593 449 915 349 407 136 355 433 501 384 136 205 715 428 525 586 790 725 322 797 590 833 593 515 469 11 128 600 667 806 243 186 391 790 909 905 708 499 198 723 132 705 807 218 732 523 136 171 279 261 847 27 821 224 952 377 49 850 790 298 510 567 724 860 606 166 420 260 416 624 684 847 954 45 134 335 750 986 480 853 680 530 99 726 369 490 270 644 988 599 66 844 799 411 543 276 493 443 493 75 679 821 166 733 101 580 578 677 471 511 230 490 933 389 218 527 111 536 2 703 29 788 206 945 485 837 766 241 196 95 280 322 918 298 836 776 700 756 550 220 474 360 275 699 904 694 673 888 294 717 284 65 310 716 594 302 769 702 538 605 15 286 64 705 194 933 534 979 822 447 742 515 397 947 369 964 17 612 907 230 808 418 472 589 355 70 837 625 241 435 321 857 54 397 436 189 702 332 922 906 358 758 671 29 180 281 948 912 977 889 926 804 862 322 850 820 719 979 590 58 743 452 798 660 994 522 32 192 35 263 390 433 697 981 340 866 249 817 365 720 1000 432 973 595 534 781 564 888 538 975 227 135 726 146 854 996 310 63 438 415 765 345 39 79 771 677 981 116 193 950 945 734 744 683 658 327 370 274 744 630 359 912 514 328 960 280 983 262 219 139 777 354 165 357 899 300 884 626 687 395 564 8 422 323 304 551 901 287 552 966 571 860 922 369 307 296 665 332 713 123 843 648 204 709 336 65 953 985 508 498 802 220 976 422 70 777 164 316 668 549 433 658 800 21 94 136 880 24 620 910 921 170 266 960 430 217 288 270 135 968 599 618 231 270 353 338 159 797 174 734 778 802 742 284 266 34 281 48 905 616 659 178 887 516 745 106 337 43 833 779 316 559 451 348 329 596 464 417 318 44 986 585 4 386 248 980 52 734 112 265 939 453 61 906 42 527 257 223 534 743 244 821 194 144 435 822 276 493 333 283 912 673 991 528 356 668 972 566 846 941 817 484 942 887 846 559 806 708 537 878 662 732 182 807 615 522 214 59 449 890 182 572 45 822 191 324 851 940 988 78 877 894 905 281 739 523 170 507 751 548 280 949 728 35 35 664 813 396 899 667 677 265 684 187 336 826 926 788 42 671 642 352 695 146 871 542 82 977 364 269 492 894 454 134 859 367 840 965 603 508 551 496 312 848 979 518 204 781 24 845 132 99 351 414 17 680 407 303 865 794 952 418 929 774 716 413 835 308 330 428 424 302 243 796 790 115 845 713 186 369 722 659 112 86 326 993 582 37 769 617 844 438 733 792 24 526 500 992 37 988 263 766 248 151 397 337 455 480 298 313 211 955 881 462 781 303 19 478 198 85 266 584 317 467 131 614 49 447 175 140 305 777 781 18 70 469 688 359 801 434 684 770 762 715 547 51 514 52 474 477 492 581 115 290 260 177 965 728 696 510 709 734 313 804 343 889 185 970 495 172 739 360 56 245 453 48 207 899 288 347 580 69 968 169 929 530 290 479 880 560 198 699 562 313 228 719 682 787 104 567 523 432 977 379 832 222 892 332 59 241 534 111 548 309 427 183 384 86 540 846 277 703 534 13 797 947 41 357 609 873 969 7 236 453 221 318 972 87 202 664 143 203 369 112 171 428 499 758 925 24 260 833 204 962 696 890 264 203 705 504 644 367 331 284 339 811 154 15 12 910 713 291 67 512 910 835 34 145 959 303 26 205 815 953 670 7 998 300 901 478 897 326 931 62 383 487 630 524 157 405 577 823 371 564 634 793 834 655 538 66 422 841 514 505 509 12 482 620 730 662 915 147 662 437 686 116 527 613 327 222 1 906 233 649 864 489 197 593 936 716 678 509 752 511 17 724 763 7 793 912 378 131 144 980 845 178 810 864 844 995 470 192 103 83 802 539 453 58 909 60 996 215 586 513 514 415 432 919 390 479 578 825 637 733 31 710 682 796 840 361 784 714 837 996 390 482 993 194 285 600 84 990 99 641 415 965 887 625 826 709 836 958 121 767 691 98 715 55 165 344 68 8 381 713 487 162 520 893 535 805 508 598 336 311 778 460 1 201 850 22 443 453 484 604 67 825 140 635 192 132 480 518 235 406 839 108 219 910 104 113 111 906 570 418 814 484 477 636 250 922 822 552 516 518 765 922 537 486 329 528 806 458 198 588 76 529 58 117 203 474 438 981 342 597 728 577 124 806 488 267 384 513 673 104 774 137 311 391 523 457 959 73 850 793 543 563 460 168 812 585 803 449 465 106 661 724 930 953 502 450 496 73 447 944 663 473 237 920 651 849 534 762 279 817 329 623 255 719 21 621 37 211 42 410 371 660 147 17 263 815 611 391 324 941 902 188 246 408 542 706 369 403 613 424 339 509 309 772 244 336 775 742 410 351 463 746 549 579 552 186 74 974 756 139 783 140 907 485 487 223 91 885 476 391 52 641 843 475 423 819 246 617 422 48 935 789 361 347 615 673 424 868 399 158 444 420 240 562 433 427 567 133 104 397 579 28 764 764 132 238 420 988 721 399 400 608 512 896 31 911 393 123 996 535 758 154 546 68 742 848 174 12 428 297 465 176 480 839 453 392 904 5 276 583 915 689 200 41 599 79 936 277 384 19 835 566 689 214 656 811 92 301 914 673 741 492 388 806 492 253 981 435 906 23 888 359 175 691 820 738 231 151 675 264 749 318 162 295 252 329 142 58 506 437 692 650 588 360 53 977 124 398 126 373 33 892 422 632 226 515 408 289 780 70 172 352 821 636 479 90 229 229 858 86 153 162 941 698 483 687 284 328 579 906 258 31 302 381 197 262 19 163 652 811 218 173 51 695 762 287 876 482 972 220 848 1000 637 678 810 281 282 853 684 265 455 746 256 277 734 561 178 810 62 430 761 99 837 976 858 716 480 968 33 234 787 48 654 876 576 699 616 797 722 89 957 294 752 122 155 874 68 173 930 542 881 624 295 403 633 182 374 119 35 27 618 178 657 458 364 802 969 152 381 366 262 462 785 142 897 417 290 120 793 248 860 637 296 900 176 999 919 854 487 446 469 540 127 516 16 630 189 758 963 237 155 362 478 146 340 977 120 591 208 327 946 337 426 685 665 63 959 407 302 746 833 820 359 151 116 695 229 189 222 201 192 730 907 830 822 509 926 630 164 542 372 98 815 708 544 404 72 465 650 839 425 710 556 35 405 511 160 353 740 557 459 107 160 633 852 845 201 189 218 724 943 239 6 578 981 183 167 639 76 288 599 563 859 633 762 203 819 993 481 416 167 587 773 487 597 893 529 340 90 320 771 248 655 956 390 410 253 622 288 859 305 201 707 18 348 690 579 852 138 84 3 992 40 329 225 357 447 274 202 1000 456 782 790 841 289 696 710 424 13 569 875 688 799 107 500 20 190 958 928 211 623 762 460 483 700 230 10 5 690 863 758 165 319 94 712 538 591 235 900 737 220 972 291 386 204 708 557 867 403 114 149 666 946 696 652 524 598 497 551 693 95 350 9 248 71 852 867 909 218 107 228 542 113 382 64 938 576 970 447 357 899 610 578 495 398 693 810 258 366 799 142 684 165 482 219 800 139 4 181 426 543 8 8 486 116 706 858 367 965 16 811 705 685 512 654 791 975 131 92 687 344 132 257 909 308 565 265 302 860 995 3 826 313 181 239 987 175 465 125 22 953 485 208 461 556 266 100 498 773 470 748 810 710 387 420 711 285 980 273 72 386 314 218 547 978 45 831 339 250 87 72 255 504 519 765 754 967 297 739 75 751 34 88 123 688 80 754 851 542 542 392 186 422 285 213 41 271 311 966 96 862 728 29 138 591 959 20 142 666 544 134 29 768 721 713 576 40 841 574 258 987 181 653 430 976 835 118 222 335 512 297 741 635 70 77 578 686 356 636 939 934 123 635 952 466 573 572 129 743 38 974 938 357 791 370 250 714 720 490 873 867 695 978 990 907 835 639 610 124 351 599 296 371 325 567 931 257 457 424 623 781 44 438 423 169 909 278 210 249 184 829 605 828 642 20 499 575 292 27 344 523 950 826 33 852 24 869 659 902 715 570 122 737 498 453 932 25 190 835 164 394 672 35 731 273 994 528 466 127 672 313 534 404 309 672 519 965 119 570 572 911 965 27 694 658 243 191 772 281 870 792 62 48 284 194 697 201 692 526 948 59 113 892 993 671 879 736 186 174 270 837 272 65 458 486 705 223 324 112 345 750 870 468 51 379 188 181 980 995 22 102 414 831 675 47 985 222 806 283 477 164 555 442 501 712 180 420 321 636 539 961 447 63 9 891 808 91 127 893 718 772 74 112 250 621 71 557 1000 757 682 676 503 89 1 788 103 496 765 321 434 594 870 91 866 777 802 31 934 894 502 714 722 944 799 529 211 972 844 322 928 588 991 286 610 772 113 498 191 90 191 60 757 110 140 407 791 833 73 521 337 755 559 921 95 783 229 677 354 554 14 170 133 8 26 347 530 152 628 506 746 56 825 956 826 162 920 326 484 96 124 250 686 797 869 502 19 880 929 510 382 357 560 4 77 778 187 484 272 103 700 513 937 446 658 226 179 406 492 15 881 852 333 46 103 676 552 242 58 368 621 950 620 237 435 463 759 93 140 92 287 147 85 885 158 73 521 678 962 191 956 159 846 420 536 764 500 858 997 767 816 605 129 394 709 907 698 794 256 494 156 858 313 425 784 258 211 927 195 849 808 282 558 36 702 919 529 670 516 472 39 461 920 942 894 981 534 176 407 578 318 561 260 950 983 919 41 493 222 589 895 722 953 86 756 674 4 885 901 897 247 352 621 350 645 703 932 405 797 149 37 193 234 963 123 116 227 837 869 63 219 916 391 624 8 731 92 589 226 272 609 380 305 880 477 43 815 954 75 410 273 569 939 624 881 694 829 104 971 335 971 788 280 808 533 169 805 311 963 226 492 762 687 465 717 910 330 934 186 133 864 39 222 273 905 230 942 267 689 741 449 744 893 243 682 747 303 563 861 419 351 524 202 368 568 393 448 272 204 618 145 559 62 100 653 544 685 599 89 451 151 498 855 254 955 830 686 327 45 205 555 39 904 291 618 11 235 38 461 893 254 119 126 437 327 863 923 394 872 938 267 761 4 948 499 266 700 542 271 191 111 548 565 372 276 170 371 473 443 92 620 735 17 593 824 774 621 191 338 451 946 255 120 372 898 741 377 551 504 797 367 973 143 241 288 265 453 821 332 532 311 385 140 910 59 297 43 495 230 743 381 566 245 395 569 637 706 77 907 580 343 964 207 363 857 955 77 945 705 465 560 805 699 117 29 861 362 596 971 725 448 462 928 97 626 232 321 513 57 64 66 783 125 321 634 577 327 668 757 702 350 817 479 675 800 720 663 64 995 15 868 121 133 338 598 812 396 870 998 627 370 357 564 403 661 366 297 815 324 109 688 707 901 738 971 110 947 333 457 416 568 483 462 821 773 161 715 341 954 707 854 524 976 168 774 877 532 363 939 569 281 350 102 801 354 333 283 530 782 787 389 512 527 224 645 440 998 954 301 735 974 727 346 34 843 269 165 370 411 703 881 693 719 627 703 561 199 156 448 446 186 726 70 855 261 893 657 416 302 137 166 666 601 904 963 151 638 713 8 836 601 336 26 180 799 688 44 919 878 554 58 335 406 54 426 406 639 104 1000 486 842 200 897 70 621 520 92 745 72 941 970 746 25 243 737 540 315 718 4 282 727 829 86 528 682 583 368 441 153 488 489 373 506 539 961 295 763 966 709 32 313 617 854 115 841 666 97 842 566 756 665 784 133 761 112 223 153 552 744 38 270 799 455 762 271 287 621 617 498 792 249 682 797 954 962 862 345 464 890 39 590 984 538 951 34 50 824 851 970 69 872 921 129 753 376 509 554 679 758 231 69 192 546 670 637 535 451 801 653 258 928 643 931 525 386 253 761 257 775 66 986 225 414 645 183 455 796 370 854 766 114 128 775 29 157 229 664 658 568 130 354 962 307 73 315 139 514 699 926 46 270 452 767 388 233 53 45 242 528 271 181 277 195 888 241 488 800 5 240 192 76 916 947 947 352 532 783 679 363 913 891 423 185 272 419 313 886 847 648 529 701 656 816 272 668 554 595 409 369 121 85 94 492 558 195 588 776 979 24 470 66 348 231 383 306 78 582 304 767 443 625 342 985 495 451 166 771 327 678 548 203 683 372 738 527 579 133 454 830 349 916 332 399 646 366 563 158 256 519 679 867 157 18 512 20 842 972 456 330 511 198 905 4 201 261 695 997 855 118 613 402 219 824 765 333 361 90 808 761 807 976 940 313 929 765 774 140 169 756 145 915 643 581 795 750 192 234 97 974 334 378 313 880 928 42 261 948 696 926 732 12 205 701 498 425 520 764 66 306 344 22 124 893 528 107 132 211 324 531 115 981 785 831 199 612 936 621 867 913 911 12 343 909 739 415 56 892 431 133 946 519 858 502 433 501 255 785 916 765 364 925 45 202 78
2399 2624
1700 567
387 2491
2311 1162
2391 2657
2482 19
702 2365
979 960
2486 1424
1720 1665
92 1538
445 1641
2228 631
1204 1
66 1650
1389 2060
292 1100
45 2207
946 326
879 1811
227 1144
2339 1596
1096 87
644 931
2740 607
2049 395
1949 1634
450 724
1188 2622
1280 1628
1710 1333
212 897
1222 2072
1778 2717
1733 1815
250 2820
94 1615
1924 2846
2316 2082
965 566
364 1265
2837 760
739 2368
1270 2110
2129 2506
65 751
1566 1282
755 2848
249 726
944 1150
2249 2935
822 2962
514 2234
2697 2349
2365 1476
1493 2581
2618 1084
1213 26
2847 349
307 1620
1009 1239
2262 1224
1754 748
2991 2846
2218 2291
2030 412
1426 1074
416 23
2635 363
2719 1372
1400 2872
656 1085
1151 877
2919 321
1845 272
1942 1872
1651 308
1808 412
864 1892
2691 2969
532 315
282 2128
1731 1891
2198 1819
685 1589
2766 2256
2149 2939
60 398
737 1390
1693 115
2465 1483
2878 813
2819 1652
2714 653
1985 78
1226 2410
2974 2270
2658 1039
1699 1205
2150 2436
2062 2613
324 1557
1397 571
2044 1530
1537 2984
1219 2316
2910 1228
1451 2241
1852 2107
981 1571
630 1650
2116 2287
1659 2196
812 973
1034 292
2036 388
2554 1235
1062 2528
1379 2009
2269 537
2397 2572
2412 1074
175 793
1740 1305
2987 1209
1891 2506
1044 2929
346 862
171 1373
2803 2438
2750 104
2924 1990
704 657
619 954
1401 1876
2146 75
320 1872
1419 933
627 2872
969 2675
1215 1284
2935 2541
406 831
2089 2477
1174 2490
2617 116
2088 2484
155 593
1143 1167
2554 1584
3 948
1002 623
2152 897
576 2202
1228 1028
1086 2049
563 909
325 2780
1219 2384
901 2429
1996 1838
674 2308
1415 966
2480 2319
444 213
807 2528
1885 316
469 2041
332 1210
1851 1110
2239 2433
2188 2827
2026 936
201 1572
1452 2010
37 236
1962 1363
118 1568
2800 1405
879 1256
176 1106
2678 1614
1035 1339
135 1266
743 2274
993 1224
97 2355
467 354
2299 2048
264 1721
2963 1821
2172 2978
2518 724
676 287
2600 2197
2387 2350
659 722
568 2709
850 73
355 1706
2301 1463
1787 2557
1921 2244
786 360
2921 2928
653 1221
1709 2587
2044 1776
177 671
498 915
2390 1056
1205 570
295 2500
2239 2278
494 1740
1124 629
1607 2649
2786 2121
2242 552
1317 1642
229 1626
1875 1630
867 12
1180 2387
1192 10
1293 2797
1258 1143
923 2932
1174 919
643 1210
1899 2302
1563 2648
923 1443
288 2934
2476 1038
2709 1098
394 1955
660 1372
2342 1805
62 1499
1559 2164
1545 809
2879 1594
2405 881
423 317
1651 960
2337 2348
1315 1992
467 853
2398 748
46 1747
190 779
188 702
1685 1482
2337 2915
2417 2380
1057 1195
2576 895
2286 76
393 2568
285 1594
2502 78
1541 1741
1953 438
1602 1437
875 541
613 623
1657 1817
197 1205
1229 1281
1787 1221
129 1150
407 476
1447 2658
2658 1947
2250 2583
1800 2304
2497 2997
2942 341
1604 752
2445 1197
777 2456
2746 696
276 2896
145 2355
1484 907
1361 63
1875 437
2826 771
1801 2328
106 2985
1863 28
1236 2723
1867 1143
371 1719
210 789
934 1815
1953 2984
1129 451
2399 2535
835 1281
1268 916
2480 971
2768 659
1362 247
2033 2625
2321 2855
259 2968
176 1916
468 434
2318 2402
936 351
698 680
578 851
1992 564
1866 2713
69 2032
1543 1179
2807 1746
2493 1760
2604 2706
474 2466
1552 1851
350 907
1556 86
1691 438
903 1174
1459 753
2747 2062
2618 2904
2874 1772
2252 1363
999 2403
1002 2329
1985 2873
2541 818
2686 585
1400 754
2062 78
1330 2528
1089 80
1282 978
128 293
901 2012
2516 2548
2165 715
1529 917
1896 1466
309 593
2474 277
1689 414
1807 703
2669 2123
2081 1318
2782 2291
626 570
2583 1383
677 75
2729 1935
992 2940
245 726
2258 2688
770 1474
1654 2433
877 2526
2534 1163
533 2171
2368 2656
2983 1139
1175 2304
257 153
547 1264
635 192
2407 677
2293 1515
2797 2423
83 360
2726 1181
952 2724
1646 547
2646 419
2800 15
2668 2779
1350 2506
2024 945
2373 764
509 678
183 954
2808 2424
2772 2778
2702 1162
2138 1279
1236 2638
21 1990
569 1245
282 2059
2548 2203
1881 2121
96 1079
2395 2853
321 2947
1953 513
2962 2349
134 2435
830 1509
791 279
2556 1079
1621 1581
836 1557
875 1853
2812 2663
122 581
1419 2941
2817 360
2824 1997
2800 2506
2321 624
514 2760
1408 2543
107 2071
2346 606
2823 169
2458 1543
2512 1278
1345 2121
1893 1008
1440 1810
1169 1082
1257 2082
1062 1943
1534 1584
2515 982
2024 1121
1453 61
1453 826
1447 2662
912 1257
90 215
2749 364
909 2196
964 245
923 1778
173 446
2228 2327
524 2929
345 2677
393 2713
41 837
894 1414
270 1858
2161 1847
1742 2137
2336 1290
1569 548
538 389
1560 2276
2763 1944
1304 2546
2232 2923
1095 2050
2317 1445
931 447
2685 1155
2076 2613
2361 2456
832 2549
1726 34
858 768
2142 783
28 253
2722 2486
271 2854
309 2575
2545 1836
1010 1253
2770 1049
135 2453
2617 2483
1200 3
364 2479
608 2833
1684 2252
2234 207
833 1372
1544 538
1826 994
938 756
1827 2596
883 2334
1800 1194
2416 988
40 171
734 2006
1953 2904
85 1913
411 1526
6 1977
2965 538
677 1210
2879 1595
557 1155
688 2135
2994 778
31 2914
2455 101
1258 591
2217 2193
494 2706
1927 1422
78 2242
1420 2955
259 1032
589 2515
876 2582
2543 1428
212 1413
1298 1209
46 724
2810 1601
1207 1490
1107 2105
2392 1878
2715 2881
2081 2711
420 562
2445 1268
1374 1590
904 2731
658 1606
1660 2723
2495 1838
2967 1296
2081 2330
2929 581
1948 45
2484 1308
1807 1004
2088 980
1433 130
290 2517
114 1696
1599 2894
2954 1210
618 2177
1968 671
337 324
1157 1148
2786 132
1017 2195
891 463
1271 1279
2734 76
1510 2822
920 869
2716 1596
1787 312
2443 2932
1696 46
1205 714
1933 802
663 1777
1212 2908
579 1568
379 2463
1785 2838
2955 2662
1341 2275
1525 2420
30 2526
2902 255
1857 55
1357 2859
687 357
432 2443
1805 2855
1426 2078
222 2542
628 2241
2981 413
152 889
939 1008
2608 2273
322 2498
852 2897
1229 1380
1519 1393
2447 997
2321 1868
113 1110
1554 739
890 2770
737 1521
829 2151
1259 2647
1346 60
1754 2610
1897 2383
1891 253
1710 923
1567 2682
2470 51
1739 1627
826 2444
2350 889
1457 2436
2651 2435
2593 2537
2007 1361
1332 887
1941 1612
2681 935
175 527
2467 2441
2021 2598
2903 832
2762 55
1553 2670
802 2626
1399 1965
2443 2341
1737 2133
617 1445
2757 521
1185 2798
1194 1496
207 2131
890 1028
51 1844
1840 1898
1324 2549
1860 1254
2919 1835
2972 2142
2331 1670
936 1702
1386 2048
2545 697
2744 840
2816 1378
1962 2224
425 12
1064 551
910 2174
303 667
960 2794
1673 1235
134 945
1567 1117
772 2081
2935 8
2909 1639
2330 1292
2293 1305
1047 1923
2573 2526
2816 2758
822 821
2150 2933
1399 1528
302 597
400 459
2412 1460
174 133
2965 1774
2298 2944
2345 2546
2193 2776
867 1445
1774 798
1229 1923
2478 2400
1222 1157
2963 1571
2499 1524
2072 1239
1111 1500
2623 1511
1132 405
1274 1509
1914 2693
2210 609
2959 2195
636 657
540 2120
2763 1979
2644 20
2055 2291
2844 1424
2562 2932
1009 1529
843 2223
2018 1445
2232 2939
1154 1993
2343 570
2902 1162
2702 612
2748 1757
2445 757
223 2489
2129 1638
1153 2290
584 698
1512 1252
1579 2665
1893 630
308 2530
1449 2480
1754 1734
2582 52
1472 2061
2797 1792
1702 1424
2681 630
1704 911
627 737
901 534
2563 2967
452 1373
1313 1568
1207 2422
170 1747
598 2648
80 1859
772 1913
1607 610
2238 1849
147 2579
383 2532
1597 306
1734 2915
1285 1
2798 1550
1579 1157
1270 278
176 752
2280 357
2320 437
1854 1645
1408 1336
342 616
1533 2739
2011 2305
2757 67
1651 800
660 389
2939 602
2858 2501
2517 2522
478 917
1731 2059
983 2646
2372 1526
1851 2530
763 675
2747 1481
139 340
415 322
1808 2787
543 1067
616 731
2980 1422
644 19
2406 2957
1361 339
2497 2375
1805 472
291 1828
131 2482
974 969
201 1678
1637 2332
220 1075
1776 1859
1620 2657
2322 253
2068 2889
1202 1594
757 1596
852 1164
2924 2967
1511 2822
2204 536
1375 428
2180 1312
2039 2872
532 522
2649 2978
2638 2244
2308 1729
2377 749
2230 1029
510 2140
499 575
1041 339
1961 324
1532 1372
2248 523
481 455
2619 2275
2106 2196
1427 1627
1906 1328
909 1188
1249 1086
2248 1750
745 2929
1240 1323
297 2462
1254 1170
2283 243
2594 841
2272 860
2049 550
2732 1024
513 495
1716 104
1744 2427
1917 741
1064 2363
2733 1349
354 2558
118 719
2886 102
2673 2626
1771 720
2002 2689
2028 746
1415 2306
2754 2253
2392 833
2868 2622
2262 725
2832 1417
742 2254
2635 566
865 121
1692 2453
2684 1459
686 2308
688 419
1802 2153
947 742
1159 254
1326 2054
2968 2842
2037 1471
2734 2568
2365 577
362 370
2993 864
1744 2857
2647 2935
2671 2649
2694 495
1790 2086
2873 1624
1252 397
1824 1261
350 2225
232 2403
1815 1310
2660 2890
914 2225
2876 2790
205 465
2200 1102
1171 2416
2082 671
2110 836
740 1305
2681 637
2942 2873
1329 2322
841 1756
1906 2931
485 1012
1881 1191
37 2811
2293 1190
2231 1445
1186 1430
522 2514
1502 1356
2451 1165
2280 2041
1089 2858
2849 1618
302 1432
2429 72
2925 1008
1078 489
858 1813
974 2021
512 1714
2324 205
2125 944
1825 22
285 731
1753 1653
1503 2125
1730 709
454 2176
1877 1921
1718 2730
77 396
276 2518
2857 2869
2933 751
1271 419
1783 540
2739 2198
537 14
1970 2436
1706 1296
862 2995
2262 2296
2536 408
432 2064
1849 463
1414 2630
2986 758
1053 171
391 581
1489 447
357 15
220 1258
1976 145
264 630
1773 320
1521 2586
2774 7
2417 1791
348 1021
1210 2654
2556 1219
548 1050
1005 912
345 10
696 1150
978 742
1503 1969
1998 2176
1164 2477
643 1686
2059 2369
2269 146
1163 1686
1942 1326
312 1326
2786 2352
1609 823
1599 159
827 2971
2548 495
24 1063
2027 2986
1474 2867
2263 1994
158 814
2706 2679
111 2883
208 2722
2840 1919
2846 2354
2306 2423
582 1268
249 1792
64 2665
181 1778
1623 2180
2937 528
2807 1037
2640 959
415 398
761 2881
2906 1386
295 2373
1660 687
2669 2284
2870 2657
1798 289
1733 1362
1439 427
70 1514
907 2897
1238 1689
964 2251
1849 2553
2877 2541
1449 1260
2389 2677
2283 2335
320 1156
164 19
1296 2532
555 2426
2110 362
1298 1383
560 2054
1444 1417
1486 2329
1750 1079
1353 888
2619 2310
61 2780
1721 2542
2991 1422
1826 1212
1008 1548
1537 413
815 921
2948 1404
1450 52
1909 625
634 2337
1926 1069
1620 2444
2531 858
1401 320
1772 1384
1404 462
283 2386
2755 2889
757 44
2808 668
2964 2782
919 1390
1035 1784
1926 2499
1414 52
999 1794
2862 322
1695 2129
1841 1079
225 837
2333 161
662 1745
2202 205
1655 2315
719 630
547 2093
2327 1965
1021 1029
2493 355
2299 2568
2226 67
425 1154
737 951
66 1475
1529 2698
2056 919
441 179
2623 2441
2306 1551
134 1644
483 71
737 1610
2759 1340
683 1351
286 1106
665 1871
877 178
1148 2720
922 2303
2098 1524
2404 2661
2372 231
2236 317
1370 1209
559 1065
1692 177
2391 271
629 1065
1446 1649
1115 2679
2572 2315
1838 206
2314 534
1433 2805
2445 739
2283 396
1576 1981
1932 1964
1560 518
1885 2994
2375 2428
237 1936
773 1992
2879 1960
681 77
1098 2597
957 1057
1122 1985
2040 822
2106 2882
2186 2117
565 671
48 1500
735 2915
2402 1170
1137 1965
443 424
150 1704
1008 395
282 2089
69 2296
2653 2450
1418 1047
569 2432
469 2037
2451 578
1026 929
1881 1067
1831 1188
2805 516
2421 2384
923 284
669 2409
1736 1352
2406 2071
2734 1911
1814 1391
912 2399
2104 2170
1700 2524
1835 2096
1578 1595
2597 773
353 2745
2630 2866
1447 1281
2300 439
2982 2831
1621 2086
2600 1639
2131 1667
915 54
1887 786
619 2936
931 422
1487 864
196 1464
1581 2012
1306 1381
2851 2452
2166 1172
1592 875
2069 1221
572 1028
2565 2069
2580 571
30 169
2217 2007
391 1492
2077 1717
1108 26
453 622
2550 1114
703 450
1259 2672
635 2977
286 1633
257 2262
2088 2393
1116 2986
1124 398
1160 137
440 805
147 1312
1874 776
41 2864
1646 1596
1942 1364
1467 1404
2326 1767
1577 548
2910 121
2789 1134
2435 1879
2735 2049
1545 1759
1912 2876
2094 1531
59 756
95 2053
2335 1114
268 291
1193 354
2298 2548
572 1188
1839 2815
2721 2015
831 1778
65 2643
494 1214
2008 1535
585 528
493 2820
1360 2303
2257 1197
1783 1502
2974 2679
747 6
2611 1210
468 561
705 1468
598 1118
307 1540
1456 2490
2695 126
556 304
2556 2041
737 1002
1516 446
255 2325
1825 2685
1787 2683
2966 2069
2963 2732
1784 1421
1213 953
1683 535
415 247
1536 1972
107 73
1486 2424
100 2762
2475 1741
1292 2209
2228 1923
2137 589
1704 106
1507 68
1767 2328
1231 410
376 719
2661 99
406 2901
1916 2834
2070 1890
2440 2474
713 2455
2157 2140
1230 1167
2187 84
2580 2857
1891 1673
2829 2449
1692 2093
1415 1932
2161 2409
2470 2950
125 1323
1447 112
1166 2777
1732 2564
471 2937
2917 2376
939 855
2828 1340
1719 2564
1570 1825
250 1422
576 1162
1942 946
41 395
1827 723
2311 1811
2993 1449
2661 1316
1799 1905
1946 591
544 2265
2635 777
1885 643
1486 1581
2783 2621
60 19
2824 345
2721 1888
2904 1581
1005 2112
909 250
2415 2590
1795 1774
2059 1352
1974 2207
1172 464
1773 1647
757 445
2126 398
1726 2823
1082 1188
763 642
2452 2940
2833 827
1901 349
1998 23
64 1761
2172 2277
2186 1811
1193 109
2923 1283
615 2437
927 839
291 59
204 2418
469 2809
2299 2640
999 2647
109 1769
2826 2665
1840 2505
1637 2280
2243 1400
2391 1901
870 1135
1643 2277
1002 500
114 2748
2782 1378
404 2444
2906 1886
2906 2875
2399 2433
2724 2767
1985 2945
403 1012
2668 1992
2370 604
1173 203
1739 1221
1180 1388
902 1727
1036 1833
2397 1909
1136 72
2247 526
900 512
599 590
2674 2894
2582 1084
2382 438
43 1775
1331 1618
114 2666
2534 2873
775 2693
520 912
400 1784
940 2846
2594 55
1001 1542
983 1889
512 709
2821 2324
1544 1292
502 2290
2634 2267
2608 247
227 1777
555 2454
2878 966
1969 770
290 1855
2474 285
2471 1526
1194 2028
697 2037
501 740
1800 444
888 2197
165 668
1376 2894
473 1603
2533 253
786 172
91 2035
482 1263
1439 2126
2548 619
2309 1724
1805 224
1914 1586
1303 981
1407 1747
1227 2531
1442 2363
2936 9
2317 1572
2184 2553
1772 787
2697 2246
1370 2793
1574 1443
196 1176
2548 2486
2416 2943
2679 2439
2833 2223
741 2173
2004 386
2492 2657
1922 2638
397 1782
418 1792
1403 2383
1907 129
1539 1645
1853 911
2715 1469
2608 1707
1517 345
2395 1208
174 1094
1359 2122
79 120
1053 2365
2327 2147
2998 417
2783 2645
1402 2104
373 168
1447 1514
734 421
2162 70
1249 2669
409 736
1882 2209
1529 2191
1725 513
747 2673
2199 2524
879 2233
1831 1477
2324 1242
91 305
2870 1425
2783 2376
620 1636
1715 2278
1577 1216
314 1834
1215 1505
1854 1526
2387 458
2331 1409
2666 1743
2282 1233
2975 1535
1267 1289
1359 98
1598 2155
2998 2872
863 1371
226 17
1490 2739
270 76
1937 605
741 2989
1909 218
1982 1355
1677 612
2958 1118
93 242
2671 146
2019 1312
2863 2233
678 1878
1482 2914
506 2528
639 930
2655 356
977 979
2870 1526
1459 2532
305 945
2090 2806
322 624
2842 261
216 2719
2072 2097
450 419
2393 2539
499 2908
533 1709
503 1076
512 2831
2272 2897
1270 1185
557 1811
156 2287
42 1450
143 421
2298 1556
1092 2248
256 1944
2169 1922
2104 2308
1395 2425
1211 2429
519 2610
496 1964
1959 2535
802 1782
2209 2595
877 2110
2066 1975
2056 2803
1413 1303
1518 2332
2614 247
2537 2999
220 340
1227 933
608 465
1955 1594
2925 530
2283 2239
318 2340
1702 2964
1183 994
1884 924
2652 1445
1456 1765
808 1018
2307 2376
2763 2535
1724 1832
2738 2991
955 229
2281 2589
2343 2690
795 535
1730 592
2148 2761
202 1667
37 2387
1790 275
2910 2137
1562 45
1567 781
61 169
2470 584
2972 2010
1207 782
2578 874
2761 878
638 1011
1462 1764
1228 1884
1518 394
1070 2705
1792 768
1700 2680
813 2334
1575 513
1543 1445
329 1074
1514 2212
1877 712
569 1481
1236 765
879 830
583 1599
2497 350
1689 2067
2438 2883
2390 253
2361 2981
2493 81
2201 762
1503 2323
647 804
2757 75
383 611
307 835
1347 508
1189 2901
375 571
1140 73
2634 495
175 731
507 724
833 2087
554 1426
2360 2294
71 805
166 1445
898 2822
2247 1331
1960 1714
2494 1349
290 2296
2589 2586
876 329
959 679
998 261
2255 2932
65 1278
579 1241
254 200
1044 2249
1080 2370
2342 2528
2289 695
2037 2334
2210 2340
2304 751
1595 657
2317 57
143 2392
1502 2721
1734 2141
2523 2641
1947 54
868 1084
1601 2622
1761 2410
1227 1853
2759 837
1615 2353
157 690
582 868
1856 2632
509 742
1236 2076
1773 2677
1902 1586
2172 2694
1681 1383
1108 2931
2473 172
2321 1819
1482 480
1078 2514
935 2785
285 167
519 1593
1023 738
1521 2079
1953 2143
2345 2490
537 2006
785 863
1873 2558
130 2838
2905 64
2125 970
1035 502
1609 2111
1199 1875
352 1062
297 1264
2771 1219
2295 982
662 2073
1135 437
2771 1656
30 2302
634 2662
1059 1176
2433 489
1439 1238
2734 1243
2896 601
1528 2032
39 1721
137 2605
2925 344
1801 2496
324 2067
958 2161
1813 1693
1358 2303
288 1108
1989 2534
192 1296
2021 1904
1727 1391
1494 2508
2392 1886
1825 567
1689 1385
506 2697
835 1819
2887 546
2814 336
1305 294
280 2513
1280 2139
2389 892
1345 2379
6 2630
980 654
2928 1928
875 500
2050 1868
1321 2594
2026 1695
2951 2806
391 1940
2185 684
379 1988
2715 434
1341 1424
2123 982
720 2850
2414 1775
274 1804
520 1160
2528 2319
226 2514
365 2756
177 2439
39 2205
453 1658
1069 2031
152 1547
1527 1461
428 1640
2436 2808
2040 57
1005 466
915 2711
1850 2246
1407 2437
2872 1743
1228 2127
2846 2876
699 1208
983 798
2628 1117
1389 2120
366 1477
368 1467
1536 679
1062 2431
1789 2450
2165 1538
879 663
2680 2200
2891 1743
207 491
6 2538
2828 2097
1226 1530
1707 1091
2412 754
1321 2480
127 2530
2342 1139
1423 2071
1433 554
876 2895
1315 2834
817 142
2200 2873
1225 2447
617 1904
834 1283
316 774
2959 2901
1849 2322
978 1551
2652 205
2943 1303
1159 725
1855 1102
2194 177
2059 2205
1548 2291
327 1817
409 416
623 2834
1359 689
1181 2584
1689 2592
2425 622
1246 487
1827 1157
2119 2575
1027 1551
2482 2662
1570 592
2802 2050
2550 2230
2111 1561
265 2261
2271 2984
1297 1120
1630 1980
646 1179
1138 293
2845 731
1394 243
368 1030
211 1437
48 466
2190 117
65 758
2293 1547
2221 2648
58 1027
385 1713
234 2914
1812 1252
1767 2831
2547 1629
2201 44
1420 1633
578 128
2692 1702
2149 379
499 787
2722 2828
67 956
861 2213
527 1284
2792 2637
2798 198
1816 1629
2142 1075
2262 1965
118 2127
634 489
2275 2779
148 746
2367 361
554 1480
2161 2504
180 678
984 239
1409 2894
1760 1127
2088 1598
2007 1939
1465 2032
384 2557
2743 988
2160 40
145 2772
2757 1257
2404 2893
1210 1608
368 1311
382 1460
1138 2726
1798 1589
1456 2194
1091 2224
2641 2711
1433 2845
2003 2616
1166 1593
745 2476
903 397
1371 988
2702 836
2569 2376
2963 499
2326 977
2804 1357
121 639
2916 864
863 2261
2754 1183
2200 768
1293 566
1554 564
1701 2567
2907 937
2738 1897
174 36
740 2984
62 2532
793 1273
2452 2428
2797 1748
919 439
2395 638
202 776
716 1640
1332 1027
2504 1923
1171 2626
1686 1302
1269 2916
212 1964
148 1390
2295 1076
1787 404
2235 1468
1926 2272
2327 1911
1669 333
1657 1323
1304 90
1736 2413
484 691
832 2887
1649 460
264 2967
561 1707
2836 955
1781 2787
545 1496
187 800
2283 1638
1972 725
2819 333
2137 556
2427 962
1720 1557
636 724
537 80
2300 135
334 1198
1463 1843
2129 1307
626 1636
1324 1245
300 2158
2618 808
1701 2942
2691 1234
570 2595
2666 783
2355 1067
1066 357
1166 2172
2333 314
92 2884
400 698
1629 1043
835 2967
2200 487
1277 1951
1876 1841
2160 871
1238 1797
68 787
557 317
1416 2203
572 2398
1442 117
190 821
2886 816
1420 841
1666 2518
385 1670
2494 1482
2412 2733
2090 115
2200 596
2250 2615
2661 2113
2844 1307
684 2858
1762 1332
579 1278
2397 1428
2347 2820
2379 971
51 2010
2726 1522
2832 2168
2745 2951
2279 341
1062 2347
94 1892
2904 258
1784 2032
547 444
2288 2459
2715 2769
87 2995
2897 2570
2140 1150
250 760
2146 602
1324 2576
1444 1456
1401 1215
807 132
2847 2851
1628 1007
249 2351
1589 384
1293 2555
2749 1731
2930 158
699 454
2037 261
2541 1561
1082 2663
1191 1714
923 2351
936 2344
1385 2490
1110 2713
1906 773
2246 1868
1815 2191
757 265
2842 2214
576 2719
2774 2831
2594 115
606 248
1847 610
2199 649
816 352
2525 1233
2710 2474
1527 2322
1103 2203
2119 1079
1966 2433
2840 2766
2448 2386
2853 2158
693 238
1807 2729
2436 45
1140 1848
777 1713
2886 610
1999 919
531 1476
304 805
1192 1849
51 1248
2374 1920
1334 2514
1211 2781
2326 1317
1504 1095
1716 2558
91 1365
1190 1277
2262 347
129 1190
1580 1217
1383 2078
2248 760
346 2529
890 797
1227 1834
1896 2158
631 2325
301 2270
133 2626
1532 1764
270 1975
927 1610
7 1775
2380 53
2789 2409
2259 2510
292 1250
1262 317
1579 264
295 1675
5 1577
187 769
2755 1994
2747 2914
1299 2169
1840 1970
1768 405
2618 1783
2186 1097
2361 1449
1919 1687
2170 564
2689 1786
2784 378
488 2789
2070 2770
2151 883
2673 2513
1453 2326
1138 1165
2719 642
2772 205
577 1097
2907 997
1987 1220
2829 1564
1507 168
75 2308
2929 615
1873 626
2972 2475
2418 969
321 1145
1396 1672
1613 2471
1598 1773
2226 1629
387 2051
32 2014
1706 2431
2318 437
2809 2472
632 2531
2272 1536
2343 1369
1440 1834
2735 834
414 437
1357 2507
73 1476
2891 601
324 955
2545 1026
909 1198
2739 136
2173 413
2735 1962
1970 2513
2201 1746
2754 21
108 338
1447 774
2847 2498
414 489
2679 347
1252 2730
83 2123
456 249
2470 2047
2298 1329
1041 447
1962 2334
628 1614
2665 2908
103 1165
2747 2806
524 2476
1577 1539
2676 1911
2193 2455
1092 1971
2567 2758
2403 2428
1945 2381
230 1630
472 800
994 1155
2052 2980
2423 2768
2064 938
1574 2622
2800 1223
1707 1955
2500 1070
776 594
69 2783
1165 708
2640 2080
2791 2049
222 831
2239 7
2166 914
645 2859
817 1977
834 2284
1242 2278
1947 1644
1776 1216
1783 1224
1491 817
2768 293
755 518
255 2782
295 2062
2954 2227
1281 1098
1597 2740
1311 2609
6 1879
2180 714
265 15
2953 2741
961 194
2228 2803
1553 1137
1436 2682
31 2937
613 1640
2863 2447
2667 205
1603 1226
1527 1413
162 1313
1996 1259
1688 971
1546 2901
858 1804
817 1929
1787 2645
1879 1509
747 2441
1482 2552
2924 2675
900 2250
224 1141
346 2589
391 1058
467 1058
401 1786
1307 2774
1798 1939
980 758
1666 1515
2885 2553
2920 1522
2500 64
2067 126
1934 446
2952 695
1037 2123
1508 427
297 2491
2072 1614
1669 2317
2691 2999
2392 1589
885 1946
693 2634
1517 1960
2812 1476
706 9
1771 924
708 458
2563 2352
355 1999
2925 2247
1218 2019
979 2381
124 2755
650 2285
1190 2447
478 1143
375 279
1944 2598
2660 2138
2922 2723
2235 1667
506 936
1896 1478
2007 1586
636 1724
1034 253
72 1768
68 697
1473 2838
2973 2227
2649 2915
1356 581
960 1889
1581 2032
2384 1714
2916 1988
1229 1501
428 463
224 2824
1147 2526
1467 2234
936 659
550 2530
1059 1381
453 2508
1623 2196
311 508
1731 838
183 1904
1181 1738
2980 2468
39 322
1154 636
160 2124
625 2273
854 2682
2989 2170
1596 1127
1211 1414
2517 2642
1056 1076
1676 260
1865 293
1281 1687
738 2315
350 678
2026 2690
2077 594
16 543
2585 921
132 1168
302 2096
1517 1555
2126 1278
543 1471
567 1623
2633 2614
782 251
1730 1920
319 689
2956 915
1658 1833
323 2315
1935 1460
1588 183
183 1708
2313 2504
68 2918
278 1346
2784 1584
2771 107
176 2454
2837 762
1727 709
1541 1621
162 438
1216 27
1693 1670
2109 962
24 1656
739 2055
2092 821
485 2968
85 1164
47 2716
2960 1973
2612 1499
1226 2162
2926 2552
1125 2584
772 1072
2148 438
1790 870
1847 1182
1171 333
373 1042
2939 388
1733 1135
250 1771
2565 239
772 2050
2735 1858
1676 26
334 1942
2928 931
441 1698
1427 536
2953 962
1579 1308
20 1692
201 710
2293 523
606 389
1072 2935
1804 802
2391 2138
685 2837
352 684
1943 774
1573 2062
2320 1205
909 2326
1895 1206
2154 1442
1757 466
2040 2665
1758 1357
1826 1620
1723 182
2824 1464
1180 2924
969 2334
1579 712
2177 2196
2495 250
117 731
302 1253
1971 239
1213 1721
2683 259
2606 1969
2004 2626
1705 253
381 2100
2678 1575
1 156
546 526
1768 2100
685 80
2585 611
566 2897
676 714
325 2888
699 1572
2784 530
1497 132
2869 2023
38 2352
2397 348
1332 610
645 2471
98 314
2363 179
1392 1011
2618 1748
2256 981
2943 2195
1794 2675
2142 2584
38 2082
1193 1250
2825 1937
2660 2697
896 1109
2859 671
761 92
1499 2508
1272 1625
2377 399
301 1205
2024 910
1469 2815
803 236
1860 1641
273 2335
123 2819
2090 1793
1578 409
234 403
533 1863
1916 2915
380 2622
2635 1835
381 2028
683 1469
1484 2462
2569 2408
2722 2381
305 855
2576 344
2071 605
1813 2741
437 1889
2045 1495
2422 8
2246 756
2695 1719
1277 657
2987 703
2500 1132
199 1564
404 739
2111 215
871 77
2689 299
604 2139
1164 412
2253 1905
911 2322
351 1644
1556 591
786 2810
1033 1117
271 89
455 277
476 2689
22 12
730 1288
2410 1437
2004 466
2311 1691
2132 1587
2403 714
366 152
2007 2413
330 725
111 2640
2854 732
1597 812
1856 780
2837 991
1518 790
99 1072
1603 2733
62 1924
2293 1297
2509 2520
26 2136
650 354
2634 2214
186 806
1762 2765
2455 2667
2033 2889
2864 2719
515 2947
789 1182
1002 2453
2129 601
2170 2224
1817 2775
300 778
1293 400
1602 1001
1607 2132
2378 260
1087 2505
540 2012
1699 736
867 2954
2458 1329
2724 895
2326 504
2554 44
473 27
1823 2501
1737 1037
2391 2424
1776 2181
836 2295
92 2155
1676 2875
18 2409
1227 3000
1840 1662
155 126
2853 1277
1378 586
348 1116
2371 660
1447 101
1696 1726
1202 1732
2364 309
1449 787
313 600
1648 2506
1537 2357
2620 2278
1815 2211
473 1405
2737 2434
240 779
473 1212
2130 2329
2155 284
1686 817
100 1010
2419 2083
1917 2720
2550 2590
92 2447
1985 206
759 695
2059 1905
90 2082
1764 2830
2993 2136
371 1278
1450 2923
165 1205
1510 2972
2959 298
1718 265
899 2711
932 1218
2983 731
244 1918
373 734
479 421
322 1424
183 304
1744 2900
10 2043
910 1980
2635 2892
2808 1829
2551 1234
2330 1594
2265 604
1368 2353
1528 2858
1580 2914
2074 372
224 1590
1717 946
212 1065
2090 1363
998 797
144 193
2208 1464
928 2533
967 1163
627 2729
2083 970
280 10
1989 679
2881 541
1500 1456
2088 2201
381 394
2486 2501
259 654
1525 272
41 904
1023 1677
653 407
2890 2075
2708 1223
846 1361
1935 788
1552 1819
545 851
433 184
97 1216
1481 216
1291 1616
9 1245
2228 1628
2604 789
1765 2649
2398 74
923 1920
2571 1475
373 533
2440 2631
700 2814
1584 1933
1131 1220
999 2932
2571 1668
382 2451
1426 1968
2753 2462
2194 2244
165 2327
2144 2164
1116 2477
1313 2378
2121 970
1823 57
1913 1918
1311 1173
2413 2178
699 2120
2938 276
816 960
427 2553
1715 1719
2440 148
2995 2532
2776 1935
1501 2824
1101 382
1578 2533
1423 522
1554 2078
1056 1363
2960 1178
328 63
2129 1024
898 1731
2555 2625
366 540
2231 1066
739 32
2778 1834
2811 62
2958 2971
174 1443
1678 168
2709 1060
1222 1218
2930 1007
968 1804
2057 341
2384 1380
932 55
2094 1558
816 61
151 2624
1211 1078
836 211
1881 2686
232 2106
1190 2820
682 1294
255 1888
509 1037
1380 2890
1740 543
2150 1092
629 1547
2160 2605
2630 536
2635 2231
2242 997
919 1187
2154 2011
1080 1668
2928 1344
1846 101
2465 1472
2055 956
853 2281
1719 2351
46 1535
175 2425
41 808
1222 1898
813 819
2001 319
707 27
962 2622
882 351
94 462
2245 556
2083 447
2066 315
1029 1188
1920 2075
2066 1673
1709 992
2373 1363
297 2284
94 373
720 2038
2843 2363
1618 390
2311 1648
348 2577
1566 952
1076 2923
355 1186
1002 1120
853 2452
2473 2698
1869 1489
2237 2355
1333 375
2510 827
1602 585
2289 2273
2808 1594
1874 294
415 1369
2144 441
549 2332
1537 2510
2652 120
765 2109
1345 2900
1533 1836
2236 2075
1233 478
1726 2909
223 985
749 2632
2095 1621
476 2723
1192 2253
2500 1145
2724 438
1010 1334
1871 719
343 45
249 2727
1939 671
688 2070
182 1564
278 2
2907 1991
827 2698
467 2833
1324 2401
502 2662
807 266
1821 2428
348 484
502 1105
989 1128
2628 1794
1887 2284
184 2014
1269 1510
1356 2184
506 1256
1157 663
2488 2562
2828 2291
1996 858
352 90
2644 1664
2844 1435
300 991
2784 2250
1952 2444
2784 206
865 499
2998 1310
1931 2122
1379 1853
1171 1947
517 1531
621 1735
934 1378
1362 895
1115 743
2317 460
1888 1311
2162 2658
902 2851
1637 2304
91 1079
2618 2599
2952 1410
2519 1428
1733 2106
1422 2466
898 197
844 551
2087 1526
98 1880
514 1367
457 2122
1015 1363
2030 1480
1304 2677
621 431
2299 404
1615 2273
2892 2699
1865 1631
2627 2250
1192 225
2942 185
1678 2183
929 738
297 1653
349 855
926 2524
2987 725
1014 1432
559 1565
628 743
1554 2928
1435 598
711 437
1434 2315
2737 167
2480 2302
2326 2551
686 2616
2509 320
2485 1990
1522 319
1395 238
2448 2435
740 46
1283 1365
1826 1846
582 34
2228 462
596 177
723 656
1545 1856
2968 2601
2259 2841
2615 1118
2625 2831
600 1201
2681 2769
1475 1873
2993 304
1803 779
2851 654
1856 1993
697 281
407 1124
665 823
2797 599
2250 1639
1855 2566
100 828
2338 1955
823 1627
145 1150
2127 2651
2339 198
1133 1210
506 362
2169 1687
339 2163
807 2273
2391 930
2088 2175
1230 326
2447 2153
979 2636
2890 2535
985 1027
1756 1128
91 2475
2701 1264
1654 453
1350 2368
408 2038
2113 4
2606 1775
977 186
2361 2199
289 2975
2836 1483
501 2863
1659 2679
2313 1817
2888 2195
712 1626
1330 1599
2011 479
245 292
572 2032
42 306
867 2704
2326 2579
1694 2310
1623 571
255 1462
2002 1294
2004 1123
596 2172
58 1503
1026 1924
2232 1507
1370 2325
598 1468
1949 659
335 1892
271 2338
861 1143
2235 2108
2967 2119
557 1877
322 2957
332 1097
2359 2174
22 1784
216 2258
1392 1879
2166 145
498 1251
1806 1474
1465 1847
382 2349
1530 1660
1587 2018
1930 2822
172 889
302 2238
2843 2347
282 708
2143 431
1756 2458
1951 253
105 71
915 2697
2755 151
2202 735
1976 813
1477 235
350 2035
1553 471
2028 2562
1620 2034
2817 843
2664 1287
151 2673
995 616
1432 491
2423 304
673 2556
2993 1228
2161 2409
1198 392
1370 1174
902 47
1851 1868
2609 2937
2155 2452
394 2596
1194 1168
1700 461
2801 1103
1174 2169
765 2234
2538 2405
23 504
2936 2820
1064 1436
355 1097
2199 2142
2660 335
1164 2123
144 2589
1112 2623
2081 2930
770 2
2186 1543
1356 2351
199 46
1432 2382
399 1448
2148 2772
817 126
2166 465
1083 2477
1366 1921
352 2032
2666 2384
2516 2689
697 1836
957 2840
1656 605
2121 1150
1668 1997
1414 575
764 2739
233 2265
2231 987
2547 1367
125 258
704 2739
1468 2720
1120 1167
2240 2659
2390 2337
2392 2954
1624 2180
2250 1474
2480 177
1556 2964
1795 1473
520 211
2455 1398
728 1929
2333 979
822 760
1389 293
441 2981
303 1859
2618 410
230 2810
2707 2001
2850 521
597 1380
2911 868
1263 2607
2913 136
1291 488
2601 2499
2320 1030
2541 619
2232 1282
297 92
1621 2011
770 868
2921 987
2707 760
416 1517
1795 1284
632 1951
2770 2023
599 1352
487 2261
2081 952
1374 695
2194 954
1823 912
1946 1296
1887 1146
2384 1786
2268 2353
1824 168
2801 2920
533 2114
2869 1070
563 1350
1057 2464
690 87
2241 2602
2503 2075
2492 380
2390 1223
458 2099
1597 1647
335 1472
2857 2341
1112 1258
1784 1181
1254 2548
1190 2527
2624 1452
1341 2505
2710 739
1035 453
826 2781
2950 1848
334 417
1539 2874
1937 2698
1286 1069
836 762
2812 455
2219 734
915 1819
688 1190
2173 2490
693 2256
1796 616
1021 1552
1669 427
473 2123
127 2929
2673 1920
1417 1498
2136 2908
2974 107
716 866
928 2104
2825 2265
883 2978
1867 2689
2576 2750
952 1063
2015 244
1360 2435
2246 880
2064 2327
1346 2613
747 349
2068 434
166 1368
2998 776
2706 521
2359 493
1601 447
2488 1084
2668 2055
1037 2820
525 2477
368 168
144 450
278 218
2975 2139
1502 2319
1378 2383
350 470
2966 2110
400 1496
400 1610
1531 636
308 1049
1957 2945
1807 2028
620 1301
2180 1425
2706 2376
2950 2551
289 140
2826 1210
802 460
967 1138
698 1039
2493 2013
249 757
2073 2736
2312 2356
813 97
922 2032
1495 258
36 1050
931 1276
269 1121
543 855
48 2457
2110 2479
1646 1160
1623 725
737 1775
2299 2197
1655 2894
282 251
2889 465
1082 354
1569 1276
398 2841
1801 2136
1125 2111
1122 446
162 455
1540 57
448 326
116 2093
1925 1634
1869 1601
214 2324
2262 2593
2431 1039
1044 1704
740 1595
558 643
153 1833
989 2929
842 2153
957 2558
1908 405
396 1406
291 2899
204 2143
2491 895
727 2410
530 2233
2190 622
2448 464
572 2924
666 1633
958 1
2966 1168
1860 309
2755 792
1456 1231
1762 1424
166 230
1976 556
2714 2357
1134 203
1776 2062
772 1671
2168 1055
2149 2208
907 889
92 2118
2839 1030
2991 285
1025 929
2810 1919
1056 1769
1929 465
502 1234
1471 639
2234 2890
2418 1304
2091 1150
2786 239
82 1965
2179 1184
2186 1892
2072 2699
199 924
2683 2689
1479 744
538 997
1013 649
2673 1948
1320 569
1512 2360
740 2163
1299 1008
2290 2375
1736 1459
191 1947
1537 1556
1370 787
1288 2051
1801 2630
665 1845
1632 2097
2738 775
1895 2863
823 2831
2922 1051
2824 2198
974 1350
640 1524
2129 160
1888 1617
2039 1000
113 1476
2832 2438
1539 1937
1470 1775
1688 2456
1829 141
1446 1237
1735 2113
1732 2138
13 2051
816 1462
1881 481
162 2294
128 167
2539 1016
1760 132
393 756
1678 1692
1183 523
166 2943
2390 1786
1791 1947
2390 2934
190 2996
2005 147
559 1753
2331 1256
2224 2636
1787 268
680 1168
1101 976
2633 970
471 2403
2706 1921
1888 2069
1215 1318
2578 1782
2291 169
905 624
874 1026
36 56
2894 1572
2248 10
1546 2713
1267 2959
2721 2246
2024 2419
1537 617
439 1220
978 591
2726 2935
127 2697
2133 2
834 2125
1662 137
801 2136
2280 1642
268 1495
1715 2202
1779 1973
2924 1058
1403 1288
1192 885
1270 1446
558 1333
2810 2134
1533 678
2377 506
1824 992
405 848
2675 748
2910 1777
1346 1902
2499 2437
1032 412
1985 1167
743 684
994 1440
2898 2271
887 398
158 619
1823 2099
2511 2085
2952 2769
1688 703
125 1964
47 2187
2716 1167
902 864
1111 235
1735 1296
2520 1543
2346 2560
897 1647
1649 859
127 1999
1381 142
1157 841
505 1150
873 1203
977 698
88 1443
1419 2670
442 2034
511 1938
1477 2319
2408 2707
2847 1147
891 2271
1914 1846
582 175
2896 287
884 474
574 2825
2812 768
5 175
1400 676
189 481
2775 1182
2966 1033
1120 314
2954 405
2184 851
1779 2205
2572 1310
2747 2727
1602 1493
1589 2140
2567 275
1534 389
1783 730
2997 336
2492 2385
1331 54
1853 2256
38 901
784 441
1244 2136
2680 982
2542 338
2833 1977
2749 262
894 76
2072 1556
717 1936
2664 1583
665 652
2165 2035
1651 1156
540 773
675 2038
421 2570
1837 664
2391 1664
2706 265
1559 1457
1685 761
2065 2774
2239 238
2669 2424
765 2125
2893 1448
2910 465
337 912
1003 1141
24 697
181 600
2587 308
2895 1162
2519 977
2165 2403
1251 1052
284 1889
2299 2952
156 1367
2002 1721
70 2675
1799 8
996 1797
627 2968
2089 2383
1998 2515
2673 2354
2617 429
1995 1849
2928 2782
2171 547
1927 587
1532 2238
230 1230
2856 1800
2473 970
2990 2601
2959 817
1094 1421
896 523
1244 2388
1657 837
278 2078
1856 426
1820 2919
446 2880
2583 81
1857 2080
2962 2743
1758 951
1553 1747
2829 169
2438 833
1234 2553
2968 1099
1219 1127
1508 2700
1200 2918
1359 274
114 1928
1798 1638
2164 2846
741 1891
1160 2820
1208 2437
2230 1656
1995 2934
146 1019
2942 2125
1151 2672
2793 2042
634 1725
1008 1461
1419 2854
1407 737
483 1100
2404 27
1730 1656
2363 2317
195 1843
1137 599
2886 2649
2926 1818
2523 728
2532 2001
2210 1162
2962 2180
2664 2830
1646 1076
1025 1469
531 206
1860 1284
1293 1568
803 2380
2964 2511
1702 2865
2171 929
1840 17
519 1612
2318 2014
1032 1295
104 2446
1758 1281
2497 689
655 1974
2037 656
2126 996
1136 1372
229 109
988 592
2878 1199
2236 2986
1272 2546
1359 444
1173 457
257 226
1241 550
1327 2587
600 1065
472 2265
2296 2244
2150 2389
2701 249
823 1241
1080 2603
2531 2014
202 2321
1942 479
1739 2685
1982 447
1899 1722
208 1207
1087 1398
360 2869
1098 108
1452 2490
2821 2955
2102 1132
764 2688
517 2942
2308 2314
2990 722
1213 137
1916 1343
249 2246
1613 169
681 1719
1596 2864
2313 145
308 2301
765 742
226 2535
653 2169
1175 613
2266 2277
872 2992
2367 995
932 2924
2749 727
2783 2446
134 127
1147 321
568 547
648 1929
2565 395
1607 1086
2759 1822
1104 847
1863 2801
1354 1191
440 2865
1183 1842
2556 101
865 2030
632 1686
1602 1150
1397 2511
2059 2544
1052 341
793 206
2910 2784
1294 2304
2070 2583
993 1373
2804 2128
2320 2327
423 2419
2938 2829
2494 2428
871 1342
2672 109
2746 1834
594 500
1406 1883
2116 1085
712 800
1041 2532
1998 178
1822 1842
2512 510
2482 1127
1629 1074
1419 315
2809 2923
729 746
635 967
2534 780
2056 1948
1294 183
1447 2019
2377 5
504 1263
2002 752
2727 449
2510 2464
2583 1974
896 2901
2454 1084
2127 510
969 1584
2187 2820
2336 2595
221 1950
666 2781
2232 1019
650 509
1110 2743
2157 10
74 253
2520 1835
1900 2395
2371 2868
2335 1312
30 996
2921 616
291 589
1257 2864
2251 2362
1085 2636
1069 241
2164 206
2879 251
1454 1875
1561 1201
720 1352
161 1445
229 1797
2263 937
2092 2205
2617 2988
641 53
1612 1296
527 2428
2249 863
22 2845
250 2642
262 1593
2144 2255
1502 2977
1826 1193
764 818
259 1153
406 2385
2933 1437
2637 1279
1597 960
739 1677
2619 937
492 717
288 1515
2973 1509
673 2267
1511 591
1447 1379
974 239
2192 2093
2858 1595
2872 1629
90 2354
1863 2203
2960 2034
1805 2142
672 2561
730 317
624 1167
300 2348
2041 44
608 1868
2194 1774
282 1187
1972 1558
2202 1246
2782 1378
193 241
1761 102
208 2727
1774 2638
2800 2340
1851 287
470 2273
747 1304
2702 2054
770 463
2717 1363
236 362
2098 1403
556 889
2654 2023
2331 1244
2620 2707
234 1683
2020 1992
1796 2121
429 590
2954 1302
2269 506
1733 281
1725 526
1900 195
2056 2309
968 1673
2695 391
2991 1323
2266 1751
358 2499
2872 836
2364 1764
964 209
1996 2766
232 1033
1579 417
1539 2375
2951 513
2505 2294
151 2611
502 2426
2114 1596
154 1583
537 2538
2130 1645
1718 437
2680 676
113 1935
826 2479
1047 2176
1068 1939
963 441
663 1848
2824 508
2223 1223
1014 391
1158 2809
166 1063
1596 2597
2239 1770
2924 1184
1950 2794
2474 169
736 1730
75 345
950 508
2606 2227
1014 327
2398 2653
799 216
1720 2982
2884 2769
2533 2787
585 1670
2756 2760
684 1108
1696 333
1973 2435
369 1892
1580 566
1002 121
769 2209
1567 1616
2210 212
1656 881
1238 46
2761 1429
1097 2405
2745 30
2493 1950
2164 2428
719 2765
1882 1588
790 511
1619 126
420 1464
2376 1741
992 2605
1225 449
596 2384
940 1459
699 2027
1494 78
1190 231
2486 848
269 813
1331 1287
1737 652
1646 679
1294 516
102 231
112 449
576 2718
383 2253
861 44
2958 1015
48 1346
1277 1834
2070 2526
1327 1926
1903 338
472 2191
1254 413
237 2764
249 1858
1855 2113
1601 421
1521 1777
2669 1905
81 475
2948 652
1556 984
2231 2239
2669 843
2830 241
1507 1206
2114 700
2669 30
1161 2072
2013 975
2832 2995
851 2570
2462 2593
2365 2570
2338 1424
648 1141
1519 687
2763 2013
500 2291
1195 446
1732 322
600 1842
2991 908
2744 1076
1196 218
1909 23
2045 601
89 318
1732 868
2148 1636
1351 1785
2053 299
1044 339
2846 2196
1093 2357
965 1969
845 1218
428 158
238 2717
2021 1928
1285 2614
1010 333
1045 1058
682 2134
327 2362
2839 2383
1716 2195
1590 2838
1433 2906
2398 993
936 497
1049 724
1489 2638
984 2019
863 908
501 3
1827 2932
1345 2116
486 1978
407 229
218 1499
385 1126
2754 2716
2259 110
2745 701
943 1970
105 719
91 948
2584 2989
1374 1964
1577 1747
937 2639
723 2142
1580 707
1485 942
85 446
585 826
1180 2197
993 1105
1857 1250
263 2045
918 2139
976 2782
1064 455
1057 1841
256 2574
1562 2159
2520 2731
2710 787
759 136
492 560
560 1100
309 1775
2987 1740
2848 2368
2414 193
2903 1878
603 1978
228 21
1762 145
1748 2192
2807 480
921 1302
2633 2258
2533 1972
868 2508
1845 1144
2178 241
261 327
1420 287
2313 414
1432 1339
1478 2824
325 323
1559 2307
843 1441
1138 4
300 778
499 1675
902 169
2578 1872
1014 62
2817 814
1073 942
1498 1008
618 56
1267 772
1900 1106
1525 1555
1805 1167
397 2927
624 712
129 593
98 1030
1 859
1324 2247
1335 1351
123 737
1958 2822
2265 2575
160 2472
2008 1425
2175 161
684 286
1354 2012
2047 778
576 2309
1078 33
407 1848
1218 1910
516 1645
788 895
624 1587
361 767
2248 40
2716 1849
2672 1119
2771 2072
811 111
252 2208
1485 66
2030 1548
856 205
1206 384
1826 951
2601 2654
2887 1514
1759 1189
2151 1443
1512 1756
1438 439
280 119
1873 1847
368 2947
2979 1464
1601 2868
1020 793
448 2139
1414 1342
2620 1128
46 10
2994 649
1499 2111
1161 1163
383 2716
1504 1144
568 817
1021 2444
1394 1711
2815 109
1907 2889
2510 167
1725 787
2138 1750
2262 1818
2821 2010
2721 2549
2065 2360
50 1158
2292 884
368 1858
1781 1244
1202 2687
1695 1124
1401 1287
2231 145
555 2617
134 2692
1510 1950
618 2850
227 2613
1030 1437
38 1636
2474 389
2427 2083
337 859
951 866
1511 1677
470 2881
1916 1630
2414 1630
2032 1836
1116 2657
1930 2273
1838 691
1378 2656
628 2424
2037 2450
2185 1919
905 194
2870 2410
2888 1911
2276 600
1737 82
2695 304
62 1940
1360 1936
1968 814
685 2062
2639 810
2091 2551
540 701
2950 1521
2451 1437
922 2206
1525 1379
1876 281
2744 1109
750 615
272 2752
721 2116
901 2347
573 861
932 701
1608 1216
2017 733
2749 1624
69 105
2590 1668
969 1777
2606 832
1043 2042
1736 717
83 2757
196 67
580 2337
1005 1933
189 328
650 2834
2301 1819
892 1263
1887 1611
1620 794
737 62
1518 1252
2551 1663
2725 261
2146 1643
1306 2636
2293 1199
721 1698
1967 533
2247 2453
2476 1978
1609 606
1818 203
2773 438
894 16
523 1146
2749 1986
1362 2061
2949 2762
2412 2501
683 663
553 243
2253 2629
1607 1201
470 106
1702 1804
1780 2922
2180 323
2052 1404
1648 2562
2538 1250
1602 277
282 1310
1895 2473
2200 2824
2692 840
17 1933
2026 638
1688 2891
2748 433
479 1918
2505 1242
401 2141
1532 1482
133 2260
1117 315
2832 2488
1158 2290
2167 2071
876 562
1277 211
23 1722
2418 2708
135 1033
2235 2877
1845 1024
1542 2937
2312 2456
57 1046
2702 448
436 2437
9 2354
2505 2859
1401 1077
2842 25
1240 810
1162 2513
1871 1087
88 73
1286 1138
540 886
1410 2021
1494 2979
124 2925
2942 1536
5 488
1105 2643
454 2200
497 2490
777 203
1661 833
2316 1391
1733 2774
987 1426
182 1148
2167 1799
2253 2761
1881 1018
2701 2191
2151 2658
1901 2820
1739 2225
1525 566
369 1487
1700 111
2070 654
1541 1658
2497 2716
726 1474
2746 2749
466 945
2306 1393
1047 1379
835 2403
37 1133
2679 1584
147 2543
66 764
2615 764
2498 2277
721 1938
271 1201
1047 1633
1293 2358
75 1147
2401 2681
477 1392
26 604
1389 551
239 1818
153 1085
1355 2191
488 2608
2458 1833
2069 985
2676 1766
2745 2498
2545 320
1159 219
2015 1902
2049 1136
915 281
1708 1056
293 2051
2612 1318
2005 857
1999 590
2272 1680
1191 1446
632 2869
284 1872
280 2963
794 639
2955 1945
2285 2425
2909 1099
711 2406
1550 2767
1204 1100
1112 2696
844 2815
1282 866
1915 1841
566 2314
1224 536
2282 1055
2944 1536
765 1629
1734 2861
2128 407
2835 1046
307 2859
46 200
858 1775
162 2397
1584 907
1569 855
1658 2532
1900 772
2617 837
2272 2698
1957 2927
1477 1472
1434 1594
271 2230
222 148
1958 1264
107 1121
1132 299
1554 785
2187 2356
2210 1165
2690 2931
189 2894
1414 362
2239 347
2167 2020
2639 888
1828 2464
1744 1375
2200 163
2983 798
1625 84
2775 1707
2333 2038
2028 2909
355 1893
573 2818
845 2768
312 2242
1568 1299
2664 1319
2141 96
23 1146
664 246
414 593
2826 1542
2987 1206
2373 128
2129 1713
1773 2549
2892 1682
16 2409
2972 2704
978 2093
2173 1923
2143 837
200 973
1270 851
874 1698
2904 1590
1020 215
2975 722
108 840
94 1841
1646 2686
1081 2345
1676 2761
986 451
1105 1660
2034 1332
2709 1679
2088 1894
2081 471
2744 2822
2543 2609
1727 2837
2916 1622
1117 1027
2757 918
822 117
2274 1290
2318 2972
841 2788
2268 1671
871 217
466 1006
2748 2240
1949 2954
51 1873
512 1011
2804 1727
373 27
1408 2943
309 1079
2572 390
908 981
60 2815
2884 855
1255 44
2265 1617
327 2075
2009 2121
1274 1202
958 1885
2103 745
223 394
1164 1955
1848 1653
149 78
535 2926
97 657
915 2256
898 1946
162 1520
391 599
2604 1379
1447 2484
2776 1529
2495 1919
428 935
2642 2145
828 564
1376 1595
2749 923
672 848
175 1727
1674 1398
1249 241
85 706
2550 2314
1487 54
1724 2834
1999 1596
1862 1627
2582 945
2583 687
2772 2868
1327 1711
2784 2528
2495 2001
1511 2192
2805 1963
1402 1941
576 2392
933 57
2361 2050
376 2708
1175 612
192 2932
900 1811
2013 1626
882 2212
2725 330
1025 1534
1401 399
466 1650
187 2270
1335 629
2417 2382
2373 1766
2016 782
1683 2608
1180 2214
2680 2864
129 2647
1539 1951
1930 2822
2990 2013
713 1436
335 960
20 1032
2784 2854
62 2936
293 1148
1447 960
791 2372
441 419
1991 481
380 777
772 141
1331 2119
1347 1961
1140 36
834 2078
2320 2915
779 2085
557 1955
2235 2555
2033 2529
1598 1467
1969 880
268 228
408 2362
2856 2278
2818 997
108 2581
1970 784
89 1056
334 1219
1435 882
2131 212
1531 1624
1275 2195
2465 1940
88 2400
1962 2319
2481 2116
2620 197
1853 1729
1177 954
373 2100
1231 1413
1171 2892
381 2386
1739 2110
1371 1932
568 194
391 115
41 1576
2146 2560
210 2037
779 2876
2215 754
2714 1904
2154 2901
2883 1847
2500 2323
2337 827
2485 1102
2550 1618
1317 133
1094 1048
1514 2626
2009 2184
1068 1937
1730 2590
842 641
135 1665
797 895
2718 2537
161 2557
1545 222
1415 2403
1561 2434
288 2971
937 175
1795 35
2517 1954
2879 895
1837 2801
823 2609
480 2353
533 417
989 251
1870 1907
1553 52
801 1248
2690 461
693 481
1746 213
2486 1483
1190 581
2661 1730
1270 404
2810 2061
2998 2187
1319 604
1870 2393
1083 1713
2536 1456
2470 792
94 2420
1739 1228
1506 180
342 1658
1335 243
836 2459
502 1939
431 2957
368 977
1437 2586
1618 620
2987 1431
2249 2325
1521 908
441 2420
1228 2141
2763 2904
765 2484
1389 2136
2695 541
2826 266
2509 759
2427 2986
2290 121
1040 2920
1227 2209
1744 1827
1831 2169
1856 2034
2721 1432
2718 2946
406 2080
643 2632
1195 802
563 994
1776 1428
416 1377
873 2443
1239 2720
1578 1021
1662 2727
2805 2623
1062 1658
1436 1485
207 1342
694 240
933 106
77 2800
699 111
264 1883
856 1576
2873 2360
1812 795
1426 2324
951 2244
2461 1429
2690 2850
1153 1244
1783 2143
511 439
2543 983
1845 179
829 1775
381 1002
1423 2949
1001 2674
613 2541
2990 985
2738 1312
822 991
533 1600
2665 1833
1766 1266
2612 1738
1894 870
139 500
1389 1205
1305 2869
2007 1851
674 244
1991 2278
741 2043
2821 1532
2578 2883
1710 1619
506 1320
2445 503
858 785
2401 1230
2891 1163
2274 904
1953 2275
2142 2079
2963 2213
2605 1075
1212 1149
2373 2137
628 1043
280 423
2161 1290
2361 40
2961 530
2799 2693
2602 1450
1348 1750
2497 981
312 2732
453 1694
608 2354
1661 1680
2018 2655
1319 550
1655 2817
1871 2926
2448 936
1366 1584
87 1302
196 1262
1860 616
2966 2340
2194 1023
1695 978
2836 836
2448 1350
1214 754
1180 30
2318 2891
2263 2744
990 294
2543 2447
655 354
736 2769
2534 2353
388 2940
1735 205
538 2767
626 2099
1909 1261
1958 2613
1013 1788
852 1628
514 2852
1175 1297
2861 1385
533 2994
501 204
2308 2599
2747 845
2541 564
887 2476
1841 419
1180 2062
2006 2526
2555 2412
535 2744
2697 883
2788 424
700 2471
1533 289
2753 1459
448 2558
1194 2140
1345 158
1712 2376
2746 1020
2352 1102
1570 2328
2042 84
930 2466
596 2693
926 125
2433 281
2350 1463
2757 1949
2900 907
1270 2247
1110 2294
1520 2381
2630 2859
172 57
2803 2047
664 2796
2398 550
1342 759
1115 678
2679 132
1982 2131
1090 2797
2016 814
965 269
308 2226
2451 531
1269 831
1683 1018
2809 1819
1730 1314
1752 203
1037 2479
101 2503
308 2027
2606 1887
22 2412
1531 23
263 1832
834 855
1671 2794
1970 1551
1698 460
588 2858
874 1147
2202 2506
701 2929
1802 235
158 1564
2709 169
1105 499
2199 2248
1639 340
948 2513
2286 251
856 1212
1712 2457
680 1810
611 464
2853 1205
558 828
2391 1141
1070 802
40 991
2516 2148
1434 1626
1937 731
1258 431
700 73
2585 353
1674 13
415 395
2440 694
50 1579
2774 2831
89 2808
2479 2315
1257 125
221 148
1743 414
979 192
1508 2724
1397 1353
1132 434
1020 2730
569 663
2797 2378
2789 2197
2316 1464
1378 2211
2792 2542
977 275
1169 2145
1141 1075
1052 855
2703 2266
1351 2787
1917 2334
523 1782
679 1886
1397 1455
2193 895
1052 1182
2288 73
494 1499
984 654
2729 728
716 73
1672 1671
1105 984
2182 2204
1315 962
912 1582
2041 1145
2457 2354
1909 2166
1666 538
1272 2341
1375 878
1069 177
2248 2489
675 1528
2860 2885
595 1883
1353 1141
909 2630
2105 2713
994 77
2400 779
2940 2978
682 335
2988 21
1446 2258
1136 84
1144 1844
2418 564
2056 2260
1049 326
1071 2350
2544 1899
183 180
2076 2129
399 2759
2333 1156
2890 2932
877 2260
2149 2791
514 695
893 1351
28 979
1242 2575
941 780
2953 237
278 2213
2706 630
2521 2626
999 2412
963 1326
1354 1769
2981 2302
2486 2180
943 2895
606 817
2134 776
670 2110
1906 2549
2228 2911
1640 2908
1812 1024
928 2551
41 747
842 2820
2556 953
2696 1726
1001 1489
1335 457
987 1210
820 96
1877 2633
282 1628
1670 2515
1330 9
2247 785
900 1030
2734 1408
2473 1247
713 1519
2804 2934
829 965
1823 2798
2429 570
1946 171
2716 1102
2706 2394
296 2640
2026 2419
959 729
1817 2947
1419 2437
2251 1876
82 2294
2229 2065
2821 1233
2618 78
835 714
2478 1063
2305 1583
723 2469
2361 1239
2022 2608
737 1440
2946 247
2470 816
1591 814
1444 1178
1104 1203
2478 34
170 1933
2911 846
140 1152
2957 2622
1488 1833
2042 2651
2299 806
1654 1549
1306 479
2151 896
1270 1398
540 1483
2084 2314
116 899
2801 880
2863 2106
2743 1063
827 2341
835 1915
1322 1126
152 189
2110 1911
1336 2058
2810 1120
2308 2777
2470 1294
1021 2609
2619 93
1191 1536
1856 2557
33 1984
1258 2875
1071 2896
1378 956
2816 997
630 2779
1758 1713
154 200
3000 1154
2580 1042
2255 744
2721 1417
1461 1143
1040 1144
767 2724
472 20
331 2456
2892 528
124 1288
1239 1522
1544 1445
2074 653
568 1360
1887 637
1745 1738
1661 783
2987 2439
594 1141
1192 173
1958 605
1754 1814
2004 1176
2474 1582
1953 1914
2522 574
1623 2728
1823 352
1581 2303
2692 75
1031 90
1651 535
597 1429
38 887
2571 1004
1404 2014
419 326
2309 1955
124 1992
910 1091
1982 1927
1066 2577
1375 2637
2107 935
2369 1343
842 2039
827 106
467 2294
1253 1233
244 2851
1321 1435
286 988
1082 1629
119 2693
665 1092
2332 725
600 2955
2199 2138
922 128
1396 666
2389 1345
584 2019
2176 2659
1858 1680
34 2897
1672 2963
1159 2264
2074 581
2909 2694
2292 2106
915 567
162 620
876 2712
337 162
953 1251
2624 2462
1739 2923
2252 1622
2148 1691
1737 244
2396 2850
2623 1568
165 1523
2910 523
2641 2834
2130 2536
1120 805
1597 1024
189 2271
1285 2050
1061 2195
1461 2541
1982 2756
558 1185
1873 1868
737 132
2359 126
2167 2861
2324 691
1944 827
432 2430
354 2532
1987 696
2298 2162
910 2113
1701 1446
2401 283
2398 1583
2309 2186
192 1842
2788 659
1320 1028
2735 2346
2167 2523
1846 2939
2153 2424
2892 1819
312 1649
1449 1933
1454 2785
1896 2501
2994 886
68 2235
1110 836
2289 2760
2048 2431
214 1611
2742 241
784 2159
259 1923
2189 804
2127 637
2367 1130
1544 2957
861 1381
801 2326
2432 1095
1603 1965
1863 751
1513 780
885 2328
2202 1879
2872 438
2684 2207
1731 2152
898 1268
567 2086
697 2435
2170 1571
1823 1051
2617 167
2892 2170
176 2655
628 2247
1686 1968
1445 1910
2934 90
2401 551
1460 1146
1212 175
2881 2621
1688 486
981 1584
1379 1156
721 2320
1368 1111
2905 2721
532 2108
1351 2584
364 1647
1789 899
2226 1543
1912 1556
217 430
2839 2744
1909 1691
1447 2885
2144 2055
2509 503
582 398
1737 1152
1646 570
2862 1663
197 46
2521 672
1654 1065
959 818
2862 715
1764 2035
2494 1110
1900 899
2478 1786
663 2460
2977 1370
611 1612
1143 728
2316 1763
2938 271
1877 2858
2451 430
2834 1879
2697 968
1997 671
2588 410
1428 102
2503 1639
1279 1981
685 670
2446 2353
139 481
2561 4
1328 2265
1014 265
28 149
2987 1148
402 692
2974 1641
283 2837
501 2437
1261 1038
937 2291
627 672
1835 1745
1042 2595
2739 2868
1848 2112
1706 2931
1983 1910
1540 389
1471 1292
263 23
1408 2477
1733 2285
2784 2872
455 2096
856 756
389 1509
1966 1926
1654 286
1771 638
1447 794
737 1750
2650 2789
16 1978
2290 556
1592 2419
926 2696
1682 1445
1519 930
2272 13
1444 1625
2964 701
1708 792
1282 1908
2803 1406
1080 866
2738 2923
656 410
2492 2889
77 284
2606 2766
96 1067
1624 2156
1342 1425
2619 1737
1342 306
2721 2235
741 392
1537 991
1517 1425
118 1639
448 202
69 1827
244 222
1061 1753
436 739
892 1364
967 2935
1141 1616
1773 2752
2664 2978
2217 314
1982 2007
1777 948
2998 1777
484 1752
1787 2562
1967 713
1355 2105
1961 888
2712 2916
858 1263
1226 1195
2853 924
1907 1186
2493 302
2538 2632
2799 2028
2059 1483
1163 2001
418 2442
2081 2416
107 543
2591 1924
1394 2738
2843 2272
994 2981
589 1167
2406 357
1528 2270
2941 1034
1230 2396
139 2409
1375 2808
2692 1610
961 2772
1710 2841
2601 3000
836 2705
1447 1379
2044 752
684 2994
1728 598
1347 87
2755 956
1699 1561
1105 1113
2798 446
2699 1260
2427 2780
521 1956
358 2089
152 2105
641 413
2602 607
1183 2207
2184 710
1554 2436
2321 2062
1814 2506
2674 2256
2912 298
904 1774
1908 834
2793 1048
784 864
2058 1990
653 689
875 1487
2317 539
431 2029
2991 1956
2571 2898
372 1642
1196 1499
2028 2457
67 2458
782 962
566 2980
70 754
2102 2104
2623 2061
1983 2472
204 1319
1837 2129
255 1056
2420 2437
2429 2753
2146 321
1820 201
127 666
1069 1706
950 2151
588 1988
2721 1793
283 1723
75 2203
2425 2181
2017 1046
812 1145
2398 1230
707 2539
1350 1639
1440 433
2976 1614
834 2456
1909 322
964 1116
1041 434
2757 2729
2367 2992
1357 703
2527 1605
1604 759
1 1310
2910 303
2392 2350
874 2043
387 619
1335 2851
2358 1487
38 536
1650 2586
1607 81
483 1849
2231 929
2510 175
2576 1932
2895 1133
1319 2657
1659 1505
2449 265
793 2915
867 397
665 2265
1248 1104
2167 1850
2055 1387
2678 1683
123 381
28 2815
506 511
1066 1262
711 794
2128 2340
1732 2413
2027 2254
2060 1713
2090 2887
549 729
839 503
1941 246
1600 819
569 1334
2157 2214
1754 1138
249 2197
686 1682
1378 1063
1763 2195
1153 1105
409 863
1342 538
1315 2892
516 2706
80 1445
2129 744
1527 1405
1513 1306
893 2762
295 140
2480 2685
2958 955
2664 1626
1742 215
2995 556
2451 1334
813 2078
1941 1483
1649 1829
1186 1963
17 86
941 775
1267 581
393 1233
811 1605
1830 2971
1815 1265
2387 1018
1350 1958
1424 1100
88 2145
2229 2464
2392 875
2448 507
2013 262
908 528
1941 2365
1760 2890
1626 802
113 2499
1419 1126
769 1273
2013 1973
2666 1093
1688 1083
2815 1135
31 1187
2237 1010
2440 2912
483 1144
50 779
2533 1308
1366 2355
2736 742
2485 2205
1283 2385
2921 2724
961 540
1705 2001
770 213
2034 1819
452 2252
2536 2181
1434 2315
2517 2614
998 1046
2451 2109
1771 981
1581 333
470 2178
176 942
2299 2310
1658 657
348 1551
1382 1834
1545 2678
321 1120
707 1428
2326 707
2070 2471
1018 1318
1311 1747
986 2984
2399 2877
2030 2613
2903 2169
166 2835
1304 2287
2219 2855
2376 728
933 1847
1820 1974
346 863
2264 2479
1321 1273
1712 1836
2619 374
352 32
927 1216
2276 392
2701 392
2870 2209
1399 633
2407 324
1760 1102
1490 2568
2726 1897
2308 1619
2150 857
1288 2629
1081 1209
1857 1843
2272 1980
131 477
2708 2499
1424 1897
5 952
1885 2152
1140 213
2386 1719
1350 547
559 604
451 2687
1265 438
190 1054
545 621
1494 1758
473 1515
2801 1711
311 1173
456 882
2725 295
2221 305
2411 1189
2949 2643
252 2675
2149 630
1326 2384
2842 2482
2510 1904
852 948
1257 2176
1247 808
550 944
2998 2927
2252 1862
176 1941
2942 2469
1798 1848
2680 1664
952 1531
2065 2932
914 2620
2966 1384
2387 1959
677 1671
2666 237
1846 959
693 734
843 2454
120 1680
1756 421
1655 1409
2951 720
1451 1029
257 2337
2980 2019
1822 1343
2715 2980
2103 518
2870 1084
1026 1943
1826 275
1299 1363
1214 691
1893 1668
455 440
1101 2425
1073 1037
1133 1127
2100 437
2587 2611
681 2384
995 1393
2775 2880
1330 55
2420 2372
624 787
1955 460
614 1311
2377 1065
624 714
155 141
2886 156
1702 1441
2577 319
750 1527
403 2312
2286 2563
1849 521
131 2923
2725 2488
2241 1847
639 2075
1031 909
305 824
2987 2918
2095 2819
2399 2158
2025 981
793 2010
2152 1490
1487 1032
2501 359
2176 1821
1113 916
2870 684
2862 1973
885 2431
1839 2820
1690 1123
1866 2127
1294 920
801 2144
71 1162
2650 951
2618 957
2634 200
2533 2383
2468 2705
807 105
1908 1934
1307 2001
1863 2190
2092 2869
2666 284
2853 838
1652 1943
2826 1095
2571 2940
1903 2799
1047 626
863 1639
2238 453
2360 2894
2508 2035
1317 261
2342 1490
1871 524
1496 2773
1684 2593
174 556
2005 2102
2421 2507
2517 2659
1105 1868
882 78
958 2350
549 1274
442 539
844 1265
559 2330
1870 1118
235 1173
1416 1632
2961 2777
1051 2632
2141 2437
132 751
1847 802
1204 785
1233 275
1748 153
2585 1549
80 1642
2286 1931
816 169
2211 2341
2786 2950
1995 441
1206 434
1972 818
1825 1105
114 2716
2502 2674
1258 565
386 1968
849 532
2377 1675
156 413
530 394
1500 1586
1553 2179
829 143
2771 2493
93 1880
1777 726
43 654
2044 833
2902 2752
534 228
984 1036
281 1243
2710 1421
701 1007
996 1975
369 1714
1718 1947
2427 1534
2702 1217
784 881
2811 732
900 921
467 707
2165 714
1247 956
1397 812
473 2403
1605 7
2953 2848
1827 1706
2165 1434
1982 2848
2572 2061
759 1448
1660 768
1563 2247
900 2654
926 2021
2220 2931
263 1604
2084 2754
548 1707
1248 2278
2536 830
877 1043
716 1933
303 2798
1055 2985
1649 1616
188 247
2742 1163
99 198
1854 1604
987 2223
2309 531
529 757
1553 447
2245 2260
1527 724
2569 2213
291 444
344 98
1499 1173
375 2122
824 1879
2938 2513
1116 1334
2942 2482
2965 2488
517 162
1309 1671
1857 2042
1941 1469
512 430
927 780
328 2349
1451 1085
2688 1910
2906 2467
519 1896
2756 2720
2664 1065
2404 434
1760 463
873 2800
2618 1980
1473 1036
1371 1038
2871 2319
1478 2425
1850 215
1262 1168
1401 2657
322 1511
2726 309
153 463
2996 2050
833 481
1552 2981
1853 476
245 1245
1355 2264
131 2387
2644 984
559 1690
1349 115
427 2970
2003 279
2680 149
162 2728
1274 2086
2576 407
2162 669
2299 2612
2577 1142
534 689
2944 513
2884 1343
1596 2450
1958 827
1222 307
2045 639
2207 1616
713 2642
2220 775
380 1859
2701 1627
1450 954
2489 128
64 881
492 2124
2100 2720
1857 1566
2218 1390
2483 657
290 2716
298 4
1456 95
1053 2857
1651 1597
2392 1890
512 2898
2222 2624
2944 1819
2830 2605
2481 2599
1240 434
135 2244
2746 2760
2824 260
1187 2212
2095 484
2852 2525
31 285
2347 781
1300 1058
623 2820
1269 211
618 2688
690 308
2727 2055
2011 726
2309 2829
2966 203
487 310
1420 1913
119 1832
2888 855
2976 1910
134 2651
2692 1507
376 1314
403 790
2502 869
1281 1460
2982 1187
2590 1628
1744 2808
1790 2638
399 9
1840 1504
2138 1365
1967 2263
1585 1234
2414 2163
79 1743
986 1415
825 2646
2852 1939
1023 1039
2697 1166
162 2928
1080 2392
560 496
872 2957
1060 669
147 1328
83 2852
1434 1303
2874 1338
53 1767
2277 2897
110 2123
827 2613
2395 1205
1301 326
1544 642
18 1358
632 2839
1206 1144
2706 1838
2958 186
2792 1513
1275 361
41 803
2898 1278
1941 2212
103 1323
1595 2196
1852 2781
1908 1847
34 437
1078 1238
1486 2001
2114 854
77 2617
958 2725
2793 315
1100 756
97 239
2685 2145
1580 270
898 408
935 2169
1428 2100
1569 528
1432 1604
2041 724
321 1643
2374 2559
805 1266
2034 1462
2961 1884
2914 1463
35 2670
690 769
406 1223
1854 247
2842 1471
2293 1457
2789 52
2594 2717
2807 1863
1406 1429
2440 1079
2307 2327
517 927
977 2274
2218 499
157 220
701 1911
1625 2572
1159 447
