5000
1 27
70 32
68 55
98 45
44 2
13 62
27 87
88 79
77 9
23 26
42 35
11 20
92 10
58 51
76 15
98 90
37 28
63 91
14 38
44 81
38 43
91 4
1 14
69 23
29 43
16 77
7 78
1 23
76 13
73 87
24 31
27 42
70 15
34 78
72 49
60 14
47 92
40 17
57 53
11 83
9 29
46 33
61 90
55 9
84 88
53 40
95 21
8 21
82 73
79 73
60 75
84 82
50 78
2 81
13 85
40 61
88 29
66 81
51 22
10 96
79 62
50 25
16 35
19 10
99 74
14 1
8 92
4 73
35 20
42 63
44 4
40 75
85 66
68 38
90 69
41 12
85 62
91 61
88 23
92 7
90 81
14 67
9 23
14 98
94 22
38 73
13 90
46 36
71 36
41 42
23 57
9 51
51 21
42 87
13 41
78 82
46 99
100 16
35 46
54 36
79 31
65 34
32 97
84 31
54 91
36 63
3 95
65 66
60 61
98 85
40 54
64 94
19 40
15 31
78 6
18 66
23 18
24 7
57 41
50 16
43 33
75 84
62 5
97 58
26 11
85 62
41 70
38 32
9 52
27 82
22 13
11 60
24 58
13 80
84 50
88 85
14 61
42 60
84 56
41 57
56 2
76 79
16 65
13 80
97 91
44 36
11 27
6 30
10 17
2 51
87 38
82 34
14 70
17 5
43 29
31 47
81 36
54 53
78 46
75 2
59 87
84 33
15 61
44 17
24 17
37 77
99 62
42 71
40 84
90 52
64 32
2 12
73 6
25 99
99 11
47 11
36 22
38 53
2 94
2 82
25 58
11 43
98 59
54 83
83 56
74 54
64 25
89 90
56 68
78 13
1 63
45 25
96 24
94 15
71 33
76 95
26 27
94 99
56 44
83 6
13 40
96 7
45 87
40 18
90 46
58 65
85 29
2 34
54 40
62 58
17 80
40 34
79 63
16 6
37 48
2 9
54 84
76 49
55 6
7 45
43 86
75 44
2 4
79 40
76 60
69 82
5 99
90 56
52 9
18 93
10 27
10 31
80 72
7 31
54 93
24 91
8 60
86 100
29 81
32 51
100 21
78 19
33 60
36 40
41 83
18 31
50 60
29 86
78 81
73 93
37 4
24 12
94 45
43 23
11 37
35 76
44 6
53 31
48 81
58 14
82 24
29 90
80 50
59 39
90 93
34 80
86 49
89 26
91 20
21 4
84 96
26 96
21 66
97 19
71 53
3 26
56 43
29 72
97 34
3 2
71 2
50 41
35 23
73 48
88 50
34 42
30 47
8 51
98 25
85 36
44 75
28 67
53 59
36 98
62 87
27 48
60 30
58 37
37 89
32 83
45 76
95 51
53 46
78 13
3 63
73 61
69 37
70 59
32 89
1 13
89 79
73 73
80 54
87 50
43 43
45 8
93 7
43 54
24 46
26 17
76 69
19 81
24 10
88 39
87 72
28 51
79 66
20 65
22 66
77 14
31 18
18 3
34 29
40 2
72 47
6 7
84 6
3 45
20 14
48 9
29 26
1 19
31 99
11 10
78 44
37 94
61 27
15 29
19 43
38 86
76 21
74 18
48 84
83 34
83 7
26 24
67 98
32 73
66 58
87 35
58 20
17 41
53 12
89 40
73 85
45 83
26 94
94 89
91 76
58 48
41 60
39 92
61 55
57 17
15 38
77 37
51 58
64 50
32 32
26 71
10 25
67 18
86 9
34 46
34 67
64 41
56 52
24 26
51 57
38 64
50 35
54 75
47 85
15 75
61 73
28 62
52 52
46 18
63 55
87 98
58 96
10 100
28 68
78 16
57 27
88 65
7 100
40 14
78 19
52 5
87 28
80 67
100 49
72 7
46 100
44 59
98 96
23 46
13 7
10 17
38 2
98 70
97 80
65 44
69 81
85 67
47 42
14 44
68 80
74 67
20 11
69 20
42 85
10 46
32 73
11 67
45 53
67 75
80 26
90 100
87 81
18 77
24 19
78 33
53 26
63 1
36 75
56 38
38 18
50 49
29 93
85 87
29 12
74 55
81 88
54 39
77 13
73 76
88 65
72 29
27 36
60 61
78 13
51 85
83 62
14 17
99 54
59 68
45 2
16 49
60 40
49 37
29 93
83 23
100 49
25 53
57 38
82 97
4 62
83 96
46 5
68 51
31 17
93 51
31 6
77 17
60 84
78 9
53 86
24 81
82 21
4 33
2 24
85 9
75 59
33 64
79 19
82 18
78 37
99 80
95 3
17 62
19 91
66 21
95 93
60 24
56 23
49 53
26 35
97 86
80 11
43 36
55 90
26 8
73 31
40 28
23 48
99 88
86 80
4 26
88 50
45 47
50 5
32 60
100 22
29 93
40 90
1 25
8 75
89 23
62 5
97 1
38 75
10 24
92 18
77 89
84 36
85 22
89 74
68 82
22 91
15 17
24 85
14 20
52 89
69 87
50 61
6 22
50 6
83 96
86 29
73 38
87 24
17 8
100 91
37 84
78 7
44 23
98 75
77 3
21 59
24 81
21 59
78 67
16 71
63 45
6 4
21 86
75 31
45 79
68 65
52 19
4 69
55 79
7 72
68 80
69 86
44 76
49 51
66 59
51 52
96 39
74 97
4 96
6 84
53 17
97 12
3 22
87 38
64 27
6 100
78 59
43 55
49 32
50 19
42 2
66 98
69 21
85 32
38 73
95 1
49 35
74 98
87 10
39 64
81 9
63 65
1 86
56 17
59 25
88 72
80 66
7 71
74 49
21 15
21 15
62 69
85 89
8 56
23 15
95 77
19 4
64 64
31 67
93 93
26 53
27 37
84 15
83 46
95 19
50 92
65 41
13 32
80 29
24 42
34 6
84 39
8 10
3 4
97 15
93 67
30 92
66 26
7 21
57 73
44 39
79 68
2 55
11 91
12 98
32 83
43 99
8 44
18 16
3 93
10 73
17 40
55 97
72 7
77 90
55 79
18 18
22 35
57 30
19 25
44 36
25 1
58 83
10 2
13 85
95 24
43 50
67 42
56 66
22 15
88 1
98 72
43 51
62 62
56 21
85 45
79 41
57 62
73 94
2 16
80 72
15 69
9 17
85 40
84 68
91 86
65 41
39 44
63 97
75 28
63 26
29 50
53 30
86 93
89 59
85 14
30 39
19 20
39 25
50 15
87 82
52 36
92 96
86 11
61 31
17 40
24 28
94 89
13 13
48 13
100 38
49 29
76 58
11 76
6 69
32 50
29 26
99 2
30 4
80 85
97 78
3 44
89 44
52 54
14 32
52 83
99 42
58 99
54 33
12 99
51 83
17 67
50 90
43 1
20 13
83 39
24 79
20 86
52 77
80 39
64 88
65 15
80 60
64 88
57 13
47 94
76 93
66 36
5 84
14 95
14 72
71 6
86 15
71 29
84 68
3 53
11 76
57 35
39 23
100 85
87 53
32 25
20 31
87 71
15 23
34 86
77 49
33 42
80 63
39 63
79 86
17 42
74 58
100 43
23 65
97 99
91 59
46 47
55 75
25 97
20 96
1 81
89 1
77 96
24 42
11 67
89 5
28 54
99 56
12 19
52 83
57 34
88 59
27 51
64 81
30 7
75 36
43 93
43 3
41 65
32 30
54 13
87 4
67 67
71 15
26 73
72 71
7 67
94 69
56 55
85 5
26 68
41 1
18 48
36 22
18 47
8 39
9 2
20 16
19 51
4 20
87 10
27 12
75 67
32 93
98 95
38 2
72 58
21 11
91 11
34 38
52 4
26 12
59 100
98 40
74 49
29 84
96 93
40 70
49 71
93 10
33 9
17 12
25 65
77 93
15 60
1 36
29 29
31 87
42 52
92 98
86 50
84 69
9 86
47 29
9 28
87 82
96 18
86 1
18 25
43 6
11 62
77 17
36 34
59 10
36 84
63 29
17 63
36 18
76 85
57 80
17 39
5 30
49 30
2 75
67 25
45 99
40 77
22 59
64 100
13 84
10 35
49 95
87 95
4 93
16 76
4 9
5 30
59 43
58 77
67 14
4 29
38 24
54 21
32 40
17 65
66 66
11 1
62 26
86 4
26 28
25 99
88 100
14 21
32 39
46 15
69 51
94 26
31 69
98 37
11 29
10 79
25 10
75 69
69 28
52 34
24 64
29 2
97 18
68 62
22 82
55 26
73 39
74 97
28 11
54 45
39 57
73 5
10 31
80 54
20 74
87 17
73 29
80 76
43 17
73 29
21 13
93 5
71 58
31 76
14 43
11 11
34 49
96 83
23 11
35 85
57 91
63 89
8 70
11 47
67 88
76 80
52 44
76 79
58 60
66 41
99 54
47 77
40 67
10 71
28 44
2 64
11 38
80 17
41 98
94 56
97 56
10 71
32 59
40 90
77 3
57 28
84 57
4 81
67 34
40 37
56 18
81 4
82 3
57 39
22 72
51 8
1 73
1 9
14 82
96 51
22 89
10 8
93 36
68 44
60 62
15 40
60 82
19 1
90 58
71 19
87 43
37 19
70 100
100 37
31 54
17 9
78 23
12 5
60 66
100 6
1 93
29 31
23 100
13 81
83 16
25 36
15 35
69 45
57 10
72 4
72 98
85 71
65 81
55 35
2 20
48 60
19 19
5 97
5 35
91 49
16 57
9 46
89 48
71 99
72 99
61 62
69 56
89 36
66 77
35 4
51 47
25 65
22 53
90 100
46 24
5 85
56 69
96 89
63 3
33 46
44 91
15 94
83 3
99 30
55 40
30 5
65 80
51 48
84 73
19 16
58 58
8 64
72 74
21 31
33 6
58 14
63 89
3 62
44 78
34 100
45 96
50 16
24 6
90 43
64 29
8 90
60 54
17 42
61 54
93 99
45 1
52 73
18 7
68 91
51 90
66 37
32 28
76 80
33 22
35 21
32 61
52 73
14 49
24 47
15 11
9 2
77 63
29 31
40 4
71 76
58 63
74 86
11 25
27 28
8 20
49 82
95 29
8 62
80 35
18 82
4 23
56 10
46 13
35 1
54 86
70 48
14 48
46 64
38 73
1 82
12 62
40 31
58 90
2 38
69 76
32 97
65 17
34 12
40 76
96 85
5 92
4 40
33 84
67 96
28 12
66 16
48 20
77 1
88 53
37 3
61 81
74 93
45 45
52 21
57 74
20 48
97 20
57 76
28 85
99 82
93 3
61 22
83 47
69 27
22 94
3 41
89 24
94 46
100 47
91 36
43 30
51 13
93 33
56 99
8 74
75 98
50 51
98 49
60 10
59 5
33 5
15 24
77 77
56 92
83 10
10 28
8 54
71 31
99 45
21 99
36 97
97 52
59 93
72 47
27 26
96 62
65 9
56 37
26 72
39 47
82 85
74 51
79 75
82 5
37 8
73 67
9 4
30 62
88 83
75 17
47 35
38 50
42 49
40 32
81 44
62 80
37 4
1 80
82 63
9 13
89 72
57 61
28 11
94 17
59 95
25 91
51 19
22 46
74 9
100 18
10 40
56 20
59 37
95 22
88 56
45 5
89 88
45 56
97 86
30 60
49 83
63 82
93 87
75 6
51 29
88 37
83 73
25 53
87 59
94 4
59 45
13 77
6 68
28 79
19 57
58 42
99 99
62 26
67 27
27 24
22 13
9 5
95 78
78 68
2 45
14 45
4 78
71 99
100 68
79 58
34 88
34 51
66 56
28 4
3 43
16 33
34 74
79 83
40 81
92 91
87 99
79 88
43 95
76 4
75 68
15 48
55 63
90 82
42 23
5 50
94 34
59 84
63 56
36 41
90 10
16 62
5 26
13 86
52 99
68 22
17 39
95 85
16 51
36 42
98 25
53 62
36 44
42 38
36 27
61 49
22 92
38 65
50 58
78 17
84 65
28 27
19 19
95 18
7 76
70 72
92 91
95 44
36 9
55 74
58 57
36 37
85 22
23 65
11 70
19 64
76 100
40 48
11 53
21 46
28 36
29 72
24 58
49 20
70 10
27 8
7 67
30 52
50 20
40 93
36 13
10 42
17 70
49 17
54 100
78 86
14 2
83 31
87 61
32 76
78 92
61 25
93 54
1 42
41 85
56 87
49 45
1 56
68 1
78 72
39 48
74 25
89 69
78 8
48 81
9 83
45 14
24 87
82 2
77 47
66 49
76 70
98 47
50 28
45 22
3 95
73 80
47 22
69 43
63 47
66 13
40 25
67 90
63 21
34 94
14 51
29 61
73 96
65 30
25 69
55 59
35 65
60 39
75 68
79 86
29 56
98 70
42 73
95 23
11 47
65 77
42 21
44 77
24 16
40 71
92 68
39 83
4 92
13 39
34 7
28 42
93 49
34 35
99 62
97 44
19 31
10 34
28 79
12 82
43 46
35 38
21 40
22 71
36 27
28 16
64 4
13 23
65 2
5 25
58 58
62 67
23 28
17 23
33 73
13 93
21 7
85 41
13 78
34 32
78 76
40 50
56 40
87 44
20 95
55 71
55 23
89 80
84 52
46 12
5 35
21 11
99 32
8 80
23 15
99 44
54 20
67 26
94 66
79 94
6 33
61 81
38 73
13 19
98 91
37 51
95 13
93 75
61 60
36 51
46 24
90 4
92 48
64 3
41 13
74 63
74 10
91 17
30 69
47 52
26 61
73 83
86 27
3 52
61 71
86 81
64 88
65 24
69 71
53 77
23 47
24 73
57 83
38 6
20 17
47 33
27 45
48 62
32 27
59 99
13 64
61 52
58 100
17 5
23 43
98 70
16 100
38 81
71 50
17 1
24 69
34 22
54 70
31 68
68 32
7 52
24 88
38 18
58 48
28 60
73 10
89 30
36 52
88 18
80 20
3 76
31 66
18 40
73 1
2 43
76 28
89 53
48 77
13 81
55 60
9 3
24 3
56 25
23 90
93 51
50 10
7 16
4 65
14 9
64 31
68 62
97 9
80 57
31 78
47 66
66 76
9 79
64 38
26 59
73 65
33 87
60 14
25 42
44 28
19 82
72 25
14 56
74 24
78 51
44 35
32 40
63 7
33 10
84 67
44 96
63 69
25 91
41 66
6 95
59 100
33 91
60 6
74 11
30 2
65 72
64 63
17 28
56 30
77 77
43 65
92 26
12 52
100 92
71 9
35 82
69 19
22 26
88 28
14 35
27 37
92 49
37 68
63 9
70 73
24 59
33 5
73 4
22 31
4 42
89 54
2 53
33 82
4 72
82 46
91 8
50 82
12 20
37 46
79 4
59 78
74 100
82 15
4 60
29 17
63 30
79 75
24 21
33 14
85 18
11 81
10 48
3 55
6 78
63 67
79 27
60 8
76 2
63 78
5 34
45 86
54 67
89 75
5 91
83 41
39 64
35 16
44 36
67 51
16 76
27 68
3 59
67 53
97 73
52 77
17 11
3 43
78 69
3 68
44 8
70 24
31 80
87 91
39 52
95 31
5 93
14 100
22 42
93 20
40 43
9 57
79 48
5 87
91 13
10 35
76 7
97 25
50 36
73 68
74 17
92 1
15 83
40 92
22 50
63 78
53 72
59 90
68 71
65 43
85 35
93 69
44 3
61 39
21 86
84 79
5 11
48 90
96 23
95 28
20 12
91 47
18 71
74 26
50 42
33 50
88 26
7 100
65 68
11 99
90 3
52 9
30 66
81 75
37 87
4 37
41 4
93 92
70 81
70 76
88 3
98 60
31 5
97 3
7 72
7 5
95 4
89 85
51 100
20 31
9 66
16 29
8 95
62 51
58 61
36 85
91 6
27 68
43 74
84 1
26 31
38 54
49 35
20 63
75 31
23 44
84 9
25 4
35 25
5 92
82 82
2 94
53 9
93 62
5 16
30 45
50 65
35 37
52 78
6 69
43 43
93 8
49 14
51 29
34 68
71 53
94 99
46 99
92 39
20 48
72 8
6 55
13 68
19 58
35 38
89 84
12 66
8 17
83 71
32 22
64 25
94 94
40 38
79 67
88 6
99 12
15 16
36 14
99 12
19 50
29 59
91 45
29 48
6 16
36 24
6 11
83 36
30 67
10 81
80 2
22 22
12 39
75 71
42 8
12 81
33 82
33 41
57 68
78 42
70 96
3 98
86 25
16 44
82 82
41 97
62 21
81 61
87 45
75 3
47 68
72 54
33 45
85 74
68 34
91 8
39 12
30 52
26 82
42 29
48 39
14 97
1 11
33 52
76 92
31 43
61 73
49 82
57 89
6 56
83 35
96 72
3 54
68 75
63 99
64 38
47 93
27 94
30 16
13 25
42 96
68 6
86 77
87 74
4 64
18 75
28 34
58 61
24 42
53 89
20 78
36 78
42 18
27 58
51 19
24 13
39 84
13 18
74 42
65 27
37 70
1 73
66 17
40 64
62 37
54 20
56 11
52 8
76 60
86 17
85 55
32 77
5 73
83 2
34 96
38 58
79 62
55 24
10 24
6 25
67 35
34 2
23 99
11 17
25 94
91 36
100 94
33 14
2 93
30 48
20 96
29 47
94 69
100 35
20 19
52 76
40 53
53 69
43 97
93 23
69 8
33 97
59 92
86 84
4 80
65 99
44 89
31 2
13 51
82 85
56 39
84 64
57 56
31 3
91 35
36 33
64 19
84 42
20 54
27 61
36 64
100 55
11 1
51 57
26 11
59 59
60 86
67 82
36 77
38 79
30 4
66 58
44 67
89 84
61 79
64 92
50 36
63 87
67 29
53 85
76 46
40 89
57 55
84 53
41 26
83 41
35 86
59 65
91 31
73 84
49 73
92 70
20 97
6 20
11 80
16 96
64 7
70 42
73 21
90 61
59 14
43 26
67 99
55 46
76 13
10 85
50 70
5 13
16 42
63 13
66 65
29 26
4 31
75 76
79 12
13 98
54 46
69 20
6 15
75 28
58 83
78 50
90 11
27 3
48 92
11 34
21 18
64 4
81 50
5 67
47 83
36 79
19 98
3 81
89 73
15 55
27 30
66 35
77 98
45 69
89 59
95 52
30 36
32 62
78 15
90 5
80 97
4 2
77 3
23 69
7 38
31 43
29 53
22 77
42 64
15 72
4 54
71 87
5 92
4 68
67 44
23 7
76 16
64 40
99 77
30 40
82 87
39 48
87 68
31 26
20 42
13 70
58 13
5 45
26 71
75 53
58 74
12 53
93 30
49 70
33 81
82 85
56 68
34 50
99 94
48 10
9 91
77 95
52 81
18 37
81 26
91 44
68 41
54 85
17 61
1 43
35 51
18 75
74 43
60 40
52 32
36 82
57 75
81 12
27 26
9 47
61 31
100 20
83 100
2 47
78 23
46 70
78 32
29 88
51 67
77 88
84 34
56 66
73 71
88 81
41 48
30 27
83 49
67 18
35 13
12 32
42 54
45 18
84 72
46 3
74 66
33 19
4 50
3 93
17 91
35 67
60 22
3 76
21 16
36 16
84 75
15 5
10 95
55 7
62 83
6 27
98 25
4 12
23 41
71 59
57 78
47 30
20 27
63 86
76 32
98 54
38 18
37 77
29 7
90 78
16 100
57 36
100 87
90 75
31 53
58 64
31 12
24 99
3 78
66 37
91 23
12 86
72 3
96 71
89 36
72 24
49 54
81 59
76 72
17 15
12 67
16 49
84 78
18 32
15 36
57 22
16 9
96 82
13 58
34 54
91 10
85 72
91 32
98 37
71 76
55 46
79 26
15 10
35 28
74 6
22 2
83 44
13 30
40 93
54 33
51 79
95 63
23 81
49 41
83 78
96 15
77 10
12 98
59 7
95 60
74 50
48 68
53 24
71 2
30 40
17 29
5 27
30 54
74 96
87 80
43 21
36 94
63 17
67 23
93 62
49 89
21 86
48 30
82 48
90 41
58 58
74 9
100 85
7 52
15 54
54 2
56 44
69 17
61 92
96 27
64 85
33 51
49 29
66 7
6 36
57 94
71 64
15 10
1 80
66 84
36 83
83 66
55 90
44 78
8 99
54 76
72 33
34 32
11 14
96 72
51 13
23 17
49 88
79 69
64 100
88 79
80 46
31 54
58 84
80 78
43 55
85 61
49 88
68 52
13 26
74 87
45 43
79 38
12 37
50 10
93 21
94 94
70 76
74 53
19 38
62 98
42 17
63 31
90 56
93 3
73 79
22 75
35 60
65 62
12 81
74 99
4 93
41 32
70 53
73 36
26 8
6 34
15 94
90 61
66 37
4 18
91 69
16 35
65 2
82 19
66 11
17 14
29 98
73 69
83 2
11 61
47 78
86 62
79 51
100 61
39 18
46 26
19 64
22 28
71 51
11 48
17 60
6 9
83 38
91 39
95 20
49 27
26 84
80 68
68 15
25 97
67 29
65 87
24 56
58 84
93 72
19 78
3 84
91 14
23 14
88 41
19 32
53 68
95 72
93 92
22 24
8 78
23 9
23 83
62 73
56 77
29 75
13 66
80 40
55 45
43 34
40 64
72 46
36 82
28 53
50 45
81 11
1 14
23 20
81 12
88 99
23 6
66 62
22 39
6 69
44 27
50 52
63 92
24 47
22 83
18 75
51 91
39 35
73 72
75 7
41 83
46 49
12 91
85 72
36 46
55 92
43 56
73 19
34 26
2 13
91 42
25 40
65 18
42 14
12 71
53 65
16 40
21 92
99 75
85 51
57 53
52 27
57 45
70 5
92 72
85 86
46 23
83 43
51 65
81 22
70 98
69 81
41 67
94 12
77 54
38 81
33 60
55 29
16 16
39 34
97 53
31 54
77 75
54 50
74 40
12 9
63 12
8 22
46 54
70 18
97 48
15 90
10 34
50 20
34 75
44 23
15 38
41 44
94 55
3 66
96 70
1 58
69 52
60 22
96 58
12 91
72 43
50 47
74 59
23 23
37 80
31 39
94 90
20 82
77 76
39 18
14 89
28 28
46 16
25 21
12 89
1 18
65 62
39 89
20 18
13 82
93 31
57 83
15 50
92 84
81 95
71 12
41 65
79 43
65 52
30 9
67 68
84 1
56 29
60 45
9 87
25 93
2 4
90 71
46 10
68 71
41 45
84 10
98 98
34 26
43 8
36 39
78 67
32 82
84 22
63 43
43 61
6 53
34 41
43 69
54 10
51 79
98 23
26 27
64 50
82 44
1 53
2 65
11 84
77 59
36 30
26 4
76 41
44 79
80 24
64 42
53 32
12 46
50 27
54 24
3 80
28 85
8 8
56 77
46 25
53 47
23 67
10 80
56 35
11 37
53 12
69 46
52 28
57 49
26 3
38 92
50 52
11 43
84 38
39 5
89 10
44 72
11 3
21 73
30 81
66 96
23 77
66 98
24 96
71 17
89 13
55 100
57 83
97 70
24 84
35 39
29 23
73 34
85 40
7 30
47 83
53 76
55 2
28 24
64 79
39 97
72 32
2 35
78 10
60 36
69 63
8 90
42 53
21 33
18 4
98 35
84 59
33 17
21 86
35 8
80 34
80 50
71 99
4 60
34 54
56 93
18 82
35 62
87 54
35 13
76 7
79 82
84 96
8 59
94 34
58 4
56 51
5 18
55 97
25 43
99 49
44 67
25 4
84 77
56 2
33 17
53 44
53 30
91 27
54 74
71 14
38 35
78 58
60 8
78 35
92 78
94 94
3 23
61 60
97 9
9 34
86 3
72 59
39 54
42 36
27 23
62 44
99 12
48 25
86 13
89 96
40 27
90 48
81 49
42 57
99 49
25 70
63 8
14 68
45 53
36 87
82 69
10 58
50 40
47 1
11 39
87 41
76 58
56 25
28 81
26 93
26 59
29 97
68 24
98 79
69 91
57 56
96 62
84 13
50 20
29 55
70 6
54 35
48 87
82 97
83 21
53 4
11 8
18 13
41 11
84 23
32 10
88 19
5 43
47 32
63 11
37 89
1 27
19 11
52 61
3 30
78 43
10 21
21 22
17 12
28 20
8 12
35 96
87 60
7 5
62 95
15 86
91 73
52 47
68 89
100 57
29 21
65 19
65 62
15 15
80 84
84 88
8 22
2 50
16 18
29 37
72 22
57 100
36 51
52 31
19 24
10 22
57 9
68 97
78 27
54 35
79 34
29 10
50 53
67 33
19 37
47 93
26 40
35 23
1 52
8 98
49 37
23 70
99 17
66 81
13 17
38 28
20 17
37 90
11 77
91 88
30 26
89 63
85 74
82 93
38 26
5 94
78 8
5 30
2 68
88 24
4 78
21 47
21 43
9 50
52 47
26 18
54 81
7 26
2 27
22 97
77 98
15 79
15 1
74 80
97 97
87 90
6 88
24 1
55 30
96 48
86 6
27 16
63 88
14 33
38 93
6 38
33 30
98 19
65 27
37 56
41 1
73 90
75 83
61 98
12 98
66 3
43 82
83 86
65 84
9 34
97 35
46 53
82 44
38 100
8 79
71 87
71 28
85 1
36 55
26 5
21 42
29 24
23 65
51 29
88 22
59 43
49 65
37 5
22 62
86 42
23 42
69 54
2 28
12 16
35 31
40 5
24 13
39 40
58 74
65 52
77 16
48 38
97 34
35 18
84 51
98 43
29 55
19 8
44 86
77 84
3 17
40 76
29 54
89 15
13 20
25 17
96 99
53 71
76 31
49 81
99 54
48 38
92 69
96 64
23 27
23 25
50 9
8 91
34 71
35 13
85 71
3 32
94 28
89 83
39 89
59 87
3 60
94 72
78 23
58 20
48 62
98 4
72 69
43 44
10 12
25 96
69 99
16 51
39 88
88 60
91 41
74 36
38 20
79 85
46 82
36 37
57 70
61 46
70 16
2 85
35 69
27 51
90 41
74 90
72 44
17 93
6 77
63 79
7 94
11 28
18 93
20 100
70 4
68 31
45 36
1 86
8 94
96 8
78 40
24 31
11 80
73 83
24 78
80 98
5 76
35 47
46 96
13 97
7 98
63 91
6 4
3 80
97 90
80 52
80 7
62 62
48 31
87 8
27 26
63 80
34 54
54 65
4 29
69 94
72 100
68 31
32 34
37 16
13 95
95 89
62 75
80 43
97 6
15 8
99 32
29 41
24 8
36 10
38 4
5 76
73 48
10 70
41 21
56 16
42 62
30 51
78 12
44 7
76 32
7 11
7 36
71 2
16 100
56 70
75 85
27 74
71 40
19 68
94 86
17 38
62 80
37 87
32 60
65 37
98 100
9 88
86 10
6 59
84 97
45 62
50 78
63 99
36 89
6 56
94 15
83 94
21 73
8 42
50 62
100 30
52 55
67 71
4 44
14 22
12 56
50 44
59 3
54 56
49 41
13 29
87 15
19 15
75 60
56 33
5 100
65 26
50 84
86 22
10 6
27 11
78 37
29 54
92 92
30 36
33 26
30 100
47 36
92 64
67 72
55 8
31 69
15 39
94 85
41 44
37 71
66 65
55 59
64 94
86 2
96 37
38 92
30 23
38 45
83 87
93 83
63 2
65 7
90 98
34 11
65 31
36 75
53 5
26 77
35 71
17 41
47 60
90 18
98 61
84 91
89 17
96 30
15 15
3 68
79 12
33 91
79 92
30 41
36 60
34 45
89 73
43 75
45 91
44 77
20 12
81 14
55 48
58 30
16 62
36 99
41 32
43 27
43 52
86 31
26 72
20 55
21 53
27 84
42 81
3 54
14 50
83 89
3 49
23 52
85 26
29 70
9 21
30 12
53 43
79 25
49 75
75 20
24 42
76 97
96 4
27 45
40 75
12 44
17 99
10 20
27 20
14 68
19 24
1 6
75 85
49 12
47 29
55 27
100 57
50 87
20 90
22 28
10 56
35 17
60 8
76 98
73 79
14 70
63 95
7 94
25 46
52 31
96 95
71 61
28 67
97 79
43 10
29 46
55 100
46 6
66 53
61 26
15 53
26 25
96 60
64 31
90 39
98 95
49 28
32 28
72 59
23 28
94 11
98 32
32 3
22 57
89 50
16 1
19 14
92 11
37 78
89 81
89 54
26 69
40 57
65 95
26 84
73 42
30 4
54 20
57 48
18 27
35 72
10 74
9 36
26 7
72 75
70 97
26 50
35 16
10 95
85 53
43 71
67 49
89 57
79 7
21 48
3 13
61 81
96 57
92 74
96 52
72 47
23 82
26 16
70 67
57 46
23 12
57 42
91 21
20 60
57 98
62 65
49 21
60 92
52 76
53 30
44 5
64 30
22 43
67 36
16 86
45 17
60 52
4 56
77 5
54 52
66 42
82 98
31 8
16 56
17 98
24 39
92 63
2 34
16 60
82 72
29 29
85 62
28 26
33 35
80 61
96 87
17 74
4 22
92 10
33 58
48 62
51 49
76 54
92 83
35 46
93 79
97 3
34 99
20 50
56 34
49 1
58 43
40 20
57 13
73 86
49 17
63 46
88 20
4 62
67 29
77 88
95 94
54 14
10 25
89 66
33 46
90 36
80 42
6 70
10 87
61 29
5 86
72 98
9 42
30 63
79 62
48 37
24 4
100 76
45 73
39 69
49 44
11 8
6 96
71 94
50 91
96 22
77 73
95 92
75 55
74 6
71 81
9 93
9 22
37 6
16 57
81 18
24 3
61 23
87 51
39 56
6 86
88 60
20 25
70 25
63 44
44 78
76 84
34 94
45 98
7 26
53 34
24 75
20 32
67 62
15 70
47 65
52 97
86 20
99 42
94 39
78 34
29 78
62 60
82 65
43 23
29 49
32 71
15 78
77 53
92 97
82 4
36 82
51 80
27 39
90 9
25 29
89 82
88 14
85 23
100 20
59 96
33 15
7 30
1 14
11 63
99 88
27 1
4 45
7 73
22 47
41 75
77 12
24 9
53 25
32 38
44 89
16 74
80 24
91 16
76 24
48 44
25 80
50 82
86 38
43 29
19 60
14 43
81 25
84 75
49 35
17 24
65 42
77 79
25 64
92 10
98 95
78 19
52 66
57 61
60 31
20 76
84 77
95 88
17 16
26 92
12 86
96 64
20 80
45 4
94 45
65 49
13 52
70 98
42 51
68 30
54 27
17 69
11 74
58 29
68 24
23 36
57 16
41 26
44 75
27 67
78 64
44 66
33 8
86 15
90 98
5 30
98 72
62 32
7 64
19 58
35 95
34 49
81 25
10 68
44 44
40 70
89 77
46 21
89 54
15 65
49 65
77 90
55 32
4 6
79 78
2 30
68 10
35 6
80 88
37 64
95 85
41 99
81 11
13 8
28 64
21 15
63 1
9 65
60 58
53 30
26 4
29 18
5 52
10 1
81 22
78 23
51 71
57 51
33 14
49 31
20 35
61 94
87 55
40 96
63 43
97 94
45 17
81 16
21 59
21 33
77 37
35 76
94 45
86 13
67 14
17 53
86 54
73 69
10 36
53 42
40 20
99 90
55 61
82 87
42 26
12 35
80 99
76 23
33 76
66 46
49 97
20 63
9 23
62 9
53 92
73 5
74 10
88 20
85 30
1 4
69 90
34 65
73 76
48 2
35 80
49 9
25 3
81 94
76 68
34 61
85 95
17 71
1 30
8 26
69 84
77 20
59 33
69 63
29 70
28 29
39 45
27 35
46 47
74 49
71 86
97 70
58 97
37 41
70 62
93 29
22 9
81 21
68 96
56 44
3 41
52 64
29 78
95 37
25 53
50 29
39 16
2 82
25 64
25 1
88 57
73 21
30 77
36 39
19 1
99 57
18 28
40 32
97 36
1 56
15 59
11 46
86 93
66 72
27 42
35 87
28 72
58 93
53 34
26 30
92 62
43 84
25 47
14 61
94 45
88 55
58 76
50 7
6 19
82 51
43 92
92 48
63 40
69 56
68 56
72 1
64 5
5 5
85 26
3 61
38 4
60 95
97 31
48 58
97 4
62 38
67 5
71 60
90 63
77 35
17 89
100 96
39 15
69 53
45 36
6 89
22 14
32 13
86 72
3 30
5 82
45 14
42 89
47 16
80 80
16 38
10 56
43 27
96 26
66 8
54 37
3 92
43 10
54 44
47 9
53 49
90 47
21 75
23 18
42 11
40 34
9 77
33 10
81 42
30 46
16 88
71 74
71 34
93 45
97 56
78 17
1 67
19 50
43 26
50 37
75 98
44 73
77 64
67 20
19 77
12 94
17 7
98 99
83 36
86 99
2 35
89 25
72 91
3 20
36 89
57 39
18 71
26 58
2 28
89 45
39 65
94 8
58 8
64 83
98 99
35 86
75 78
100 25
42 14
91 44
80 42
59 7
34 19
63 43
55 57
17 87
86 19
13 45
39 33
46 33
22 80
18 65
11 76
13 66
64 42
75 33
77 68
83 48
84 81
37 76
100 34
75 11
70 37
59 88
47 56
25 61
98 37
17 83
69 63
34 35
37 71
23 41
83 48
37 67
18 99
3 30
84 89
16 16
89 82
64 89
76 11
100 85
55 100
80 23
59 61
76 67
43 49
1 62
60 45
70 48
80 5
4 57
25 47
29 24
1 11
28 5
82 22
7 47
72 88
76 7
4 82
14 75
43 57
95 79
15 86
38 99
59 19
50 15
94 90
58 64
2 47
11 41
94 93
39 7
27 45
79 61
88 22
31 66
38 73
77 82
25 75
85 9
92 20
2 97
32 62
23 52
30 11
98 4
92 61
24 71
33 34
98 89
93 94
61 13
64 50
4 30
64 32
59 46
19 27
39 32
18 100
99 50
22 89
33 62
92 65
4 49
43 16
72 55
64 93
43 56
92 23
76 55
42 42
72 69
83 76
60 24
96 66
26 18
47 36
39 46
52 54
63 84
35 62
25 78
33 11
16 19
33 95
45 27
14 52
82 4
49 88
31 39
48 86
54 100
45 35
70 50
38 82
30 65
93 75
81 64
8 39
94 42
47 83
66 40
52 27
60 93
31 75
16 28
13 33
1 77
27 23
4 19
31 39
83 63
28 93
12 98
32 25
60 96
61 91
94 6
68 42
75 51
16 94
9 84
76 22
99 90
12 93
11 87
100 15
1 10
35 32
74 48
2 84
48 88
97 53
55 96
28 18
11 55
94 92
22 59
34 92
83 22
12 32
8 92
43 26
71 44
24 41
27 30
38 71
74 47
96 46
25 84
59 84
66 21
70 68
12 14
37 62
29 9
22 19
57 6
80 59
63 55
89 85
8 51
44 67
65 77
35 89
27 62
67 64
38 35
33 44
88 29
7 36
24 46
95 80
24 85
90 50
51 33
59 12
55 49
82 88
47 60
51 73
71 39
37 45
23 63
72 86
67 3
89 96
38 62
49 61
89 22
76 82
12 46
29 53
7 27
48 90
72 94
31 58
51 35
86 50
31 99
73 4
22 31
60 46
51 31
96 81
98 85
71 11
97 90
28 42
57 71
34 74
95 36
49 56
82 72
43 87
34 75
45 89
11 36
94 85
34 67
96 46
58 22
48 38
99 19
34 72
15 98
78 45
69 32
68 92
77 48
96 58
57 27
14 48
62 39
46 47
18 23
50 68
88 77
21 35
38 25
9 47
53 4
46 22
12 29
4 65
9 34
70 44
32 56
45 50
93 2
68 94
15 13
81 44
54 85
45 40
45 2
58 87
77 66
37 80
86 35
9 17
82 10
57 28
74 17
44 5
29 73
99 57
49 29
68 85
80 41
70 70
38 71
40 94
91 50
68 100
15 87
15 49
87 92
28 63
70 33
38 17
42 36
47 97
11 51
23 63
64 33
23 28
87 58
14 86
53 51
96 28
22 51
36 35
100 78
56 3
40 3
94 78
51 46
37 39
6 39
81 9
38 46
24 48
19 89
6 89
59 96
22 30
75 52
56 90
48 35
41 86
17 11
87 49
38 81
11 60
86 20
77 100
25 80
3 20
31 35
71 31
73 22
23 84
75 61
21 38
10 97
44 57
18 79
53 9
46 58
52 62
23 32
100 17
24 95
40 86
22 84
18 55
13 99
25 99
32 58
85 39
67 54
10 17
58 77
94 1
74 100
48 50
50 95
68 44
5 25
64 88
50 31
35 72
56 86
92 21
78 44
97 66
53 78
52 40
70 41
4 27
39 22
44 60
85 21
67 84
26 79
3 31
77 18
36 85
14 62
81 85
49 30
83 52
36 41
62 37
4 77
59 74
50 94
43 68
80 15
33 45
69 74
67 47
75 1
15 92
86 96
99 80
70 48
24 55
2 6
36 38
61 88
100 80
56 35
38 1
59 81
4 46
77 12
56 42
50 19
39 19
99 2
37 53
55 72
62 5
65 85
23 70
1 65
45 84
56 75
9 12
89 36
65 32
36 6
53 78
34 69
86 44
71 60
28 34
97 83
29 49
94 15
51 90
10 39
87 45
65 14
9 47
26 82
10 70
21 68
20 77
35 89
63 71
21 94
33 79
3 98
38 19
10 19
15 95
36 88
85 8
51 14
36 88
29 62
39 15
86 29
95 30
60 17
69 99
35 12
26 35
87 7
90 91
68 41
29 11
27 48
52 44
45 73
7 90
89 90
11 93
39 89
25 97
88 48
70 78
25 16
64 49
73 68
4 17
79 9
53 22
44 77
47 77
37 68
1 52
71 1
9 65
10 58
72 67
66 10
15 21
38 45
34 100
91 52
11 73
100 66
72 3
7 12
64 93
64 54
57 10
8 8
10 62
25 12
56 61
79 59
86 29
68 12
50 52
67 86
51 69
83 22
3 25
20 33
24 31
88 15
66 89
7 6
22 98
7 69
71 66
81 97
71 2
23 8
57 93
79 42
34 62
60 66
67 9
1 25
91 16
13 2
59 35
89 44
54 49
11 52
83 99
42 55
93 15
27 84
75 76
61 56
75 64
62 6
67 15
4 67
78 69
45 12
9 81
38 60
34 94
92 89
28 59
82 38
58 11
29 82
56 78
73 88
32 52
74 75
33 97
100 91
38 42
69 93
60 36
31 67
11 13
80 25
89 65
67 99
37 87
19 45
88 78
13 62
94 48
94 11
76 48
25 62
22 69
92 35
29 75
29 7
35 32
2 88
3 54
14 73
45 94
72 3
27 92
93 60
28 43
14 25
25 3
51 89
55 70
50 88
41 64
89 67
50 71
78 38
76 87
19 93
78 6
32 58
41 82
41 68
54 16
34 6
89 95
52 38
46 15
3 18
41 98
84 1
87 8
6 94
78 70
83 13
41 38
47 93
49 4
48 58
43 52
49 4
88 2
60 97
87 50
3 17
10 89
46 19
36 28
83 68
32 60
94 72
45 6
66 45
54 2
70 30
45 8
17 56
73 9
92 3
12 1
45 45
31 93
95 81
66 82
20 2
67 39
88 99
88 60
30 43
75 70
63 47
27 57
23 46
91 49
33 68
45 58
2 92
35 13
31 61
39 4
37 69
80 97
50 70
7 87
11 70
82 78
13 79
52 29
88 4
65 84
3 9
41 12
71 1
14 74
80 4
16 5
4 61
67 25
75 31
45 52
41 88
62 90
52 80
99 70
92 55
78 2
57 43
74 76
90 83
45 56
53 95
58 40
31 6
72 69
76 75
32 39
9 54
91 16
27 55
87 76
71 96
47 34
33 43
61 91
13 97
38 74
86 85
18 3
92 71
27 68
39 14
97 34
22 55
30 46
65 95
51 54
69 73
78 32
7 41
54 68
84 3
39 89
66 15
32 77
76 47
14 41
99 26
91 74
76 91
1 75
14 23
95 32
64 8
60 62
57 69
28 87
4 17
74 8
34 74
88 71
44 86
33 62
64 54
49 54
66 37
100 5
17 82
57 96
21 63
64 58
46 96
22 14
7 19
79 80
2 67
94 18
31 95
79 32
54 6
48 4
65 49
76 87
55 42
72 55
57 93
74 86
19 51
62 62
87 48
18 26
38 86
22 17
15 80
96 50
99 27
96 47
90 46
20 80
21 25
29 38
26 37
10 59
9 74
43 63
96 96
31 84
79 10
14 40
57 42
10 14
40 64
85 24
81 24
75 8
78 37
63 39
73 55
2 38
53 92
9 30
80 26
85 94
43 57
76 4
93 4
53 56
51 78
30 73
72 3
96 38
38 21
7 42
23 53
84 52
1 20
48 3
75 39
98 48
96 85
31 27
41 33
79 54
35 63
88 32
74 8
19 86
81 9
52 81
23 19
30 33
66 33
99 82
88 10
91 19
64 41
87 54
24 72
96 45
37 75
41 50
28 32
36 34
9 98
59 76
36 81
45 51
46 71
88 48
32 14
72 95
16 7
92 78
74 69
16 70
90 57
90 30
51 30
8 59
28 36
64 61
66 2
38 10
44 55
31 8
15 62
92 71
67 83
70 32
15 34
68 39
42 89
88 55
61 16
4 43
95 47
46 5
26 100
29 41
25 74
18 22
38 7
96 15
75 68
47 2
6 24
22 68
15 62
90 16
68 50
4 68
11 75
20 59
80 7
30 70
81 99
70 57
33 84
100 22
5 20
6 59
34 52
28 84
34 61
10 3
65 1
19 22
86 83
11 94
73 96
1 51
52 45
59 98
99 43
76 4
59 99
78 67
83 8
69 6
11 47
47 92
4 17
67 7
12 66
39 13
53 36
2 23
15 52
43 75
61 20
68 53
64 31
20 20
3 87
30 99
79 88
48 84
97 78
85 25
70 67
48 58
95 37
65 46
59 90
59 75
1 29
69 96
68 64
28 89
56 90
99 87
61 82
35 59
23 18
40 3
91 70
82 97
94 27
59 92
46 8
53 72
52 72
29 82
11 33
85 88
33 1
95 49
8 16
13 65
96 70
2 70
62 51
1 27
90 42
66 18
5 44
34 73
55 29
87 28
61 4
32 15
99 70
78 84
49 44
41 49
63 74
95 79
57 56
91 53
21 16
76 77
46 67
61 24
55 33
37 93
79 93
2 99
17 3
14 56
39 18
37 17
42 22
84 47
68 40
87 96
1 77
93 23
6 89
76 55
43 28
58 38
19 88
93 5
73 51
82 68
18 71
78 32
53 25
40 70
36 31
79 24
37 96
70 78
94 39
78 40
68 34
61 77
72 12
96 4
83 4
4 47
8 50
92 68
74 57
89 25
24 19
46 62
13 35
92 41
41 25
53 80
30 95
51 48
10 31
69 27
19 86
34 75
84 24
43 83
58 7
51 50
45 87
35 28
81 7
91 1
72 30
8 30
59 26
96 57
90 52
99 64
70 16
95 90
64 29
4 84
15 15
12 61
42 20
78 63
94 19
43 42
70 75
70 79
63 57
51 28
64 34
43 12
83 89
86 72
54 49
90 39
37 89
90 46
59 31
70 83
40 29
14 64
12 54
43 38
55 76
79 83
81 60
86 36
60 67
47 82
42 33
35 1
37 3
22 63
31 2
65 63
86 9
94 48
62 48
41 98
15 44
71 13
41 47
8 84
17 16
59 62
85 4
85 14
40 85
77 21
1 45
85 18
74 84
26 32
73 47
55 6
23 37
20 36
97 22
16 74
56 31
5 100
26 58
3 1
36 17
59 30
93 67
60 34
100 44
98 83
91 93
93 32
29 8
37 89
73 96
64 18
92 90
69 36
15 26
73 4
83 69
4 63
1 79
28 3
2 31
94 55
26 65
59 60
66 67
32 98
2 8
19 73
58 21
91 17
29 98
56 85
28 18
11 38
14 1
43 5
52 99
56 15
2 66
8 75
25 46
89 16
81 91
100 95
11 36
64 53
32 22
18 92
65 42
26 28
5 4
63 54
15 81
60 91
66 57
30 30
38 73
34 72
20 99
56 20
56 33
42 45
3 94
13 14
90 9
58 89
83 96
19 90
78 70
55 20
58 6
94 56
34 69
49 48
88 80
3 9
41 16
59 37
15 8
82 2
73 72
17 1
90 36
10 19
1 85
70 86
70 27
70 75
26 77
50 28
13 50
42 44
64 52
64 80
17 76
18 68
10 66
42 54
24 50
76 5
80 1
73 32
62 28
72 8
98 12
59 65
21 24
24 25
86 67
66 24
11 43
32 76
84 16
40 46
31 97
7 43
13 72
25 41
36 12
73 95
5 11
95 73
14 96
86 91
1 36
57 76
41 47
4 11
48 24
46 25
46 36
33 6
9 45
71 34
30 40
70 91
19 8
31 45
49 49
14 22
98 30
61 85
64 52
11 35
94 29
3 75
62 89
21 69
53 41
27 46
20 59
69 34
7 42
87 18
23 11
80 43
49 1
50 79
81 54
34 66
61 34
53 38
71 86
78 70
54 12
20 80
66 52
39 27
97 14
58 96
14 15
54 53
91 33
5 83
95 20
76 58
10 4
67 33
31 19
62 85
100 35
34 7
75 39
69 36
32 47
30 39
55 22
85 16
58 61
2 85
16 93
58 98
98 20
71 31
73 74
67 89
42 47
22 73
29 86
61 54
87 14
57 84
33 55
64 57
26 20
69 6
99 4
9 55
55 87
78 53
52 47
90 40
59 56
21 100
22 21
76 15
61 32
29 87
1 78
32 29
52 83
60 14
28 40
52 27
74 7
64 60
65 49
42 15
43 87
27 58
94 28
56 44
71 10
98 37
