602 2 0 3300
0 1
11 1
22 1
33 1
44 1
55 1
66 1
77 1
88 1
99 1
110 1
121 1
132 1
143 1
154 1
165 1
176 1
187 1
198 1
209 1
220 1
231 1
242 1
253 1
264 1
275 1
286 1
297 1
308 1
319 1
330 1
341 1
352 1
363 1
374 1
385 1
396 1
407 1
418 1
429 1
440 1
451 1
462 1
473 1
484 1
495 1
506 1
517 1
528 1
539 1
550 1
561 1
572 1
583 1
594 1
605 1
616 1
627 1
638 1
649 1
660 1
671 1
682 1
693 1
704 1
715 1
726 1
737 1
748 1
759 1
770 1
781 1
792 1
803 1
814 1
825 1
836 1
847 1
858 1
869 1
880 1
891 1
902 1
913 1
924 1
935 1
946 1
957 1
968 1
979 1
990 1
1001 1
1012 1
1023 1
1034 1
1045 1
1056 1
1067 1
1078 1
1089 1
1100 1
1111 1
1122 1
1133 1
1144 1
1155 1
1166 1
1177 1
1188 1
1199 1
1210 1
1221 1
1232 1
1243 1
1254 1
1265 1
1276 1
1287 1
1298 1
1309 1
1320 1
1331 1
1342 1
1353 1
1364 1
1375 1
1386 1
1397 1
1408 1
1419 1
1430 1
1441 1
1452 1
1463 1
1474 1
1485 1
1496 1
1507 1
1518 1
1529 1
1540 1
1551 1
1562 1
1573 1
1584 1
1595 1
1606 1
1617 1
1628 1
1639 1
1650 1
1661 1
1672 1
1683 1
1694 1
1705 1
1716 1
1727 1
1738 1
1749 1
1760 1
1771 1
1782 1
1793 1
1804 1
1815 1
1826 1
1837 1
1848 1
1859 1
1870 1
1881 1
1892 1
1903 1
1914 1
1925 1
1936 1
1947 1
1958 1
1969 1
1980 1
1991 1
2002 1
2013 1
2024 1
2035 1
2046 1
2057 1
2068 1
2079 1
2090 1
2101 1
2112 1
2123 1
2134 1
2145 1
2156 1
2167 1
2178 1
2189 1
2200 1
2211 1
2222 1
2233 1
2244 1
2255 1
2266 1
2277 1
2288 1
2299 1
2310 1
2321 1
2332 1
2343 1
2354 1
2365 1
2376 1
2387 1
2398 1
2409 1
2420 1
2431 1
2442 1
2453 1
2464 1
2475 1
2486 1
2497 1
2508 1
2519 1
2530 1
2541 1
2552 1
2563 1
2574 1
2585 1
2596 1
2607 1
2618 1
2629 1
2640 1
2651 1
2662 1
2673 1
2684 1
2695 1
2706 1
2717 1
2728 1
2739 1
2750 1
2761 1
2772 1
2783 1
2794 1
2805 1
2816 1
2827 1
2838 1
2849 1
2860 1
2871 1
2882 1
2893 1
2904 1
2915 1
2926 1
2937 1
2948 1
2959 1
2970 1
2981 1
2992 1
3003 1
3014 1
3025 1
3036 1
3047 1
3058 1
3069 1
3080 1
3091 1
3102 1
3113 1
3124 1
3135 1
3146 1
3157 1
3168 1
3179 1
3190 1
3201 1
3212 1
3223 1
3234 1
3245 1
3256 1
3267 1
3278 1
3289 1
3300 1
5 1
16 1
27 1
38 1
49 1
60 1
71 1
82 1
93 1
104 1
115 1
126 1
137 1
148 1
159 1
170 1
181 1
192 1
203 1
214 1
225 1
236 1
247 1
258 1
269 1
280 1
291 1
302 1
313 1
324 1
335 1
346 1
357 1
368 1
379 1
390 1
401 1
412 1
423 1
434 1
445 1
456 1
467 1
478 1
489 1
500 1
511 1
522 1
533 1
544 1
555 1
566 1
577 1
588 1
599 1
610 1
621 1
632 1
643 1
654 1
665 1
676 1
687 1
698 1
709 1
720 1
731 1
742 1
753 1
764 1
775 1
786 1
797 1
808 1
819 1
830 1
841 1
852 1
863 1
874 1
885 1
896 1
907 1
918 1
929 1
940 1
951 1
962 1
973 1
984 1
995 1
1006 1
1017 1
1028 1
1039 1
1050 1
1061 1
1072 1
1083 1
1094 1
1105 1
1116 1
1127 1
1138 1
1149 1
1160 1
1171 1
1182 1
1193 1
1204 1
1215 1
1226 1
1237 1
1248 1
1259 1
1270 1
1281 1
1292 1
1303 1
1314 1
1325 1
1336 1
1347 1
1358 1
1369 1
1380 1
1391 1
1402 1
1413 1
1424 1
1435 1
1446 1
1457 1
1468 1
1479 1
1490 1
1501 1
1512 1
1523 1
1534 1
1545 1
1556 1
1567 1
1578 1
1589 1
1600 1
1611 1
1622 1
1633 1
1644 1
1655 1
1666 1
1677 1
1688 1
1699 1
1710 1
1721 1
1732 1
1743 1
1754 1
1765 1
1776 1
1787 1
1798 1
1809 1
1820 1
1831 1
1842 1
1853 1
1864 1
1875 1
1886 1
1897 1
1908 1
1919 1
1930 1
1941 1
1952 1
1963 1
1974 1
1985 1
1996 1
2007 1
2018 1
2029 1
2040 1
2051 1
2062 1
2073 1
2084 1
2095 1
2106 1
2117 1
2128 1
2139 1
2150 1
2161 1
2172 1
2183 1
2194 1
2205 1
2216 1
2227 1
2238 1
2249 1
2260 1
2271 1
2282 1
2293 1
2304 1
2315 1
2326 1
2337 1
2348 1
2359 1
2370 1
2381 1
2392 1
2403 1
2414 1
2425 1
2436 1
2447 1
2458 1
2469 1
2480 1
2491 1
2502 1
2513 1
2524 1
2535 1
2546 1
2557 1
2568 1
2579 1
2590 1
2601 1
2612 1
2623 1
2634 1
2645 1
2656 1
2667 1
2678 1
2689 1
2700 1
2711 1
2722 1
2733 1
2744 1
2755 1
2766 1
2777 1
2788 1
2799 1
2810 1
2821 1
2832 1
2843 1
2854 1
2865 1
2876 1
2887 1
2898 1
2909 1
2920 1
2931 1
2942 1
2953 1
2964 1
2975 1
2986 1
2997 1
3008 1
3019 1
3030 1
3041 1
3052 1
3063 1
3074 1
3085 1
3096 1
3107 1
3118 1
3129 1
3140 1
3151 1
3162 1
3173 1
3184 1
3195 1
3206 1
3217 1
3228 1
3239 1
3250 1
3261 1
3272 1
3283 1
3294 1
3305 1
