3000 6000
696 239 171 695 199 263 814 809 374 617 420 405 248 357 370 113 466 323 697 855 828 556 234 530 166 18 996 196 228 758 191 995 26 310 443 78 675 35 619 142 526 591 566 625 550 616 159 42 525 337 589 1000 431 630 299 586 217 534 107 492 914 3 160 916 605 800 972 139 913 549 585 334 386 100 433 406 69 389 641 51 593 193 422 998 839 384 420 171 240 322 970 759 392 21 976 921 67 439 616 208 316 432 696 523 890 54 789 601 524 593 408 724 379 381 587 303 385 697 501 976 528 10 286 252 162 805 627 923 861 146 799 57 641 154 453 104 907 84 572 764 808 672 569 766 182 977 540 866 705 783 173 43 931 447 10 431 691 13 113 904 707 167 146 992 820 237 378 856 680 376 62 207 652 379 700 859 811 229 428 667 378 743 294 943 198 910 90 964 483 525 166 964 7 438 560 668 683 239 484 355 41 645 852 517 436 968 586 518 548 48 498 366 110 116 591 699 632 164 831 604 521 748 724 986 180 200 134 931 397 25 789 699 228 507 886 984 388 586 108 945 471 827 288 841 670 27 96 675 464 1 228 519 728 732 652 919 238 830 238 149 967 804 460 438 389 792 717 593 267 674 832 170 958 526 153 331 791 41 408 951 108 591 668 269 135 306 279 224 453 689 168 456 364 6 461 572 955 159 236 301 376 177 886 580 13 703 270 866 557 815 80 26 763 542 853 981 715 492 911 414 250 785 736 434 543 934 151 505 599 537 479 384 94 736 664 84 39 689 14 609 732 523 722 275 779 932 682 238 891 796 437 367 718 769 831 375 371 829 904 682 910 185 868 19 533 196 502 266 405 59 344 291 874 571 657 850 578 972 230 838 544 562 143 439 96 685 419 874 354 769 340 0 554 488 80 578 587 284 162 652 206 798 699 599 223 780 981 742 283 644 519 952 540 956 617 529 547 340 666 368 303 746 779 435 551 430 576 851 245 510 31 74 313 335 378 642 266 263 925 884 75 314 786 19 568 885 900 306 39 383 779 817 812 608 328 917 979 486 468 170 501 18 566 0 779 635 665 865 328 79 499 416 434 741 65 773 629 853 191 512 719 125 921 465 868 204 806 391 589 484 6 117 831 161 532 545 294 635 575 592 312 47 855 94 828 577 267 842 402 412 567 10 730 182 429 335 355 632 455 478 499 659 894 709 62 614 794 874 449 784 665 298 658 832 198 941 804 428 56 447 842 171 591 741 529 753 322 610 922 841 395 339 237 572 492 488 838 214 924 130 306 834 693 815 672 67 271 668 666 135 914 237 548 721 921 597 980 151 210 844 527 351 28 221 914 826 494 638 622 137 238 162 681 444 121 735 846 441 139 574 334 811 570 482 988 676 909 532 572 281 454 441 757 242 806 226 26 589 12 781 834 578 179 405 917 665 394 275 945 437 846 863 666 155 864 714 74 648 349 12 437 281 349 285 247 873 973 239 820 108 879 964 192 36 300 874 675 128 927 499 181 69 775 517 467 568 302 548 681 910 885 408 900 958 758 983 642 693 325 792 277 97 251 514 549 722 380 23 88 263 680 270 562 475 634 727 559 581 339 9 310 454 469 373 753 160 887 561 383 993 873 427 175 224 852 370 639 219 810 110 846 685 90 947 317 454 819 304 740 927 209 853 772 164 79 230 388 781 212 2 853 564 503 128 895 456 757 154 17 300 154 590 255 936 700 690 236 561 487 850 449 99 932 934 377 905 145 226 714 644 516 71 558 31 522 676 942 647 508 945 828 239 812 684 511 905 989 137 311 591 442 697 566 396 730 522 617 636 768 84 208 421 650 528 982 655 269 406 932 515 931 257 617 395 2 151 166 231 385 545 348 689 956 372 933 915 998 108 904 716 557 905 645 495 382 344 407 888 67 733 619 144 794 477 709 411 54 634 809 358 973 7 557 420 76 25 962 108 975 26 107 472 347 308 274 542 595 339 548 107 653 682 718 206 377 114 499 141 91 899 382 523 594 949 582 699 84 197 234 626 854 165 335 268 436 701 975 462 400 552 519 272 704 817 667 243 397 316 809 846 52 961 335 614 153 356 660 848 384 482 56 529 404 392 21 687 790 723 43 356 979 119 833 39 877 151 283 82 512 495 417 407 549 521 623 22 819 363 928 927 150 524 700 774 265 283 56 366 847 758 386 817 617 783 324 595 997 406 213 534 33 514 52 146 838 675 906 282 533 295 70 83 430 359 202 995 775 209 965 239 280 587 807 178 46 895 414 49 233 361 578 316 350 694 739 192 48 404 997 586 16 741 21 373 446 302 393 250 71 1 940 651 128 121 286 318 309 331 781 330 191 838 167 540 970 694 167 340 581 615 271 474 696 763 43 238 832 978 967 828 340 949 153 410 839 237 357 508 36 302 143 412 698 930 650 13 417 515 729 303 911 364 50 581 857 398 207 94 405 413 408 261 446 112 92 832 515 854 762 902 396 967 670 584 862 710 395 490 314 116 961 122 384 312 363 363 937 280 455 320 934 855 893 645 644 630 254 238 842 740 858 31 345 667 880 41 99 356 213 834 339 2 845 457 91 708 131 542 591 585 573 736 840 510 766 834 30 964 255 584 874 341 693 336 63 736 319 950 817 251 12 854 359 746 497 268 711 731 518 32 359 654 977 449 398 80 464 162 705 691 17 93 23 216 725 151 481 442 269 5 673 835 364 149 843 64 974 477 193 763 344 120 646 967 562 965 212 224 412 268 131 120 105 975 773 108 886 354 943 523 141 549 732 647 936 888 845 158 404 181 835 154 760 733 273 736 586 239 706 506 594 624 895 306 133 659 648 880 110 914 144 275 186 483 695 359 998 690 731 492 272 30 428 355 492 475 331 757 781 430 14 830 814 509 738 928 633 213 651 940 701 901 271 483 720 496 428 587 280 426 260 501 996 35 259 406 394 183 584 713 255 550 418 533 35 442 264 404 100 340 959 460 560 516 138 186 201 849 950 835 33 708 120 848 263 329 209 133 487 611 728 574 555 634 520 343 430 279 489 113 767 809 512 291 264 937 710 641 750 622 971 140 764 200 975 400 828 683 700 626 869 279 364 461 264 882 345 900 781 208 653 661 442 290 621 455 276 163 347 857 711 999 252 233 968 270 677 773 199 508 144 962 976 628 982 216 471 491 511 838 777 711 768 979 501 440 519 740 504 317 639 422 498 437 945 717 452 807 456 141 981 557 6 426 598 833 159 990 82 868 177 739 263 40 254 821 380 187 351 496 648 779 469 377 796 561 825 712 503 276 122 387 801 70 623 803 488 612 324 781 55 88 785 459 557 412 214 432 588 146 363 961 952 256 272 491 582 508 95 53 630 904 987 28 882 462 587 968 819 949 756 271 779 271 496 99 18 669 498 942 488 497 280 676 369 629 971 644 970 502 323 673 253 757 95 829 13 509 725 651 559 342 229 4 736 724 387 299 105 882 52 935 931 670 802 1 122 237 971 315 138 85 477 183 460 21 68 788 321 990 622 264 572 151 106 945 49 270 690 183 416 134 819 958 226 33 28 770 800 499 377 384 874 674 622 710 314 270 299 212 623 614 303 245 372 358 395 414 786 942 611 46 197 988 256 931 483 906 356 131 504 293 55 393 200 366 844 464 361 207 797 587 253 682 15 319 917 568 730 255 393 265 431 316 177 874 297 782 838 655 817 512 256 641 995 378 494 128 842 829 564 427 175 195 477 831 685 19 497 956 641 153 475 604 380 160 859 860 791 366 596 918 731 811 539 661 557 873 494 988 868 870 464 76 213 288 880 682 333 659 478 801 821 40 354 732 443 309 351 153 358 293 581 480 201 927 542 895 466 762 107 276 126 639 885 567 624 120 886 194 762 460 153 318 444 418 448 302 250 929 139 55 587 552 182 881 519 251 145 240 162 940 601 102 521 998 525 807 571 740 448 170 820 96 978 262 446 974 594 574 935 59 904 151 119 340 800 770 181 343 499 246 171 289 10 922 329 817 437 1000 550 469 307 295 99 554 8 325 340 336 441 699 809 15 922 28 420 345 518 795 597 564 311 713 193 868 882 369 276 928 125 36 414 867 504 712 712 379 756 177 559 806 843 753 511 580 328 620 861 851 78 590 486 645 759 563 498 30 488 331 87 898 298 808 75 716 934 308 264 889 363 293 252 288 333 765 842 526 474 973 483 107 591 407 476 528 296 225 971 71 909 1000 738 969 640 516 217 255 153 644 964 113 461 556 714 453 484 244 222 415 22 49 927 408 73 461 828 190 988 572 507 271 876 305 654 995 727 367 928 304 262 792 518 49 672 779 482 540 136 341 340 605 288 5 311 715 921 196 352 227 310 523 611 586 425 180 428 462 450 629 651 777 230 25 265 529 215 918 41 63 835 458 773 508 191 861 528 825 577 157 418 0 968 607 411 580 575 421 136 574 26 588 903 659 379 845 558 856 146 128 176 884 151 582 511 263 303 567 688 241 617 92 37 859 120 674 760 287 321 265 687 622 542 962 73 733 160 943 1000 391 651 221 968 11 884 388 587 687 695 821 937 853 43 487 39 520 542 146 65 285 593 681 899 819 421 329 484 543 926 882 499 454 580 103 992 602 900 871 136 603 918 602 718 669 365 344 839 536 597 828 363 929 838 77 447 15 38 164 589 80 617 629 791 756 69 424 438 613 635 86 825 621 770 419 514 885 76 595 329 933 689 274 709 370 985 137 922 208 130 783 987 173 126 212 935 397 661 165 194 491 762 56 380 361 380 174 394 709 473 471 1000 755 297 188 998 184 498 789 546 929 352 60 338 937 609 169 76 252 797 846 516 506 496 366 990 690 657 740 156 182 574 819 948 555 551 337 655 389 273 345 944 583 788 222 4 791 282 968 727 43 864 787 112 996 320 872 795 56 521 158 400 821 339 691 599 319 121 713 350 358 928 71 553 720 285 617 126 219 639 467 132 787 588 198 85 416 335 163 862 769 105 645 959 174 58 446 798 826 844 457 742 493 162 236 651 238 850 263 659 272 200 592 243 28 219 562 447 601 79 932 347 243 1 813 456 534 914 120 157 847 879 282 286 382 23 909 85 995 637 105 915 382 185 847 835 34 485 882 60 197 803 840 782 448 48 493 197 366 441 45 843 118 522 226 71 379 425 809 563 334 789 486 990 526 373 378 167 340 580 723 972 336 137 636 697 753 406 565 213 18 140 125 384 487 439 569 378 125 265 278 774 69 342 498 772 833 477 35 714 931 771 2 104 765 246 362 697 777 221 473 202 524 864 800 794 805 242 348 364 632 930 341 864 208 982 182 93 82 628 882 836 506 599 707 536 347 983 593 189 295 144 420 87 993 715 414 152 536 470 743 499 237 14 40 978 352 467 704 205 875 235 352 177 425 6 654 515 979 111 467 809 768 279 600 255 351 424 182 276 62 979 637 988 490 398 304 577 166 319 370 82 960 677 784 644 393 682 152 406 316 870 725 965 540 832 79 697 118 384 120 516 701 105 197 489 358 373 35 11 682 759 830 314 110 153 542 911 735 435 423 526 488 453 669 421 290 99 942 111 472 190 530 748 2 869 371 934 618 7 821 320 599 157 486 914 689 123 638 98 708 661 956 773 518 25 266 747 146 940 767 467 502 562 942 279 777 301 630 159 714 535 310 922 580 930 31 205 625 956 734 30 831 882 893 979 163 869 303 806 645 956 809 317 125 696 811 235 938 628 22 340 985 366 103 159 428 227 167 498 950 594 607 923 399 357 502 15 453 544 176 216 727 905 382 34 799 237 507 234 223 675 628 13 591 827 630 81 853 878 260 715 135 340 73 888 377 117 382 245 91 247 541 597 827 375 750 697 793 269 372 455 652 383 738 3 592 348 197 537 2 9 414 834 890 895 895 220 511 673 842 14 611 946 461 238 957 775 991 403 473 794 350 402 413 626 461 797 273 162 932 821 329 746 528 797 630 8 965 391 633 935 354 650 639 329 898 589 381 632 765 596 488 737 968 930 298 604 404 5 220 423 893 491 788 306 92 997 758 328 621 896 431 690 119 524 675 988 712 62 317 970 543 173 11 532 897 344 51 430 457 356 880 348 671 50 739 609 90 739 301 450 46 289 29 869 60 765 815 513 259 112 872 47 781 769 354 392 774 847 998 938 308 643 818 756 785 882 866 696 259 308 215 333 631 354 685 60 706 758 769 856 10 803 418 152 15 438 856 338 266 225 491 70 394 147 603 353 757 698 972 873 548 647 605 152 525 115 793 773 3 237 166 405 567 63 196 851 165 741 464 648 530 126 712 301 828 300 924 821 647 3 879 539 100 638 753 45 661 754 522 979 278 728 340 848 125 567 335 790 296 77 652 791 572 715 650 860 986 187 64 133 314 286 263 62 242 840 29 766 582 996 219 429 542 623 905 770 77 961 982 309 122 572 455 445 476 614 213 447 85 994 857 694 350 969 853 590 66 187 630 228 267 182 661 872 79 59 174 699 168 826 830 309 690 149 364 717 724 419 909 70 536 348 180 731 759 334 739 969 599 192 585 761 921 808 585 161 261 647 437 19 436 716 779 331 886 361 715 471 961 986 559 325 900 359 616 743 590 855 150 143 671 485 880 273 521 569 279 623 107 672 964 836 367 30 643 1 529 294 953 601 193 200 816 829 473 346 353 75 541 800 776 440 948 633 755 891 675 748 682 726 17 1000 377 326 974 777 850 880 533 946 113 107 336 329 754 557 610 24 852 428 335 338 215 706 62 432 321 189 155 741 385 362 234 188 977 774 365 658 853
1921 1478
2462 756
1089 2677
681 732
191 773
2386 1506
2954 1154
112 2025
2334 2710
2305 16
2570 1255
1822 1129
1395 505
761 2336
2163 1287
538 1908
1911 2707
578 2424
5 1375
1922 347
2269 29
1351 561
649 1934
396 2221
1017 1698
2737 2160
1023 2823
1509 2747
126 1087
2981 2298
1782 1993
1703 953
899 2134
2672 1924
2219 443
2161 92
633 1693
310 1910
2470 1570
1377 1522
2654 2676
2401 2184
1483 2346
2130 1047
209 214
1139 965
1753 628
641 1370
548 1782
778 1329
1928 1849
1957 2382
2075 892
454 2096
802 154
1626 327
1249 220
417 2569
2859 1698
271 1252
981 407
337 1357
1387 2094
2693 1909
872 165
745 2961
938 2443
2538 44
62 39
2199 2624
992 1854
395 2268
1340 2856
871 2710
1447 640
2847 2378
2299 1427
372 2993
238 450
1508 536
1629 1429
1844 2433
2824 2463
374 1991
1264 2647
1495 1436
801 723
1575 889
2086 785
1512 1534
805 133
1612 2179
2234 2892
2653 2755
567 2604
663 2290
2249 479
2059 2809
164 2707
462 2348
1664 2578
1511 1322
2025 361
1008 573
467 1433
782 2693
182 2121
555 1317
2903 2232
295 2037
2495 66
2421 1129
2136 2869
2962 638
2853 361
912 2295
445 2514
1259 2048
2748 379
101 2497
1168 2446
2348 2795
437 2900
787 2756
2027 943
1980 479
408 1172
2628 1995
1378 1872
2481 2423
2077 1829
2517 189
686 2313
71 925
1741 236
1801 1589
1200 2388
2228 2393
2264 1190
316 1419
828 550
2071 219
1156 1258
344 2497
856 1847
1494 1895
170 2175
2672 1437
1735 1997
954 2588
1203 1644
749 603
2337 75
767 2281
1585 2562
2747 382
2286 1678
1373 1862
1365 1010
1390 287
62 2013
1836 2665
56 615
1125 1013
867 1093
994 1210
708 1857
542 507
763 238
875 2652
1566 2908
520 116
1242 593
799 1241
245 1920
885 2811
1196 1000
2829 705
2312 332
2041 14
2677 2732
2015 2999
1193 1172
743 1201
2268 2044
701 917
1327 1661
620 2484
331 2010
1688 2645
176 859
2172 994
1548 265
1853 1800
1886 2505
1126 1550
1993 1219
1905 115
2640 329
2061 1062
1222 383
1551 1260
1317 1780
2140 704
2664 2808
1624 1959
680 2337
355 164
2949 985
1256 2003
1554 1985
88 2939
2776 1352
1444 425
2244 2847
2729 2308
97 629
2981 876
1149 414
2751 1615
2948 1100
1109 1160
1852 2208
597 1893
2078 1665
1384 1005
2277 121
1868 1855
506 299
739 2409
871 2591
1609 143
2366 782
167 2327
652 1650
439 1535
2102 1166
643 111
255 1356
274 573
964 364
2574 2349
3 2141
2139 688
764 1035
846 1841
657 2551
1831 1450
1849 1139
1489 1819
2134 2913
2924 2800
1465 2197
1690 1738
2844 1405
2757 2403
1977 1197
663 1595
1558 655
2285 1904
920 907
2134 2936
1711 1825
1164 2471
1548 2008
1503 668
877 2304
984 2442
50 1788
1397 1687
116 647
2472 2944
2329 484
1367 1016
1922 987
2811 1410
2992 2947
2621 2325
1215 324
427 2470
2081 22
349 2431
431 2843
345 1110
619 1944
2427 1422
1833 582
1453 1559
709 800
2617 1063
1872 2466
1153 2683
1918 408
2071 172
1968 1223
830 2408
1108 557
2327 1925
1734 621
950 309
2499 1566
1936 1951
892 193
134 975
1232 588
104 2620
2393 1095
2996 556
2047 210
2847 861
933 846
2409 2678
2672 1672
2506 2124
1465 1789
1395 329
820 1950
183 2523
718 2455
516 638
2628 2948
2709 1743
2380 1894
1224 799
1479 1268
2159 427
2124 2192
125 58
2004 875
429 341
1937 547
117 1817
1830 1442
871 2479
2594 896
1237 1069
2584 142
2303 1890
518 1136
2612 962
2594 2039
2442 2069
1089 881
280 1477
1283 404
716 2728
551 620
2384 762
2043 2626
1574 1439
86 526
1691 1180
830 2108
2475 1741
2046 2918
2016 1110
1419 149
2906 2293
1268 2794
2019 5
579 2951
1536 748
151 1008
2898 811
2770 523
2654 1133
1856 2111
1600 1167
2207 1801
1724 1913
1362 2478
998 2624
1719 1325
232 1098
2727 2642
926 114
2839 667
1021 1910
754 220
634 1645
2000 482
421 1374
2025 2026
2315 2627
2166 2456
1458 1748
885 2815
2138 2030
2593 885
520 754
370 1647
1701 2874
1000 960
2012 2805
1330 511
2942 1708
1673 584
1441 289
2729 2840
841 1732
2244 122
1767 446
500 911
2618 2120
1051 966
519 1195
206 1565
2526 979
1237 1355
1819 2085
1238 1954
2284 72
2856 193
333 2362
1708 2938
1916 1514
381 1405
1013 976
1894 976
2709 1578
2707 1864
830 1352
1375 917
2883 160
2860 51
395 641
2116 2308
2563 1666
1590 2944
2265 1522
716 1042
2735 1759
1319 320
2218 2368
1854 627
515 1436
1563 1930
2189 1647
2426 1901
823 554
1868 2984
1922 525
586 1175
394 2935
2805 721
1409 1532
870 2607
1554 1598
2020 533
2451 199
1298 148
1425 2794
1846 2564
2495 1708
237 1009
2703 2147
2222 1470
1010 186
2544 1319
2057 733
2295 2224
2612 2373
1909 2692
2027 1211
1026 1345
738 160
1030 108
2910 1650
2811 2410
2862 1411
2864 285
2446 507
884 2153
611 973
2143 892
1947 2721
275 1845
317 1313
2712 604
122 1210
2492 63
1960 765
2328 876
1060 3
2061 1930
2031 2666
2680 2411
809 933
2747 1633
626 384
1684 132
895 233
2233 979
2991 1464
888 2295
1541 922
2531 2200
1909 2637
2703 2450
1230 2300
2425 2951
2343 716
770 1952
21 41
363 780
981 276
1345 2502
315 2691
540 2313
2050 2208
2840 1295
1979 2468
831 282
1110 1586
2166 1398
2803 196
1531 104
91 1773
754 2934
73 1465
127 217
246 1103
1530 2476
2293 1561
1802 2613
210 42
749 900
276 707
1019 312
334 264
766 2997
244 278
1891 2177
886 2143
2785 1593
374 2745
878 921
37 2198
1508 2302
521 156
829 762
2792 449
1962 2724
264 270
2720 1542
1005 202
2097 2120
2969 2119
617 2397
850 1915
252 2113
1746 2239
643 486
1395 1490
1408 550
35 1933
1951 953
2687 1296
2486 2612
1939 753
557 1024
2446 1000
2174 992
2833 1517
355 508
459 1578
103 2493
1780 1430
435 409
2624 510
1021 1015
2199 385
1341 1985
182 1566
440 2610
2553 790
234 402
147 2168
614 94
2833 566
888 1483
404 1034
1888 2812
2698 2013
194 997
2807 412
2242 2585
1107 1667
1807 1627
1096 906
1696 1173
156 74
1320 2383
298 945
476 1721
1521 1892
2451 1387
442 2849
2953 2081
31 2018
414 1222
878 2829
1081 1721
1538 954
490 2622
1320 2348
1220 789
72 2792
549 2901
1900 192
2203 1251
2887 1081
2171 2091
1157 1575
1948 1939
126 2855
2544 2471
1282 2345
2249 788
2098 1582
1212 2840
2330 694
2848 2450
2599 456
953 2915
350 1895
2180 1875
2522 2215
2683 2325
1989 2755
2525 1539
927 2412
1598 2765
1454 1481
1082 925
1488 1306
1813 1341
1640 226
2491 701
1714 1403
2145 2537
335 952
1445 1847
2924 1133
2980 1348
2824 991
2299 224
934 1868
1531 854
241 501
44 1034
261 1141
2053 2242
249 1605
573 1044
1038 561
221 2567
2608 1274
9 243
2441 1513
2449 628
697 2801
2940 845
330 2355
2588 1126
1935 2229
153 135
142 1563
1382 531
2634 1849
1454 1506
2839 400
21 2365
2359 1193
1907 2694
251 370
1120 2916
102 1866
2627 1120
2607 1357
1034 1012
1082 49
2870 361
323 2472
891 2000
784 2572
776 1362
613 2222
367 2528
563 2554
653 549
597 526
1866 1884
1429 186
2868 97
484 1439
2901 2458
1995 2446
428 45
1853 2740
1116 2234
2112 987
74 1209
1735 568
2451 1895
1642 2701
1742 2867
2350 936
2322 2905
577 2672
2487 2550
15 213
174 1191
1606 469
1504 184
334 1713
1310 1750
2557 815
2965 2227
2297 2628
1603 5
1920 2781
1864 446
1163 1796
1969 2954
231 1245
2882 1577
1624 2371
1896 1675
1449 81
1031 702
500 809
1955 196
2237 1459
2972 27
658 1617
62 2372
627 944
1266 1177
2415 1744
937 2787
341 876
617 2481
2837 2893
2878 999
1194 1730
1280 1383
1747 1164
2735 1724
1494 1366
1256 1346
2958 1366
648 2070
2397 683
1347 2115
2424 1658
113 2888
1381 510
2947 1358
1724 924
721 614
2677 2671
1689 2482
614 176
1576 1196
2554 583
1564 1341
967 961
841 1704
2590 1228
457 1510
2565 1598
2554 2718
2779 921
2857 1147
607 2393
2230 1889
260 85
1765 1922
1614 2242
190 281
2156 2121
300 15
1629 1353
2470 274
2541 859
848 4
2680 2860
276 2816
1728 237
2482 225
680 271
449 1811
1136 1594
2110 1708
2668 381
1479 636
837 711
2474 2198
2064 1419
1698 299
1384 792
120 1722
359 1972
1502 474
2396 1402
882 2314
2942 792
1602 1160
1119 2960
2938 1105
1357 2516
2241 1755
195 1917
2048 1973
1104 709
324 671
2245 1876
2884 218
1519 2831
2343 1659
2034 72
2224 1551
455 1390
355 1994
2304 512
522 2652
1002 2667
109 482
2675 1930
2504 425
1470 2259
1916 1923
1826 1472
647 2661
2791 1730
2354 2709
2297 2015
457 605
1697 677
2227 1526
1821 1009
1696 251
1199 1210
922 1793
1553 25
1744 2691
1161 1338
1610 1737
778 1867
1708 8
2086 2174
1418 306
2946 872
2538 1730
990 1049
2495 749
855 1691
644 259
1779 1703
181 1080
363 1885
830 1725
2230 376
2445 117
1492 434
2651 899
122 2863
398 1876
2174 2399
1180 1266
1499 966
451 124
2365 791
1214 2118
1202 611
2915 1480
799 962
948 1202
2807 2881
2623 1134
88 1700
2257 1922
146 2401
2434 1043
2075 2083
2431 906
1413 629
1157 1559
2545 1708
1939 2766
2397 1528
2559 127
1125 1952
1367 1256
805 2566
2043 2555
542 2730
1261 2198
373 382
522 2366
1539 2146
1920 1926
2083 2110
1556 608
603 2610
1907 2802
2206 2519
2651 1054
433 726
1526 551
1396 1805
2509 1208
744 786
2509 1081
23 417
1445 2740
1006 2161
2205 1124
1606 536
2474 383
2234 1386
1008 1297
1617 1936
173 1703
323 1224
1855 2523
1640 570
2734 1240
778 834
2124 1280
107 1467
606 2750
1350 2977
707 952
1471 1767
1858 1352
2057 617
1000 2145
2349 1247
1277 1218
108 1410
1901 2807
270 914
1565 654
2767 926
1260 2710
2240 2592
678 982
1536 443
2855 2182
2668 2611
2288 930
2931 877
855 792
1078 679
1105 986
664 1689
2713 2898
1364 1585
1252 692
2951 2048
981 2284
297 2951
2258 2230
1684 873
437 1976
2102 1248
363 666
719 433
2789 226
129 1874
1418 2535
2301 647
2995 76
2405 423
2311 679
1691 910
2556 673
1066 2458
2806 2874
300 2429
1205 2831
606 586
353 1591
295 1550
52 2713
760 1882
1161 633
2022 874
634 280
1154 1861
1690 1986
2505 1531
1771 138
630 1808
2816 985
634 1440
369 1566
899 422
2988 222
2426 550
335 420
617 2975
2025 436
2756 365
770 2044
55 1622
1109 1647
858 1163
2378 382
1773 1136
1094 2564
919 2327
1873 1656
2259 1590
523 734
1418 474
2269 2997
545 1633
1099 259
2614 1934
676 952
1754 2741
1321 2512
977 2957
747 830
41 2635
1552 2451
137 2573
521 2463
1670 623
2728 426
403 2076
1481 1902
902 1469
157 348
2435 866
414 1375
2619 1830
2071 1451
2017 1148
1957 1884
1025 839
138 2938
1002 629
2014 645
2210 1793
2966 34
1092 2704
293 1892
1977 1947
1489 2647
126 1960
2716 1768
1118 120
2173 692
1607 1427
1991 2458
2126 2238
592 896
1659 1370
72 2749
578 821
1176 2344
771 1
2184 655
895 1526
385 1897
1629 676
1590 2401
1766 1952
325 270
2454 1161
1559 2983
981 942
207 2500
2410 263
622 2490
919 2897
1957 1137
1991 1385
888 1594
2157 1069
367 1020
408 837
1997 2279
491 1759
673 175
1615 145
1909 1057
1736 1427
225 1973
2067 841
1261 550
1258 2165
1873 1790
945 1793
1078 557
1065 254
799 1338
2085 2103
2675 2941
559 2156
2527 2692
812 1684
876 195
1868 1192
701 1249
1080 832
2689 2915
1139 401
2713 2524
864 12
2204 2922
675 558
914 2187
244 2621
1493 340
1024 2813
2236 205
527 1257
95 2699
224 2171
2634 1969
206 1458
1522 608
1526 2555
817 608
2248 1526
1426 2804
2829 575
2489 1098
2023 1957
387 2881
2391 1126
1434 1006
695 2905
2194 565
892 2078
2928 337
1662 903
1965 1621
2664 1069
2428 1973
25 2412
2069 2008
1833 1804
1678 904
2382 1779
903 2835
1734 2
1546 2285
310 2296
611 461
657 444
2201 370
763 1425
2561 1231
2058 1761
995 624
1844 2520
2821 1519
1102 1679
1607 2014
2852 2439
630 312
1030 1928
1743 297
1198 1501
711 2420
2317 639
2977 764
2555 1251
2755 1992
132 2347
914 1073
2265 2043
211 1764
391 49
366 1906
1960 233
234 1233
1536 1133
840 319
493 1787
1144 1371
468 2115
639 1845
2632 1573
1083 2591
1026 565
2720 1311
754 2135
822 597
2452 369
2499 2122
2592 2404
939 2573
1595 296
159 2480
889 545
2927 1619
128 1934
782 1463
2287 283
2238 421
735 204
2919 2889
2679 41
204 264
1600 663
1961 1355
1965 2023
2486 1154
2616 2169
2859 1385
2474 2789
2087 812
1018 360
2765 1958
2543 2336
1457 2799
481 2996
2006 1150
1544 240
1629 2718
1122 123
1846 855
2925 1755
221 2112
108 2741
154 355
2708 1459
1733 890
2207 2395
1536 1592
2950 1170
1431 1510
1116 2768
1779 1885
2393 1476
2813 464
942 1683
218 1629
2196 2784
878 1565
810 1826
2446 688
1312 581
1442 936
2175 2520
2193 1776
2787 1101
2422 783
791 2139
1961 870
842 1369
2454 1777
158 1517
1970 1237
1749 2766
182 1774
1716 272
322 1780
2131 900
2711 37
2152 717
166 2250
2295 2636
309 1841
1018 2914
2847 248
1536 2079
1107 1301
928 1575
2354 2381
2191 2586
53 315
2365 1818
652 2023
371 1758
1256 282
2797 454
2791 1064
2522 682
2222 1123
1039 2210
834 894
396 534
598 21
1195 2457
432 2763
2329 2488
1708 2859
1344 1537
267 1168
134 1731
2879 299
599 1578
84 2415
2601 2880
435 2577
2449 1013
123 1434
2575 911
2165 856
1087 744
75 217
658 1207
1823 1194
2942 1903
2924 2239
2769 11
1602 2039
1715 1109
2822 1873
1802 886
1519 1548
803 163
2610 1992
972 430
30 2335
1834 2048
16 2647
2953 2440
7 775
540 634
811 678
1666 2852
448 1534
1021 2838
426 2423
2808 1979
2409 2033
2350 1058
1377 1082
1544 707
2992 1277
26 2628
1028 2543
1986 137
1586 2355
1777 1361
2244 502
2031 278
1455 1358
410 2270
953 3
2421 403
1753 497
411 1162
1251 1764
2033 554
1496 330
2329 1449
337 2226
1439 627
2464 848
1775 2715
653 1981
1744 2038
1908 1387
1726 1808
2443 543
1086 2850
2346 74
1771 466
2511 973
283 211
2911 1655
1270 398
351 1862
513 1542
376 2841
1126 675
2253 2610
1183 2852
1795 994
2977 567
2580 1191
173 364
2891 856
1962 1691
982 1490
1542 2974
1954 113
2730 1224
2636 271
1593 952
1254 2582
1980 236
1365 304
2842 1630
2538 2844
2799 1579
2156 2745
755 1288
816 1900
268 899
2612 2755
610 2490
1630 64
2326 2368
2880 2428
1063 1607
2598 1908
11 1243
2247 2453
1818 2848
910 704
216 1932
2019 782
2839 2825
2400 1202
873 732
62 1410
1961 2453
2692 1654
117 616
2894 1771
2002 1622
458 2111
2046 2501
1108 2564
1439 2897
2311 176
2946 1191
909 2390
2322 151
1993 1200
1049 2372
962 2620
1583 481
753 1142
896 12
1756 248
1332 2615
2146 1513
2205 1369
428 1514
225 1113
2979 2679
534 738
404 818
2129 2730
1272 1073
2175 1116
1558 745
1771 1533
2394 2131
247 2173
2462 1549
1172 2559
1691 1783
2432 1475
2169 35
313 1583
827 2427
895 446
253 1648
486 2628
428 1760
2032 2000
1915 1751
1910 941
462 1081
732 1472
2554 2436
2810 1508
876 857
186 2517
1235 320
148 1221
1906 743
2121 2494
616 1012
132 1822
2741 1211
2117 2108
2378 2543
362 276
872 2280
1469 2845
2881 2226
1811 2772
1873 425
2076 1478
1339 78
976 1583
563 2530
1166 2772
1368 1559
141 2261
703 1980
1484 220
403 2215
328 957
758 1184
2099 780
1796 1855
2823 1486
2060 2058
1194 421
2512 2188
2000 1329
1879 1741
19 493
2210 2008
2397 2591
763 785
630 187
469 2713
2830 557
940 831
819 213
916 1073
2615 1913
331 1992
422 2467
1286 1457
2105 328
1524 1266
2865 2250
1669 1162
2558 2124
1829 1085
1981 625
1132 778
336 2033
2527 143
1678 1253
2137 2404
1389 2496
2090 2216
2862 793
1764 541
423 766
1172 33
243 306
2863 782
1781 2363
1339 1251
1529 1119
2745 704
815 1963
1792 93
2310 655
1578 2617
1310 1843
1155 1814
1066 1751
2306 2330
1848 2137
2435 442
732 863
1346 2767
1111 1713
2481 386
2225 2379
2227 2882
2196 1124
2428 2104
2574 1556
2096 2328
125 323
558 1344
2241 2357
1113 2140
1734 1025
1031 2152
1272 2162
1023 2386
1610 575
1380 2767
2150 1313
1088 1680
2514 2015
1793 2120
2742 1086
2328 2057
2007 335
669 990
2976 710
2079 1834
1300 1202
603 1545
162 1950
863 330
1582 2119
2625 2935
1967 348
2183 2491
28 1578
1529 2438
2381 2420
1677 1102
2978 2188
461 1821
216 391
46 968
1284 1306
1432 2932
2227 1168
1359 2887
260 734
56 1268
106 2273
1690 1402
1017 1371
289 505
742 1454
2436 2456
1867 1297
1741 794
792 2430
1609 867
1122 1846
856 592
2884 2082
1340 2880
1485 167
342 1986
756 2596
2982 2041
2608 724
1343 2004
1591 2518
2142 162
2594 2705
491 2692
2096 468
1403 963
41 2661
2931 2046
392 1876
284 926
1022 2718
1190 851
629 2941
2317 155
420 2259
579 893
499 2430
2718 2229
370 45
2590 353
2199 228
1340 2287
975 652
1066 1683
2601 1093
2953 559
1693 753
1600 2759
872 825
1416 333
881 1221
1078 1938
589 1143
1481 2600
665 625
1139 1036
1338 1954
1348 2405
450 859
1675 687
1079 807
176 1346
2083 726
1706 1213
696 2671
1515 1242
757 1529
2488 315
1510 1386
1561 2091
531 2943
1053 103
45 2402
988 1136
2655 2175
627 2464
997 909
831 1403
1597 2814
187 2181
2036 711
2276 2393
787 747
1535 1468
377 2235
570 465
1474 1767
215 770
1539 2311
1262 1698
1105 1402
668 1223
1500 1474
1875 2274
998 2299
2287 2306
856 96
2652 843
1061 324
234 453
1328 2605
2541 2687
309 2411
1527 1280
1736 761
861 746
1394 2367
2731 849
1821 1065
2348 1549
499 847
2887 2360
2523 715
1267 1746
1884 106
2573 312
484 688
365 1565
2910 2928
2896 2597
1390 763
1961 1341
2651 77
71 418
1672 318
2484 289
2376 1240
386 673
2580 726
2740 2082
2077 191
2338 718
747 1542
1886 1910
2427 1007
1529 2963
746 2554
1529 1313
1733 2848
1230 1254
1734 2678
1389 1132
685 270
813 1957
2650 1096
185 1254
1044 2646
1708 322
2741 600
113 1049
1044 247
886 1949
1121 1939
280 936
448 1731
39 416
1513 1234
2581 1115
1025 820
2101 2198
858 2527
981 514
2687 1276
755 380
2682 2968
263 2916
2902 1956
1677 276
1055 1303
2391 633
405 1572
2456 775
758 1608
2978 2268
2730 2811
1716 867
2425 1656
2780 1350
653 27
485 1771
1376 2273
3000 2505
223 2810
1745 260
2777 2457
1513 1178
2024 1155
529 433
1325 2047
503 1403
383 2435
20 2980
2618 444
2908 696
2165 1523
1229 1590
236 800
2052 2739
939 955
479 2102
2048 2135
741 750
2621 692
155 2454
1487 624
1718 2439
515 2404
506 1598
2393 2520
1827 2741
1484 2394
708 1915
647 2621
1617 814
2884 1986
2345 1479
1427 797
1327 2008
595 1889
2536 2715
1759 2213
2864 1891
659 2047
73 475
2072 2805
2165 94
1641 2059
305 2763
2636 816
2514 346
811 1836
656 1086
90 2135
1233 1764
1308 2249
2359 1939
719 2200
1271 437
1471 2792
1179 1634
2642 2442
2690 1828
2805 2329
434 489
2786 2968
2775 414
809 357
2432 1631
2873 2794
693 2391
2526 1875
1394 190
2323 233
1552 2419
1854 2597
1875 721
2531 1602
191 1951
2410 197
887 1506
602 1280
2 1814
201 2989
2074 1820
1696 2767
446 2104
1429 702
2980 1599
1786 170
2426 1287
7 2449
2847 1208
1102 2586
2414 541
1349 990
1831 1751
2654 587
784 199
784 677
2274 713
531 74
2155 2253
2670 1757
2918 1818
779 34
913 2111
1794 2190
1316 2615
89 351
1560 809
551 2609
859 2082
1994 790
1534 2427
1461 880
82 2490
2402 630
1145 2330
2078 215
2808 964
624 2330
1146 317
342 701
733 588
945 1441
1584 1517
2993 2480
701 1886
2613 2110
1918 1417
116 2307
2751 49
204 2214
2791 1598
2133 720
2641 2103
1867 1724
1300 1146
1295 1174
2088 285
2927 2375
345 2407
898 728
1224 2646
1475 1176
2285 1886
2628 2389
1349 341
249 2353
2499 2972
2808 2453
525 1232
1183 520
2988 2116
1714 137
327 2566
2402 1027
2789 1007
522 1596
587 2879
1811 429
2641 1676
1671 2252
2648 185
841 2830
1519 2514
2313 30
1691 601
196 938
1465 2185
54 252
1131 2607
1142 2215
207 422
695 2322
2023 1167
962 676
2246 478
2262 129
1827 520
2484 1875
2951 2882
158 814
2569 1357
2199 2551
2649 1987
65 2568
2948 487
223 2687
1504 1447
1549 2520
1291 797
2571 1161
1431 109
172 813
2302 2129
482 1952
1248 472
1850 1103
2927 1462
76 1282
1867 714
2265 331
336 1919
2506 1849
2350 870
1325 2289
1127 838
2248 386
1306 154
933 1214
1318 783
1742 2868
2426 697
2192 1969
2481 2939
1434 96
727 1445
1607 2155
1180 1537
2562 172
1976 2640
551 2376
183 1968
2574 2462
2121 2979
1805 1378
282 892
1955 276
2373 2892
1512 1058
2877 965
784 1389
2847 851
2587 211
1544 2605
2732 1314
1585 1232
369 916
630 2566
2260 2233
998 797
936 3
1062 1711
1273 2221
2746 1236
130 1689
792 1221
833 2238
126 503
1035 2237
1710 15
387 1779
2789 2303
1319 1309
1036 442
1462 1750
745 2989
1741 314
733 547
683 2667
2169 1666
2484 532
827 1228
2809 1285
375 1282
693 1575
1498 1414
1048 1377
2250 2269
2838 911
890 1950
2492 685
1429 2120
1656 2452
725 370
2349 317
975 164
2195 771
1479 295
2773 1178
1387 1792
2218 462
1391 2317
1760 1567
1846 2099
1303 2512
373 619
1537 2645
2744 808
448 1765
1601 827
286 1459
1712 2332
654 2885
1595 6
1967 726
2749 1519
2124 1984
2406 1862
2184 2918
2406 1249
200 1352
2044 957
2168 303
2767 1701
2650 71
1229 1638
1087 1832
1775 1724
873 1904
1378 472
665 549
2743 2889
95 2925
1622 130
1593 1433
2150 291
778 1775
2730 2310
874 1769
938 903
2519 1558
22 866
1787 1326
1733 1486
2575 1982
119 2412
2208 2930
1995 1322
1198 2140
703 2509
2476 2230
1357 2803
2274 861
2366 2231
674 2304
737 1387
2628 2810
1742 2508
843 460
2614 2573
1922 1908
1643 688
935 384
2693 1818
1400 46
2737 1570
2036 2164
236 1068
2016 1232
1033 2651
1688 1199
2496 2803
1751 2687
2173 288
1940 2492
2350 1497
1475 2094
815 211
452 432
2542 479
2570 365
815 2576
553 2603
284 2542
568 1650
2041 206
1313 1878
132 2660
2221 1062
2838 340
2016 337
2014 1797
740 2161
912 2280
704 90
959 1230
693 1704
65 1330
228 360
722 2708
1079 2829
888 2209
384 1652
258 266
1986 1325
1752 1790
1301 335
1236 544
25 2588
887 2638
1809 691
1828 2753
252 663
1502 2822
76 1398
2096 231
1097 1489
2582 942
1315 412
1159 88
1114 2143
2207 747
2603 1897
1007 2910
2834 2384
2113 1167
278 2314
2575 629
1776 2563
2060 2293
385 2888
680 1536
390 2945
1505 3000
123 2117
277 1221
1732 156
551 2739
2046 702
1925 2292
2026 1187
1411 2309
30 978
2438 1699
759 323
1419 2428
2789 1167
1793 1323
151 288
2688 2080
807 1086
2928 762
471 2401
1398 1723
2818 407
1103 2038
434 1240
2531 888
524 438
1284 205
966 2349
2576 2461
1562 1196
1711 475
2355 263
16 498
1798 768
1145 1650
1888 1948
680 2540
1723 1236
2064 2366
2073 1237
1848 2428
259 1700
2995 899
101 1944
2196 832
2441 1116
627 1272
2809 267
278 2206
1875 463
1035 1763
2812 2941
2811 1884
890 73
1884 1455
2681 1603
393 2767
2787 1102
2658 2780
2637 1597
2098 1437
360 2875
423 1806
1448 164
2852 660
1598 2489
384 732
838 675
172 1849
2210 642
1527 479
1450 2843
1141 2852
1875 2149
2482 839
122 2244
1553 606
515 1472
240 2554
1938 212
268 418
2634 784
549 2254
771 48
1841 2158
2147 1757
1299 1064
106 2060
2735 618
2732 45
995 2142
2535 579
2282 943
1139 2654
103 2837
950 368
2853 672
262 557
2469 2713
2048 764
545 2240
2413 1380
1773 1055
211 1374
2211 2011
1044 1546
966 919
2968 529
2281 1877
2173 322
2417 1584
500 1883
2762 2678
1929 1163
1081 93
1334 175
1604 2803
1856 374
539 522
2369 118
200 1830
466 2803
1847 577
2833 1114
1024 1677
2224 1666
2876 1658
1378 1360
2263 1391
1283 604
2645 2677
1223 1956
2984 1547
441 2717
2458 1826
1614 1861
2292 656
2370 1616
292 1311
2022 2705
1949 2263
318 877
1107 351
1530 1307
1950 763
403 1395
1974 2588
1296 1629
1998 2381
1795 1889
2091 686
2745 36
1423 197
2239 116
1276 259
1632 2897
535 1346
1082 2970
1773 560
127 1536
535 777
1630 2238
1006 725
1851 883
2369 1424
2589 774
1948 219
2068 1453
1076 2166
238 555
2625 1530
2229 297
191 2517
2235 2349
185 1147
2148 2152
1390 1315
338 1181
2652 1619
1779 413
391 222
586 442
672 2056
276 1831
1013 437
1028 1029
2648 1053
1762 93
2058 1275
2023 984
70 649
2663 468
189 1128
1514 2591
444 258
134 2783
1865 2561
1875 2826
1611 1404
1951 644
520 1669
1898 1042
2956 997
2692 2020
366 475
987 2671
96 821
2538 220
550 38
2329 2098
418 92
1627 2964
445 1094
2903 1970
2332 1618
1521 2391
700 789
908 1499
395 1610
560 504
52 1512
902 1812
492 897
1345 99
1750 2391
1647 687
2110 4
201 925
220 1918
462 1014
2242 1897
2432 141
585 1993
419 733
688 601
2751 1264
1472 2681
2022 605
1913 1295
2295 2007
31 991
2297 2852
2577 2277
2750 2735
2023 1363
2921 2185
547 2410
1003 1094
2449 2193
2363 2135
2525 2530
1952 1773
1925 1363
1344 2715
357 728
399 2170
2610 2699
757 1238
2136 2106
1449 1195
895 2719
904 1386
2046 1516
2467 2292
249 512
2923 2089
518 1675
1266 1927
1975 923
2133 608
2805 2592
770 671
200 102
2449 1019
382 2757
2613 593
2577 1859
1433 1213
2367 669
289 2443
1743 1087
2936 720
370 2730
2273 1548
622 170
2337 1365
1045 894
2075 1975
602 2578
895 2453
1190 1424
1061 2667
1385 170
1016 1771
2399 62
787 1388
661 1282
1175 772
1836 96
2534 1842
2392 1619
190 2300
1640 1813
944 1699
76 412
2122 114
2297 767
896 272
34 1735
526 1799
1392 1145
2816 2161
2386 2652
1225 1898
1304 1191
171 68
1645 2520
2441 1596
2245 2527
730 2570
2130 1208
1720 964
245 2236
2915 2516
1614 1562
1620 2836
2657 13
1374 2941
569 2571
1542 406
1074 698
1446 1834
756 2433
979 1574
1434 1174
2794 1658
2659 2821
607 118
1951 1140
314 36
1135 157
1303 1479
660 953
1717 187
944 2531
928 2706
1561 1567
1574 190
2202 779
1552 1954
735 21
2175 1925
1493 2014
2168 2687
1087 2155
1832 1248
2727 1840
7 1946
77 1864
676 674
1702 201
1451 212
1772 104
2593 1936
1990 2031
1025 2194
1314 820
2582 2591
323 1951
2229 1063
1030 2822
1146 1634
2053 1678
756 1700
1531 1879
2775 1917
1624 1237
514 497
1940 311
2690 1794
325 934
424 122
1959 1796
1767 582
1892 2648
663 2319
2966 568
1840 526
1870 1281
799 887
2948 2911
798 2082
2312 1255
241 2582
2994 974
432 593
796 2204
1258 2552
2529 1945
2381 1757
2079 2275
2063 1096
268 1129
1439 2186
1592 928
1565 528
351 1137
2062 2802
642 2764
2872 1318
1122 1202
91 1897
1087 1951
1653 2379
1292 1807
2338 2890
864 2430
666 375
7 1992
2544 857
2961 1715
2420 904
424 2212
1012 1837
113 2671
2520 2001
535 643
1711 1875
2600 964
2061 1477
404 2239
449 1873
1828 896
443 2656
78 1937
1992 335
2313 2076
759 902
852 2085
1265 463
2999 1947
2930 335
2102 1694
415 1180
1092 2734
1788 513
2925 1947
2782 2371
2509 2292
1342 1605
279 1120
1501 1982
2064 2531
1832 573
748 1785
2450 32
672 2584
1562 514
1404 2929
1643 958
2014 2481
1132 2895
313 1004
2487 2009
2949 1003
528 1002
1454 626
2354 365
2077 997
1001 1345
793 1685
476 754
2984 2511
2913 2636
1429 2929
850 1236
1881 1854
2883 2704
1584 2388
2916 651
811 2115
2909 2579
1405 1053
1356 2413
2784 706
2700 1865
46 1598
1201 1323
2922 433
1991 841
1663 2220
1674 2406
2628 2634
1243 2588
369 364
2086 435
1055 1171
2662 19
1137 683
633 974
1267 1603
64 1927
1420 2345
2935 1357
2742 1875
391 1816
876 2214
2970 1320
539 509
2985 2667
1279 2445
1161 1065
147 845
2374 1225
2946 1282
582 2506
354 872
2935 2963
621 103
116 2222
1361 2248
1163 2749
1755 1972
2336 2368
1699 109
1957 1154
2396 724
1905 1588
2820 2646
2342 2331
680 1613
1823 783
1654 2982
1709 27
2731 1956
228 2852
582 992
1980 778
2041 2215
2127 1023
99 2636
1239 2049
1944 861
721 2987
669 2234
761 155
2716 1238
2879 1789
2828 503
265 2998
102 1051
2326 2299
1918 687
2060 10
1119 814
2612 1100
121 1980
2374 1449
377 1196
457 1427
1815 2767
1017 1823
2695 1066
547 1018
811 1762
87 2291
2778 541
2323 298
694 1954
2869 253
2893 480
2919 2144
379 1762
957 390
417 2169
2895 1673
2555 1508
1383 265
665 2043
2717 2436
2585 2496
326 1020
665 308
1651 2178
1044 2935
41 2658
639 501
2763 1747
308 2948
2908 2376
2706 2704
74 1993
1699 307
1478 1103
775 2346
2943 2309
1227 256
930 2031
1465 886
1934 2749
2807 1705
1149 1749
2610 2556
1152 404
1344 2700
2949 883
2522 205
895 2160
1677 416
2255 2163
1536 2851
688 1555
1456 663
1665 2988
2045 2088
2788 2003
1403 1447
1646 131
2308 1756
952 840
2383 2088
645 967
2875 2890
2371 385
409 2008
1329 405
2788 588
989 1174
1310 1605
831 321
1823 1891
2687 1298
1980 2773
370 1345
2825 2465
2944 482
1004 2828
725 427
851 386
246 2241
1548 1769
1124 1391
1387 2766
2634 2260
2394 2344
2819 382
887 2981
948 2054
848 146
1953 1887
1881 1203
667 2518
291 1549
2436 2838
18 649
687 1536
2440 1223
2365 1418
749 490
1485 531
2687 1474
1053 951
222 1292
940 2678
2345 563
377 1725
635 749
1482 1410
1303 1066
1309 2504
2310 2849
2975 2333
1414 1905
354 2609
1854 900
2317 2479
1925 2347
1489 1933
860 1090
408 1012
1200 197
2813 2134
1707 2876
1450 1105
1722 2658
364 696
2640 2527
605 2303
1605 1196
605 980
2991 2206
2189 2543
753 1757
1423 2910
247 1086
2708 2508
2302 236
1903 2240
203 2625
2699 1039
834 1401
1991 1460
1632 2624
2274 2508
669 1487
66 1170
1496 1823
2958 548
369 2905
1306 948
2364 1608
2353 1671
1205 1001
1103 2735
2445 50
1021 2264
1625 2752
2294 1018
2749 2061
174 2462
809 765
2572 2872
1002 2199
1985 1048
381 8
295 2901
2018 2514
1644 2686
2045 1670
652 535
2488 2179
1370 1844
1228 208
2788 2901
2644 700
1873 2502
2829 2337
666 178
762 2732
703 2032
764 2346
2300 2375
2036 312
2843 614
2217 19
656 351
2972 953
2947 1896
1608 2338
1433 2618
225 2927
2139 2907
795 2788
2506 1213
1505 1207
219 349
2756 2626
1447 1681
978 2501
10 871
1470 2859
2003 866
494 1928
2698 2045
1991 970
475 1053
1199 223
887 1480
347 179
585 1900
2216 2747
1552 1625
991 2159
1157 2741
2139 1371
2017 448
693 268
1871 2668
490 635
2420 755
1400 1455
2009 1626
1500 2127
472 572
2024 104
151 1747
603 40
58 674
1452 522
148 1131
1935 1703
932 1708
600 184
1144 1632
709 2561
2439 2157
1620 182
1430 720
7 901
2111 1990
1328 2029
925 2434
2502 855
1546 1308
2168 34
1825 2204
1731 1648
1441 2739
1893 2571
1182 1781
2777 2228
1299 607
2106 1294
90 1399
2479 448
1062 2959
871 155
2197 2484
2518 1131
2547 65
1185 423
143 1322
2030 1871
2799 2673
2131 17
2487 2059
982 2445
2087 4
1696 1552
1948 184
2262 1653
2085 2723
2182 2854
1273 2324
2668 119
959 2827
1141 1507
2375 1534
252 1812
1427 2652
1696 803
1597 2590
2830 2817
1801 1199
2949 1375
92 721
635 266
1729 2433
1576 898
1535 1560
2570 39
2938 100
968 2669
1291 1954
188 2692
2058 2961
1137 2294
2148 2008
1493 2310
1382 16
139 166
2900 2382
92 711
2748 49
966 2457
2413 663
2690 243
2931 2037
2231 1428
2856 415
2420 1942
1257 25
1147 1677
2669 255
1162 2547
1345 85
2907 1318
2662 2811
58 1431
2309 687
621 503
2335 1877
1706 1290
1205 2924
1469 2000
599 2884
727 2311
2071 1223
2865 1209
2279 2216
1810 1886
2562 553
2000 2668
614 1350
1241 2301
2807 2209
2948 869
629 2060
826 2691
1284 1828
387 2672
902 1397
2857 2614
1544 1892
352 2289
2319 2160
174 617
1944 2575
10 548
1690 548
100 839
2822 619
1215 466
1253 1135
17 1167
199 1312
414 1647
656 2814
730 1940
819 2910
2050 1815
903 1433
255 1187
573 978
768 2093
1755 2502
1461 2139
200 676
361 637
254 745
1554 2719
2421 2224
2339 1439
424 2160
2570 880
1512 2512
247 14
1390 2032
2587 1757
1003 200
1854 1582
373 2868
23 2153
1660 699
813 1036
489 117
628 250
1801 2278
1118 2197
22 2031
14 1404
1042 2557
115 171
2094 2929
2737 317
1785 1506
246 1067
758 2768
430 1391
747 144
1941 2307
1707 1953
1477 23
1351 2536
2153 1178
1081 625
390 795
731 334
253 2463
1861 2563
1477 225
2506 298
2524 1508
2598 2375
128 2017
1219 736
2678 293
605 1704
1964 2236
2574 675
2894 945
2361 2657
601 2475
969 2618
2689 851
1799 2739
547 767
2787 2281
1485 114
649 950
301 757
1309 26
1064 1856
64 1237
93 1391
1597 2439
411 2655
2340 2111
2808 390
438 2994
2722 875
1329 2920
1509 418
2920 1393
2928 1600
2744 2121
1653 848
2482 1789
430 478
2160 1647
175 144
1261 647
2298 2189
1120 2670
80 1326
1609 2278
349 1120
1997 2127
736 2977
2340 1549
2813 1547
2821 2826
2580 2893
2599 1516
2141 1439
1337 2290
2177 240
2200 115
1915 860
2910 1468
1131 371
2601 2363
1973 705
356 2802
2266 1420
1575 1
347 1622
282 1117
2975 440
783 2919
672 361
2506 1967
2179 2467
2152 2449
227 475
2062 1711
1709 316
312 2103
976 2968
831 661
1531 1568
2526 1284
1893 1412
390 2843
867 577
1324 1189
189 1642
1425 2579
1048 2716
1018 1262
2170 286
2533 1903
2505 1827
1379 1138
1075 2066
1226 1042
2749 2430
2457 290
2758 1253
1591 421
1314 1860
1805 29
325 2676
398 1631
2930 1458
210 1960
2645 1214
1635 2044
1078 1287
1289 1013
997 422
2628 1628
2394 1856
2683 72
2593 2520
2737 1902
1827 542
519 753
484 1463
65 552
2031 2241
633 10
332 2926
1570 2614
2949 2720
226 1617
2827 2506
729 392
2635 2586
658 1110
221 1718
2276 2294
729 1369
2523 2115
822 1107
2070 720
2222 1621
454 2955
2697 1131
2916 381
2419 97
728 1720
2484 1664
2016 781
964 2099
1514 392
1525 478
1012 171
1357 2823
1078 1650
2610 1309
2181 1010
237 2313
1117 2309
1785 2095
2555 1539
1482 1227
1490 1868
1337 521
1561 2605
2169 2047
416 1721
829 418
3000 1915
629 2975
2895 731
2069 1155
468 741
1872 208
2747 316
2707 1197
1323 691
2334 419
993 853
481 2531
2865 2982
44 1875
661 2275
2831 2340
2203 2371
1733 1573
2747 2286
159 576
2673 892
2750 2729
2743 1370
2605 149
1459 2145
601 1762
2375 2567
2925 349
433 2063
839 2823
1456 2166
1466 2824
1640 2990
706 893
952 1193
235 1487
2201 2665
879 2343
2077 1456
1986 2246
295 1195
1161 2975
485 2855
2432 754
1794 1084
1746 121
590 2670
420 2528
1563 2240
1817 558
956 463
2252 657
684 2089
636 863
465 2648
172 639
557 342
1635 63
2894 891
1379 788
652 1845
1354 1785
369 2446
2669 1351
1772 295
2671 631
441 1116
2330 14
876 1519
1410 2867
2430 2644
2120 2045
2411 441
392 996
1264 1903
525 1244
697 1255
2805 1752
1964 2129
300 2422
2256 1288
101 1582
305 2600
2144 1706
1503 587
2504 2579
272 2011
2947 338
2285 618
2421 2259
2811 2907
256 2545
503 1246
2738 2081
857 2132
1296 1286
1158 766
1011 2830
1504 787
616 2308
2001 2227
2911 72
2304 247
1042 2844
988 765
2791 1582
2506 2493
2217 781
2615 90
587 653
2797 2436
357 2109
2563 720
31 1400
200 1491
216 18
688 733
349 1366
33 35
232 250
453 1612
2736 1630
1793 2984
1587 2668
196 27
844 1698
2402 1280
885 631
551 1392
443 2427
1154 2916
2791 2348
1709 905
952 1980
2139 857
2540 528
1553 1722
1798 1941
2936 2890
1275 1297
86 2773
2273 278
361 140
2522 1948
271 1101
1650 67
1224 87
1788 622
1973 993
2013 1963
400 1645
1816 130
2951 2237
1937 1187
1326 2614
556 554
666 2463
1287 1721
1188 1238
2847 2025
2620 1599
1358 1957
1515 628
1015 1095
774 2866
537 2390
1622 1779
1139 379
541 1128
110 1611
495 1002
420 2921
1726 1331
1951 2317
1741 1329
1189 1031
1981 15
1657 2731
1042 1914
1299 2711
799 1023
878 2348
2812 1362
1272 481
2461 316
2969 11
1205 527
778 1315
2601 451
616 2304
822 600
176 1749
1851 7
700 2226
629 1321
2042 2047
2798 2960
2116 2688
1561 269
2734 59
1134 605
871 1782
572 2370
958 694
124 333
2294 710
447 1470
469 2775
39 957
2017 2345
2326 1176
1505 1527
2755 288
421 625
1082 2533
2266 1803
2830 1992
679 404
2513 891
799 2914
1570 1314
2247 657
983 326
436 2698
1840 1664
1275 902
1772 1563
2108 2066
1862 126
2363 1616
301 1447
2725 905
643 1744
2107 1382
2800 1749
1814 1798
582 257
47 2307
1970 598
2177 1981
383 2892
2303 2604
1117 79
1653 1654
1761 1099
2118 486
2479 399
2178 546
577 1079
1387 2949
2409 871
1081 806
122 1352
317 2917
815 1520
62 1106
2083 486
1840 2329
1193 42
1426 2355
1757 733
2501 1010
998 2411
1399 1435
503 2908
159 2115
874 1505
1170 1838
1850 273
1103 664
1027 579
2068 1182
2947 128
2399 2027
563 670
1567 2306
1284 1898
1816 724
1634 2178
1105 1266
2258 2506
2428 2949
1795 1122
1878 391
132 2455
820 2633
1598 1664
1697 1293
2564 410
2611 2379
1193 2857
2173 1837
679 1333
272 2685
2367 1306
1818 2559
1605 440
2976 266
1624 2909
1185 2882
316 842
2818 618
952 2761
1728 211
933 495
188 563
233 2133
1830 349
1032 1914
1808 2444
977 1511
1752 1706
1565 2629
1359 416
2470 604
782 360
981 1501
1317 2410
2089 625
1900 1532
1079 1849
1424 2135
1663 1920
843 245
2302 924
2262 1630
2654 1981
616 2023
1824 2156
2871 1227
1194 81
1907 270
1458 694
907 1080
99 2013
1630 2106
1356 867
1217 2451
1146 2611
1211 2116
2632 547
508 846
2355 2432
2692 1196
165 2526
206 179
2896 91
706 2148
2719 844
1471 1826
190 2764
1865 51
1494 2771
2624 2472
716 2236
2870 754
2154 658
136 2668
662 133
2870 1383
2996 1363
189 2726
2663 466
2325 1602
883 2426
1795 2154
2581 1194
290 2718
661 2072
1520 2737
2562 2440
1297 1586
2840 2449
606 1009
902 1036
2149 689
2665 1200
1169 2930
292 509
1459 2622
1760 1883
2124 683
31 425
2432 1382
1098 1835
1944 2059
214 250
1882 2370
2077 153
356 2726
106 1358
2801 2214
1427 2620
2040 784
935 1727
1853 1778
2164 469
2567 2111
2225 2025
444 461
2495 748
2648 80
330 1600
635 1781
593 321
2253 2605
13 1392
2894 1591
2893 1144
1710 2923
148 1649
1004 1948
496 199
687 1553
1769 2815
1154 1480
2056 1283
127 1085
2875 141
313 636
1354 879
2467 881
2794 2640
984 592
2835 674
2886 227
2390 1533
2124 1450
2681 729
921 1569
142 914
2133 1855
1240 2980
381 2609
2403 1301
873 959
886 1857
364 2865
2010 2424
259 341
199 1621
87 2787
74 2014
2420 157
1533 1574
2969 1802
114 2878
2392 1599
584 1686
1174 1286
1224 2020
1887 164
633 534
2265 1636
951 2148
747 2164
1031 210
770 1596
572 1509
2652 646
777 594
1016 2837
1875 2441
505 1644
1213 2490
2000 1450
1344 516
996 602
596 1538
445 1097
1685 2717
1711 1165
1855 2421
1725 2836
535 1211
511 1792
1116 982
1628 1713
1769 2818
670 1036
381 1510
2221 1632
167 725
1514 2539
1158 668
2442 1045
106 2277
1104 1347
470 384
1513 1437
692 734
1543 2350
202 798
1604 1361
1881 2300
1442 2211
425 1616
2587 841
2126 1972
2254 466
912 2734
614 1134
723 2640
2757 270
1367 1032
2677 2912
2485 2373
2447 2394
2402 1474
2942 862
877 1394
942 2446
410 1229
2891 556
2256 907
2357 443
2344 2590
1583 1138
2378 291
1042 386
2971 2374
917 46
398 2031
2849 2044
2516 2294
2023 2566
1645 599
1054 411
2009 560
2212 1579
1236 1872
1903 783
2408 1913
1394 1783
1344 680
2917 1465
1014 2920
1343 2157
2429 1665
1998 1860
2268 1364
2428 77
274 2078
2392 2845
1503 704
927 443
1225 1827
546 2301
1419 1475
1781 1111
2416 1613
964 931
1882 2611
1077 2265
576 2092
2530 2030
1746 1654
1854 2424
1158 2722
2087 2086
2996 1452
1250 2528
656 2174
1792 232
2518 2879
2787 140
306 232
2631 2471
109 2704
2460 2669
313 2382
2825 1940
1340 2178
1874 2009
2851 2504
1227 627
1128 1439
457 392
53 2854
2353 1035
2990 1242
466 2608
1746 1800
1102 2787
506 2554
1475 593
506 273
171 1444
1579 1090
1390 872
1869 1907
1299 356
1781 348
2331 851
1244 1388
2004 1529
317 871
16 436
1284 347
1740 1360
2050 2998
83 1621
812 2988
1859 1226
928 2836
135 1544
2052 2501
1693 834
1331 2396
2029 2386
1705 2379
1300 1734
2784 246
2250 810
107 972
1113 1529
2316 2783
1078 389
378 2015
1531 1233
2123 2336
510 1576
2433 2367
638 1365
2659 1363
984 2012
2805 387
2534 468
1928 1069
344 16
1385 909
252 2825
958 2566
1339 2202
1748 1700
654 631
197 2396
2939 2130
1683 12
2088 2916
423 534
1649 548
1515 2960
2911 2814
348 1733
739 172
535 1180
204 827
1316 2589
772 2863
73 1631
1413 2321
2205 620
220 2779
37 2935
1789 2506
2698 336
2960 245
962 226
2227 2847
111 2531
2314 2208
1945 920
641 2342
2267 2028
572 1948
1660 881
412 2076
2694 1297
1406 2142
818 2645
684 1118
2377 2526
1502 312
2363 78
584 2316
2833 1972
303 1865
2298 2605
472 1723
1240 741
89 1891
2441 2452
1450 2254
736 929
2010 619
1174 3000
2185 1628
2611 879
1861 2235
1971 224
2570 1810
1254 457
1885 208
362 2708
1578 626
1770 2394
2220 115
516 582
1237 338
2803 1922
404 2161
2372 2882
565 1856
2784 2691
56 443
604 2464
2227 1274
1586 2845
2413 2381
1490 1964
2522 2062
296 1011
2727 1789
1099 1853
2782 1969
2889 453
1596 1479
297 613
1479 2549
2207 1000
2681 263
1676 2815
1803 2061
2112 124
214 2585
2205 841
2284 1872
1350 1524
1620 7
44 665
352 978
102 2977
1070 320
1041 1446
1478 1499
518 295
2531 2047
1185 2489
386 1450
2225 2962
708 1922
421 757
2728 1984
2559 2505
2931 1614
2269 2653
33 497
683 1750
968 2601
217 2962
1866 140
1585 1765
2243 996
2791 2243
602 114
682 2244
1181 1019
402 879
197 865
2269 265
2249 1393
917 861
2078 635
586 1469
2043 2681
2140 182
2235 2895
2627 742
2555 94
1205 700
2 151
1234 2453
787 2320
678 2202
1855 791
1502 1585
1077 252
2459 1571
547 2444
1222 868
2073 840
2656 1124
2861 2726
2016 384
871 1659
850 1014
124 2670
619 2695
626 2573
1879 1028
2073 1796
2640 815
2461 1873
1244 990
2212 1696
785 2918
1406 377
1216 139
1239 2956
2343 2283
706 1001
1631 1615
1240 308
610 369
2437 2315
236 1241
619 1017
1367 1646
544 2031
2777 1344
1490 2398
862 729
2870 2479
69 2401
2375 478
1135 2804
1584 2579
2689 815
597 2061
788 366
2284 2703
2266 1844
1677 2473
1596 324
114 2321
291 1310
740 2602
1897 2980
1192 1144
2096 446
1382 2095
2372 1190
749 2503
566 2262
1217 2757
1486 2444
2197 1779
450 1374
1292 2819
1080 332
1087 1264
114 1088
2049 69
1260 578
1423 326
305 287
565 397
1534 2245
765 1766
1947 863
2379 2383
1639 1019
2486 2583
326 2208
1548 2551
1652 2918
2266 128
2001 1630
1753 1748
1506 748
1099 110
9 339
656 2873
787 2504
40 950
1576 2170
1350 594
1532 1666
944 1556
73 1421
947 1060
608 232
490 747
2980 2590
1381 2799
1256 1032
1397 1619
632 279
2521 88
2346 2696
2723 954
2910 553
2370 2569
1731 1041
1442 1432
1207 1176
2337 2633
1932 1939
2087 890
1057 1955
1701 2911
435 659
561 160
1244 2309
943 1312
1492 1902
41 2704
2811 2139
2349 622
151 59
2353 35
235 1230
2415 2347
598 1877
2043 2526
751 1428
2883 357
64 213
978 747
2123 2856
1939 244
458 129
372 668
1533 632
142 2185
702 1199
1500 2379
2298 1790
2639 79
915 1045
2086 862
1094 1361
2077 1450
2346 2525
1426 1212
1529 2320
2587 505
2376 2001
1484 599
722 1932
2228 1659
1459 2980
1776 1945
754 1071
2271 46
916 1600
2080 2482
2109 354
2414 1600
2167 1266
2717 2516
2918 2839
2241 2770
2302 2662
1244 1997
232 149
592 2268
2356 2803
2460 6
212 1728
336 2601
301 2231
1892 140
1142 1678
2324 2296
2644 1909
2931 2032
1754 718
2088 1829
561 2044
1330 2322
2134 1010
126 215
382 130
2236 949
1002 2611
802 1299
1871 2498
1810 256
2012 698
905 1350
2266 316
1417 1084
2024 1641
672 2402
825 2863
900 2077
998 1058
1573 948
1120 202
1111 109
585 1594
585 1705
2709 1495
2557 402
1040 622
2155 1610
2141 2372
2816 1738
349 1094
1672 316
797 1538
2876 1051
639 2644
1429 1790
1434 1145
87 82
1680 1042
35 2599
1232 2383
2279 495
2333 2319
1099 2369
900 2209
103 1406
526 1179
562 207
1607 1838
1871 2371
2190 1840
766 2683
2950 282
2115 2451
2243 1912
45 124
732 1286
1674 1943
2379 1785
1491 1248
558 545
2105 2190
2169 743
266 1718
1835 751
2915 1719
2784 2216
2460 1159
1678 375
629 1977
2186 1396
1299 2952
727 1554
187 915
2616 5
2518 683
223 1698
1686 2942
1065 1181
552 1608
2595 821
2810 799
2787 645
2526 1688
479 2261
1443 2260
53 32
871 694
2277 2515
1071 2021
712 1127
2368 670
774 2055
1273 779
561 2466
1060 1027
2083 2572
976 2225
41 2124
2628 1965
1195 247
92 881
2776 2061
1798 1695
499 724
713 2308
65 1866
472 619
1581 2320
2272 2885
1915 1005
207 1506
1265 2352
348 1956
442 2252
293 2397
2 955
165 1549
2581 1648
876 1772
2697 2751
830 652
1007 2199
2173 1267
2391 2169
2564 1911
363 2665
933 2451
876 1262
2267 29
498 2616
2871 675
1228 2825
1168 2544
2486 1745
539 2013
1562 2886
2853 404
1066 310
244 1858
1429 2799
1410 2468
1308 2923
2027 725
2965 1169
2963 2076
365 936
2524 323
597 131
583 2644
2539 1348
2747 2524
2566 1160
532 1158
2844 137
1208 2055
1846 2989
1751 2580
2264 2394
2284 1276
1910 1833
1102 636
1632 2567
2884 127
2316 225
991 1935
1056 989
2247 1357
436 1403
1784 2525
1675 338
537 1052
331 2748
29 1345
2053 457
2368 224
2745 964
853 1839
1932 667
1489 1272
1929 741
180 811
1248 423
2843 2878
145 2668
1851 2212
1795 500
1303 830
389 1213
2190 1790
2817 2923
1991 790
860 2520
2943 2922
2433 1170
409 796
1494 808
963 517
224 2755
2754 2777
1889 105
1576 1120
1329 351
625 755
427 2140
2750 1093
2791 1292
1023 2884
2205 2627
1123 2780
1810 1865
582 1436
738 1012
970 862
43 1432
1618 598
1298 705
2224 2746
1422 144
1211 2083
2950 1482
549 1342
1546 1951
2278 734
1256 1288
1796 26
574 2470
39 264
775 1190
1609 2027
2354 764
1006 1572
264 1006
1580 160
2179 2901
490 594
695 2138
2095 741
1711 929
422 2070
4 2826
2924 2525
1280 164
2877 1577
2727 2524
1616 1010
1844 554
2281 394
2047 2180
1953 1507
2103 1559
1618 2385
1366 745
918 880
109 2455
149 720
531 693
2492 655
1874 818
2373 557
566 2143
1650 283
1250 2671
2506 2500
1969 344
340 2244
1437 2210
761 2964
1590 1677
1816 1417
300 1995
2073 1144
177 764
744 459
2754 2115
1105 1062
2828 2512
2253 325
1411 1359
1722 279
2579 2552
145 1204
1395 158
367 154
1720 2001
1456 64
1409 2471
1683 2000
1678 1594
1710 2837
2332 2673
407 1
956 1617
1197 2108
2936 2003
1671 777
2334 1462
48 457
88 2369
1697 2723
1034 500
1072 1272
193 1802
1163 595
1201 440
127 2591
440 1451
2994 2105
732 998
978 1647
46 2766
2319 1001
2965 1181
779 396
1720 1731
23 101
1690 2469
1566 331
850 557
2668 343
238 2596
1529 1370
1180 126
1819 225
2657 1358
2212 888
73 1026
657 1558
1582 15
1522 1062
1990 391
1853 734
767 655
1616 2567
2728 2722
2718 483
2059 1503
1453 5
1800 1604
1708 456
1407 1797
37 838
2132 1546
1285 612
1637 525
2444 804
1346 1931
2209 980
2347 1882
452 2220
4 1481
2955 332
868 893
337 2087
1797 1621
2419 1054
2753 573
1110 2031
2241 815
1840 2983
2787 2902
1814 535
800 122
2205 114
2787 896
2400 809
1556 2836
452 2923
797 256
1704 2987
2061 2042
1485 1474
367 419
1557 2750
1039 1384
1592 1888
2657 2718
895 537
1688 1938
1325 1437
13 1643
784 2633
2446 2506
1132 2168
2168 349
256 947
2729 2347
1782 307
321 1980
539 2452
1078 2209
1621 771
2948 2167
564 679
894 658
556 1621
478 1009
527 2686
832 1742
1305 2644
1465 781
1351 1051
1197 1322
1733 2308
846 2501
528 2227
201 1525
1169 1938
1628 1678
865 2187
1168 149
1579 1938
2115 2130
891 732
312 1494
2895 402
185 520
2791 2318
1916 306
2328 331
2228 2137
99 38
2287 2488
2128 1618
598 336
751 2978
1657 2904
2905 1929
860 808
1580 311
1484 2847
2911 1777
2521 1138
575 2847
2636 670
1322 833
1932 153
1147 2497
2284 983
2951 2490
2554 2868
2452 557
2466 2815
412 1948
1480 2471
1540 2666
1821 1213
2517 2408
1730 1927
1646 703
2173 2934
2105 1987
1677 955
2134 344
1415 240
149 353
1746 1037
1667 2872
2645 1553
1786 2152
2495 556
2986 191
1607 2145
1283 2672
1595 566
2528 706
2355 2607
1777 2141
1625 276
105 450
2339 2132
2109 2275
138 852
2334 475
2200 955
1727 412
1908 2719
421 2404
2979 1376
173 1307
1925 1246
2046 1874
1829 2457
1407 2666
1555 449
1986 181
2706 2536
82 2321
616 285
2700 2932
2477 2708
1785 2308
103 1083
2329 2781
857 2596
30 2248
640 390
2405 1890
1733 1899
1344 2907
2318 2108
2841 2355
2411 2495
1327 2679
2727 1731
250 1889
2327 2472
2490 1272
1337 1916
2469 2407
2173 1819
2980 757
953 212
166 2448
1749 314
1383 1392
725 685
1773 1366
1974 213
450 858
1268 1282
1790 2931
2969 2678
2334 556
144 1692
297 967
785 1769
658 2525
2543 1116
1891 1489
538 1142
2206 526
2280 1540
2231 1204
43 2848
197 2736
1653 630
1738 1347
803 2190
2329 128
2914 2265
1801 2011
735 746
2758 219
2552 1045
1082 2905
1939 2931
475 32
369 1742
903 1131
2941 327
2647 548
1727 2890
442 1331
2209 2571
2572 2462
2498 2477
1222 2714
2635 692
646 527
1274 1785
1523 2563
2411 1525
1520 1926
2164 465
1475 1373
821 1701
2306 837
2627 2677
844 1663
361 657
1711 1169
1774 1185
2862 1565
1641 1406
1453 1839
142 2749
615 2417
1098 1128
108 2773
751 2097
978 2484
678 2084
2134 904
1348 1155
89 1675
2268 704
1807 548
1626 1082
1028 2436
2796 429
1732 36
1727 2398
914 1142
2857 1627
1997 2943
2644 2916
1187 2149
1981 759
1931 106
1057 2556
639 1582
603 51
959 631
263 1843
2811 1275
1821 324
1700 1200
98 887
2477 323
1980 306
13 2371
871 2436
2209 2127
2279 2384
321 2060
1882 2111
398 1042
954 2070
1758 1263
2995 844
442 2870
1291 1756
486 898
2505 449
340 2146
1330 985
1159 1839
2637 2321
1639 846
472 1455
2071 2451
1986 1589
2890 1626
78 927
1432 1957
2837 1015
972 795
1288 128
2598 1742
174 69
1597 751
1586 1902
1543 1372
2886 1529
2549 1533
2223 1832
1505 478
2786 653
2797 2621
2250 507
2228 1883
1623 606
2253 2983
1023 2503
1373 2796
114 185
1158 2369
680 1999
621 832
406 1223
2506 1546
2317 2901
1988 2447
2363 641
2150 2327
271 1359
2888 1665
332 2449
329 224
201 2465
2041 792
1905 2331
2484 2735
565 1488
714 206
2915 1695
1204 1867
1075 2935
2106 2998
451 2520
1662 2401
278 2302
12 408
1368 2670
641 948
2732 1888
1204 157
2900 1457
24 522
2241 1882
1598 2586
1941 2905
2951 645
1085 188
901 374
191 1282
2722 2547
1661 2341
1427 1551
1931 1326
2380 2084
351 2614
1008 2339
1040 2117
2438 1197
2978 623
1459 1862
2190 1357
1044 2820
2237 2137
323 2041
825 1991
1403 340
749 2059
866 1476
2191 526
624 751
637 360
2650 970
581 950
2848 908
1160 1718
164 1847
2541 1520
2250 2309
151 1134
627 2257
385 1084
590 158
2187 757
2782 1566
514 2769
2684 2930
351 2268
2543 2909
2872 1770
228 2113
2908 859
1575 2067
65 753
815 1219
1300 2634
2113 1173
1970 1629
1499 1631
250 1459
2610 1808
322 1689
746 2704
2148 2092
2708 2072
2727 2370
1919 1259
599 1908
1979 16
1729 2930
2394 2026
31 1016
2221 2965
1513 1815
2704 1559
2622 1847
2715 545
2168 2263
293 137
2756 1077
1756 2196
1898 2073
1032 1790
1272 2669
121 556
1072 1672
1823 1967
2816 2038
2268 740
1363 445
492 1458
1282 1550
2098 2644
2050 1150
2591 1226
1109 1784
729 2365
2262 701
2015 1450
2763 2098
443 674
2463 994
1078 938
2556 1196
976 130
2817 730
1154 2866
650 1711
2814 953
936 1245
395 1173
691 2492
222 2932
2591 1694
937 1326
750 1264
2489 2920
2430 1162
2201 538
1735 2965
1039 2522
2530 2009
965 545
781 2844
2306 1666
2130 1848
186 2556
1396 939
627 917
921 834
1496 1022
611 2129
1459 2203
2757 2033
1423 1614
969 302
1437 1598
1030 2686
1995 2841
1826 827
2172 2928
1087 1810
1574 455
623 1543
2344 2096
2771 289
514 1789
329 2466
1240 1646
2646 2431
302 1407
2995 2938
534 678
705 2449
2893 715
780 274
2551 868
2033 947
2462 1786
60 1495
1488 2742
2731 200
829 72
1869 1166
2486 2975
1371 2089
1299 2319
387 2195
2554 2540
568 295
229 1910
317 27
1360 775
1833 1175
219 2369
1047 1010
934 2375
113 230
1278 88
2017 1604
2174 1473
2748 50
1610 1664
2491 551
1281 980
103 1887
1869 2958
1284 2229
234 1425
2583 2728
2473 2903
1475 2797
1775 1608
1610 76
2229 2815
1802 1087
960 325
167 2614
2840 352
337 154
1644 534
18 2814
2209 2121
2094 2163
1695 95
2687 1532
2475 554
2153 2931
1194 2670
456 3000
1536 2260
586 729
2256 2436
2632 1626
1474 43
2251 222
1933 2125
1118 2608
126 1195
2780 1172
2910 2627
2933 214
1326 25
213 2325
2786 1127
1318 1444
1841 120
2015 2003
2765 2488
2298 2156
2659 997
1393 2990
2079 1300
1994 1373
2088 676
401 507
707 837
2075 965
1029 553
802 604
2054 2825
1507 2329
2324 1390
358 1390
962 1800
1776 847
2969 1423
2188 745
2319 2604
928 119
1433 2419
1365 300
91 1644
2036 1615
2171 1247
2014 1941
1004 1732
2088 210
2124 318
583 1299
1636 1686
858 259
1730 224
1257 1375
1123 2397
2615 1755
998 2758
2205 1690
2685 884
1345 798
715 758
2864 313
2698 174
872 706
77 913
2032 2958
41 2590
86 2903
2033 1760
1584 720
2492 1674
1296 1874
1380 609
518 1975
2357 2972
1242 1923
1857 201
501 560
1338 2183
2647 1450
1553 1165
2780 1163
2527 1288
465 520
577 1294
436 2342
1602 611
900 1563
2122 1597
698 2124
1988 645
276 1992
83 199
2309 600
1272 2700
1054 2634
2743 2357
802 1448
2865 2689
2391 1127
1928 33
1174 2958
228 2384
1731 492
414 2196
1337 1345
1057 1467
801 715
68 2833
673 2392
1486 2244
875 2109
1610 371
1726 690
1119 2275
714 1369
389 1981
1325 2243
2486 1108
1155 1717
2150 732
841 1091
2425 2573
2532 1690
209 2104
2919 2310
1461 2268
995 1854
944 1155
1269 141
750 1
2270 628
2188 2810
701 2653
2911 2848
2139 410
352 2519
1629 2430
2234 2306
1222 2440
2218 2971
2294 2851
2111 2211
865 7
1113 1026
1548 901
1785 2513
683 1724
141 2769
307 2537
2344 1520
1780 240
1720 1410
1189 2654
2933 2318
938 1763
1774 1925
2745 2559
956 1082
2348 2669
2090 1084
2743 1378
117 1903
231 151
742 2105
462 1257
2119 2442
2139 419
1701 2789
1868 141
1889 2429
2416 1160
2899 2752
2541 2601
1940 1371
739 2180
889 2961
1930 14
1220 75
2294 2573
113 1354
1820 2096
434 1042
1068 1013
653 298
1939 630
2932 10
990 2094
662 1587
1043 734
1240 1864
1778 332
480 1513
2785 157
326 1389
118 2031
1088 1620
2725 45
1513 1694
71 84
477 2570
2485 2445
1876 1214
2126 875
857 111
2577 2296
621 2358
1226 256
2081 2512
1779 73
1269 426
2783 1714
509 2423
2406 1159
2573 586
929 2146
522 2166
574 284
893 1898
2092 2999
1046 490
2887 338
2362 1331
1566 1821
1611 513
1518 668
381 26
1286 1465
1108 218
1333 2624
1081 2510
2447 2311
1172 995
1548 1874
109 2808
612 1603
1264 644
399 2386
1153 1606
1590 1730
937 971
1583 1207
1134 2839
2764 2091
47 801
93 162
1339 2178
2635 2559
2974 505
1283 2013
2893 2046
1953 500
1548 2928
1848 1739
512 1209
486 660
1969 1005
2292 1395
1534 82
988 847
1931 1707
1477 237
1553 580
2595 1995
2894 2492
786 407
2393 178
1540 502
1187 112
2870 1587
76 2768
2281 755
303 1505
1828 745
805 2925
696 2928
2927 1590
2526 2621
2042 502
2849 1603
2510 1526
2037 213
1068 1177
366 607
331 1515
2090 747
756 978
2619 820
1775 2900
2376 1397
1471 453
1046 2428
275 1311
619 403
452 2268
879 552
662 511
2111 342
48 2976
1929 1344
2635 840
1801 2880
1483 1731
2445 2208
2718 376
1233 343
1314 2819
170 162
2643 2952
1356 1732
696 1883
852 936
2436 1706
1415 1609
149 1706
892 2818
875 2065
1101 1036
460 1865
1329 1988
1430 2686
2856 2665
1877 318
2862 380
537 2156
2909 1962
294 524
1717 1372
2640 806
1636 1298
1231 2295
1310 501
126 64
25 1579
1569 1536
2183 1256
1018 1494
2720 1019
264 2897
1230 1406
265 2514
1976 543
2734 966
1270 2349
2604 2114
524 2902
2703 385
2071 1424
846 2835
688 2412
1341 1570
1106 1469
1081 1663
1922 689
2724 566
794 2135
1650 2904
885 2699
2902 13
2968 2488
1631 889
314 1494
321 113
1934 1805
810 317
1548 1613
2281 1962
2194 990
1861 1879
2705 2503
1189 2521
579 5
1068 1268
2078 2468
2464 1817
2781 1353
2796 2910
360 930
2830 2996
604 682
1334 2672
1664 817
311 2120
806 2486
1466 977
1755 12
499 619
1062 2489
892 293
2902 1988
1131 2532
2810 370
135 2317
1469 2606
574 920
1633 2377
2938 1734
1215 2185
1839 298
2953 2785
400 1072
498 2744
1758 57
1323 534
2435 1165
1643 1827
2644 1185
2846 1700
2713 1897
1160 2678
1145 997
1717 2953
806 2174
2062 1937
2029 820
428 2328
24 1541
2090 1143
892 427
2360 1383
2870 245
450 2997
2950 1695
1410 2766
1649 616
118 353
2911 1312
343 2286
436 2779
2963 860
2379 531
1676 989
2363 2222
1561 1595
48 2743
2666 1281
1582 2480
1441 1489
1845 723
239 1384
286 1020
213 90
1443 2208
2417 1123
1000 1155
1863 1395
105 892
1523 753
1817 1751
791 725
140 216
2304 2915
551 703
2452 2802
2059 2067
15 2009
601 986
1247 2817
2179 757
1544 382
2676 2644
1229 159
804 1659
2818 537
613 2602
1433 2272
323 918
2356 9
2624 1344
1667 840
815 2855
1812 969
300 479
2111 2233
2159 2267
1444 2442
687 1615
1910 2402
1641 2927
883 2363
2533 2379
2440 1484
1856 2819
941 252
1474 2944
31 1764
572 2526
347 620
2180 1437
148 698
2834 43
1465 2364
2265 1499
325 2413
2158 2722
2013 133
2353 1828
1565 1081
2911 2025
451 1073
252 2669
1659 658
1278 974
2386 770
2917 2471
830 1341
1749 1103
580 1786
100 2788
2236 854
2273 1084
2482 2642
1155 355
1600 1931
1150 2330
497 228
2281 2441
2608 1469
2266 1858
1034 1740
414 2457
65 89
2771 2637
1848 119
2927 2185
328 1556
1597 1456
1238 2556
339 18
674 2181
1611 232
1079 948
1895 1582
1531 198
706 1078
852 1659
2503 762
1830 2299
857 596
2466 2462
61 2034
2328 1249
908 1630
1423 2385
999 588
1682 732
2430 869
2896 2384
1039 2117
2299 1913
623 2680
2001 808
2648 1956
49 755
887 219
2820 949
480 33
2095 1888
2446 1355
2386 993
2915 1609
2538 1493
793 55
1597 382
1539 55
114 1752
2193 2089
938 2600
2711 628
1686 377
2943 901
343 2965
2481 2577
1731 1764
1187 338
58 2685
2383 1571
2984 770
1517 1851
2393 2701
2419 2826
1997 2256
2417 1658
468 1053
58 145
2732 2228
208 10
977 1679
300 286
143 1026
285 565
2309 2280
2629 1161
629 2469
669 1471
775 1393
2647 1576
2339 2917
1276 2969
375 1615
916 1989
752 119
727 2454
2256 542
486 2987
595 1437
836 2400
1969 1837
533 2841
1173 2628
1492 2574
181 1233
1813 1599
516 1804
2737 619
2813 301
2417 778
1538 2570
529 243
156 1844
2962 1581
1534 2895
755 1477
658 371
120 2048
2669 2247
1343 1828
1759 2551
2749 468
1599 1126
211 1292
1606 2313
2266 2094
1135 1310
947 2922
1034 1529
728 613
231 2241
2592 2477
75 820
1270 147
2550 1235
1777 110
889 548
1889 1218
1839 2368
301 1140
2668 516
1613 578
1924 2363
2678 1822
2731 76
963 1685
2889 820
480 2269
1654 2944
1821 1571
286 1244
1006 2282
1732 2153
1936 2988
2344 1683
2905 870
2963 2674
68 2840
1136 958
2015 1094
2483 86
2543 1186
119 1324
2302 307
46 2940
2134 2416
269 1917
2613 2999
934 640
616 2625
1458 2651
201 222
44 170
611 2158
2186 2064
1801 1075
922 1579
273 1679
2925 2099
1765 738
444 701
2330 1286
1553 84
517 2613
1493 1831
1971 1418
1409 685
1711 1625
2764 993
897 32
1752 1442
852 2417
2245 314
2015 2144
2698 1043
2786 2850
1296 2944
1907 1468
2184 2393
611 1325
685 1950
85 2625
849 2883
2114 978
1148 2087
1014 46
2185 1379
1630 2921
1959 1262
649 2939
644 2097
342 2615
1347 49
225 2410
2451 1974
1529 1055
2728 1100
1774 2406
769 461
1006 2137
536 908
1612 1218
1991 2748
2532 1847
225 2403
206 334
1765 1199
982 1387
2312 1011
2788 2462
530 2823
2009 1585
1467 2580
2632 946
2920 389
2265 2957
1870 2557
1756 2821
42 2087
2964 2249
1929 1687
2864 631
272 1696
1578 2245
704 2406
1984 1955
833 213
61 2565
210 2249
2107 2768
2056 2854
2534 1534
810 2954
1716 2863
2416 2793
2787 1203
2641 1230
19 659
2181 530
287 719
517 1586
901 17
1819 2495
1020 1508
430 1144
147 797
151 1446
33 1908
2949 1685
1316 1330
151 1561
2945 2785
877 2218
1060 2842
1715 2273
2422 2546
1570 1106
1528 312
2914 2270
665 458
2361 97
2244 2553
892 562
102 642
1776 249
1033 2465
2527 613
2365 2639
2429 857
1315 1559
2657 126
2209 1238
1583 795
2744 1490
2285 1249
1596 2876
2045 2066
1632 1906
2667 1043
2413 28
2223 974
3036 3672 3213 1339 950 1187 228 3426 4554 1822 1920 1904 1380 5027 2421 4763 3885 4266 5038 1900 1625 2159 12 2772 5261 2302 5056 4679 2569 192 3770 3642 4828 752 1697 498 5776 2300 4034 1577 617 3700 4127 4649 259 4141 4440 499 3198 1447 4253 396 2584 1240 5484 376 1736 1103 3925 485 5885 5034 4838 1694 1389 615 5579 5617 4695 3584 3104 5110 5628 2070 5715 571 4956 4442 1850 4806 1084 4018 2270 600 5412 75 1428 2602 5247 1950 3779 5601 4655 5466 3339 5195 2605 186 1504 5393 959 693 3772 1248 1270 1767 4268 1914 490 4415 4134 576 5658 1712 60 5092 3346 2473 2673 49 2850 956 4618 1113 2228 4222 5139 97 4555 564 4212 4928 1287 2104 2556 132 4058 2603 117 2249 3269 423 1454 4164 5096 1497 1609 2099 3325 5009 2922 4558 4723 1679 3400 3287 3057 5362 2411 5507 1331 2284 5537 5688 4088 1131 2321 2079 4821 1969 3412 621 85 1555 2305 5483 2525 1560 51 3734 1256 1883 4132 5439 5271 4463 1538 71 5503 4483 5629 682 5638 3803 2207 3477 4847 5618 1420 3967 4911 548 988 5140 4273 4799 1823 2181 4888 5687 1048 2829 3806 269 3693 2254 5158 268 5392 2174 36 271 4365 4943 4040 5859 841 2652 2301 3473 4373 394 2667 5221 1051 5774 3879 4858 197 5461 2374 2941 2982 3134 4324 4210 4953 5242 2118 331 2721 662 882 5401 5173 5476 2708 3334 1203 4290 4724 4743 3365 5007 1034 3121 2001 3192 5975 165 1637 3027 1144 1506 55 5241 1953 1105 5094 3178 1893 528 765 3866 4544 1513 873 134 4307 4738 3486 2074 4069 3470 3449 4509 5230 2309 326 2976 5306 3918 353 1328 5473 4361 7 5167 4756 4908 5351 5620 1717 4831 69 5722 3071 1575 1931 5079 5770 3498 1101 1265 2246 3427 3758 1329 3239 3233 3506 556 3999 4730 2962 2168 1062 2167 5951 5814 5150 5585 2524 465 397 2943 978 1195 322 1621 3891 5726 1958 2230 1221 1613 5033 507 1563 3493 13 3095 1178 80 3024 2267 2923 3896 1196 2769 3020 2336 4381 2339 4856 3260 5760 4094 1507 1845 3663 2224 3826 359 4948 3380 672 2628 740 5751 3089 1255 2561 867 3627 170 1788 1708 3593 3831 2206 4231 1529 5642 5160 5348 2744 349 2409 2896 131 2905 823 5104 5357 458 5335 3713 267 1074 4248 3124 879 3004 2130 3251 31 4389 2520 890 585 4699 47 3279 974 5923 2396 4272 5605 370 3277 2788 3341 5307 3656 4731 3307 2934 88 680 1916 3078 5743 3120 400 5456 3051 3657 5508 5968 2971 285 725 691 5440 432 985 5925 3623 151 35 330 5454 3600 505 4370 1205 337 3652 999 924 5908 5035 3965 5732 984 377 2635 2625 3929 2632 4218 2330 2780 813 308 2668 2231 4647 2518 2486 1298 2596 4090 4787 4977 5064 1759 3050 4671 244 2802 5447 4758 3563 949 830 5592 1068 217 2106 1479 722 2042 4563 4077 4444 4152 4319 624 759 1899 2644 4980 4500 1992 3393 2045 319 332 4017 1814 4637 2403 46 5282 4263 5899 5573 1311 2009 2622 90 2523 5451 1110 430 547 4614 5560 3147 5762 5132 891 5105 4609 4932 4918 1417 3553 1239 5474 5237 1192 1800 346 2436 239 1945 1102 4608 2704 5810 4752 1009 2298 344 3034 1658 5248 5916 3898 3660 3695 3643 4873 5844 2470 2507 2591 5896 5803 456 1486 2763 1725 2765 1631 4905 2920 526 3605 696 3090 2083 1491 3836 4160 4457 3778 3622 1419 3596 4688 2312 1895 2365 1502 1347 5708 4154 5054 1590 3482 5214 1083 2716 2885 5905 4356 1149 1636 2125 2720 1117 1686 5532 4625 343 2179 1912 4450 3741 3280 5894 4973 4501 946 1318 3265 3103 2252 5721 3139 4652 707 251 4668 2835 5701 4346 469 3367 3029 730 3043 910 4811 2989 2717 3031 3897 2784 4355 4049 519 229 4293 4664 4561 314 4157 2316 327 5505 5903 2631 3500 1446 5672 2928 1976 4904 2995 2233 1128 366 3616 4988 4198 2363 5798 2087 3261 5808 2134 92 2958 2427 4323 4391 4781 2732 4884 1498 2796 4628 2126 3530 4073 1401 5051 4893 1344 4617 4967 1523 2447 1010 2977 2510 3360 1726 4385 1314 4578 5097 3938 2506 4 3625 2756 1115 1132 5848 5670 5999 4775 50 5095 609 1489 4531 568 94 4200 3212 797 5886 3984 3961 258 2830 2855 534 1993 3581 5273 4922 1304 2615 3692 619 4437 3056 535 2062 5893 824 237 4167 1713 3362 3633 2273 1664 2582 4624 2204 2369 4308 833 3894 1455 4470 2340 1085 4400 1459 28 5824 4519 5775 1592 2248 2245 625 3215 2736 112 2275 1397 1142 2109 5782 2177 685 3996 2533 2653 5876 1683 652 3580 2356 2244 1977 3953 4623 4394 2557 2112 4660 4276 368 5175 4492 1582 4574 918 2257 894 5 1123 5992 5224 3297 524 865 240 2593 4535 3274 1321 538 905 3182 3375 1095 4737 5820 1783 4697 4766 1238 5910 5759 5260 1158 118 1053 5053 3330 2711 5388 1414 1163 981 419 953 4548 1802 3295 688 1473 5188 819 4680 1288 5794 313 2047 1727 232 5458 4012 1597 1680 3995 4869 4151 4422 4054 3825 2715 3256 1638 1960 1098 3236 323 3673 4075 1405 658 1862 887 3008 4595 3191 4634 3668 201 5389 4425 3447 4785 3099 3573 2937 1527 2334 767 517 3093 4339 1067 5386 2459 3923 1150 4241 834 5131 375 1374 1430 3528 4809 1375 2712 5849 2162 5502 2595 3686 716 3401 3246 893 3258 2094 4914 5469 5966 209 3088 1028 457 5087 3733 2187 5543 5545 3429 341 3217 5797 934 1310 5058 3562 4229 3751 4006 1887 1404 1162 5212 4447 686 4473 5850 3225 5518 2980 3696 4242 57 1050 5947 4209 3972 4458 2960 4793 5044 4601 1369 1019 2022 3809 5298 1714 2568 647 1437 4864 3676 3877 282 3601 1444 1689 3991 5753 1434 5041 1764 3333 388 3730 5818 3955 193 4585 668 1267 3997 5815 2836 3267 5728 3716 4708 1612 2572 5368 1477 634 4244 4611 5747 2497 1735 876 3 1540 1791 3661 4117 944 3146 1155 5523 4902 4320 3117 3892 1996 2618 2947 2576 4486 1543 5434 1456 3915 5754 5872 1391 34 5928 1756 5373 3841 1796 701 2496 5255 4479 3211 1811 5381 3976 1826 5698 5343 3537 1251 2282 2077 4335 4533 1654 264 4945 5022 4797 77 5010 2725 91 2907 1072 3064 3376 2552 1579 364 4267 2607 3037 2565 3149 5842 2423 4947 2114 5082 3749 315 3811 1533 5946 3327 2942 2278 5654 583 2787 2513 2371 631 5014 2018 2201 3986 1980 937 2438 4050 2944 3833 2757 61 4518 5917 723 1965 2831 1277 1854 2643 1521 4116 5325 4704 3721 413 5616 3792 5318 2910 3085 4061 3888 297 65 4796 577 1412 3448 4419 5450 5320 3793 2019 4487 478 2053 459 2580 416 3443 2812 892 3165 3197 3635 5103 4769 622 3640 4123 1643 3943 5515 2364 2746 4767 1670 4145 4461 1619 2964 4677 3869 438 1948 2303 2737 5090 704 1443 4895 1416 4380 5989 3465 784 809 1787 1118 1165 5504 1685 2560 4181 5711 210 4230 5796 255 5533 3977 5391 2845 3720 415 2902 4780 783 5246 1364 3729 4366 2577 861 439 5193 1060 1154 5210 514 4345 4095 1707 791 5338 4963 5589 3675 5047 1204 5462 3487 5734 4898 387 3003 5251 3022 1413 2237 5001 1097 1817 2271 1492 4448 2395 190 781 293 318 4735 3230 185 4189 2139 4109 5290 3019 5240 751 4251 5529 1032 2424 843 1897 3311 3013 89 2851 5360 156 2065 4055 1093 5201 5059 3582 2135 4146 5630 3959 1970 2562 1065 4765 256 1857 3158 1885 4236 5217 5883 2608 2264 1940 378 643 3767 3397 5572 2933 4848 133 1424 5438 5112 4757 1494 4998 4761 2310 3053 4929 2946 5074 3667 1856 4933 5765 5524 3021 1526 5857 5443 1242 1170 570 4364 1514 4431 124 4454 294 2072 1442 1468 4665 3061 5986 1546 4553 4575 4817 5913 3143 2713 5924 3068 3060 143 899 977 2952 2988 973 1429 2060 283 5216 5394 3092 1152 4351 2226 3338 5684 3438 1662 553 4892 3554 697 639 1660 138 567 734 2771 4302 4121 3244 5340 4720 5124 2154 4983 3632 5621 480 2359 4542 855 2620 2676 212 961 1742 2589 2587 5421 2393 5671 2805 3481 329 5769 645 3774 5697 4196 3162 2727 5446 2749 2400 3886 599 4045 1581 1648 4954 1549 1452 2314 162 139 5192 4191 3154 2311 4476 4455 4162 521 4305 3735 5490 5791 5378 2150 1177 1919 3118 211 2306 4705 2472 5988 238 1018 2223 952 2014 3219 4159 1387 868 5662 1365 1296 4978 30 5664 1939 690 5291 2722 3862 2173 1316 4919 1141 4219 4101 1230 1719 4326 2753 3357 1393 1630 4481 2544 5622 5826 5352 5695 4779 444 1464 5382 3827 5115 4545 3519 3608 1721 5477 3276 2006 541 3476 2919 1761 844 2010 4822 5331 4148 5026 2894 4927 5922 234 5627 2091 1451 3988 5164 4789 1773 669 453 4930 5299 769 3744 5985 1682 709 261 274 5399 3522 5157 2040 3110 3726 4275 5768 4900 5284 543 1903 2517 2789 2664 1030 4710 4916 1156 4379 3503 3624 5145 316 1201 3220 800 1271 5898 301 2153 2460 4082 4471 2647 3781 2993 1289 194 2590 874 4076 5972 4534 2956 3005 4944 5882 928 4474 863 4001 2353 1069 4576 5612 1807 2008 1231 4096 4103 3268 2431 804 130 3379 4439 280 3160 241 5945 4186 2213 3242 5415 2895 5252 3719 2015 886 3101 2198 476 1325 1228 24 2655 4663 1232 562 3569 5197 1049 2541 938 2563 3298 1129 1519 3017 5345 5773 5994 5046 221 3714 5426 3323 4598 3396 1361 5831 5816 1520 706 3422 226 3863 612 5832 5182 5943 2357 4300 1739 2654 4540 1376 2480 2811 2730 941 3944 1047 64 3533 2064 4987 5025 940 1495 5365 4125 5858 1215 2783 4271 3087 1741 5643 5199 5385 1562 466 1585 4184 4176 1021 3014 4991 1206 3414 1410 3884 1863 3310 4666 4401 3718 2437 4445 5245 1219 1493 3859 1284 5148 3249 4496 4155 3631 3278 2871 354 5506 1233 5640 914 2132 1512 3974 3565 3196 5171 3015 5851 475 3577 4192 4028 4347 5422 5528 806 4237 2689 1762 761 3578 1392 3157 822 5310 3363 750 1782 434 4748 5602 2516 2887 1323 5142 4477 760 1390 712 5655 66 1168 33 11 484 142 5410 745 3083 2215 2435 875 5342 5904 2461 5057 2925 3446 1039 1356 5317 1218 287 2955 317 242 195 4405 2276 5106 2028 4172 2793 2347 3455 491 4023 920 5266 4669 4889 3725 2345 5623 5884 1448 3691 3485 4091 5731 3399 4337 3550 2950 5757 3851 2093 303 3795 3684 3796 5066 1752 3410 5185 2718 5258 4000 3557 1327 2320 551 3122 5116 1974 578 4962 5703 5364 3960 3150 677 4970 2097 990 849 3508 2034 3930 4309 4182 1859 4732 2828 593 2169 5863 4284 1175 188 5907 3226 2148 202 5500 2553 5016 1338 5138 3705 1334 3586 1676 2171 5460 2702 3129 473 1775 2209 2308 1552 1971 5790 3489 2328 5268 3501 1505 5867 104 3404 4227 4612 2626 4717 4931 4539 135 4503 5702 1604 5126 298 2380 1952 4126 635 2794 1516 4894 2549 5341 5395 4047 2250 5118 1747 5487 2985 2838 2816 3865 3966 5714 5520 342 4388 2864 1368 3385 1716 1040 777 4511 5337 3910 3817 4005 3285 1998 372 2096 1849 3787 5315 3526 1106 3263 3218 3223 3184 3491 764 1207 1997 3975 3882 4506 650 5974 5366 3035 5675 4214 933 5549 3987 4039 2220 110 4395 3252 1618 3566 2546 1332 2903 1257 3419 4812 1991 1622 3822 2515 2343 5285 536 1432 2263 1354 774 2039 2566 2456 5334 1029 881 2054 3112 5072 1929 3802 3755 5226 3392 728 1422 4490 1989 5891 2082 296 3978 3813 5437 3688 5983 4211 673 113 4865 3471 4642 4193 4952 4338 5562 3442 1954 437 345 1212 462 4340 5739 1730 2638 4835 2586 312 5294 5187 711 1300 3857 5633 179 2972 1007 5198 2051 4072 383 3899 3512 1979 589 284 3058 5534 454 666 4225 2318 1754 3259 4515 2966 5168 782 495 2098 3137 4610 2842 4015 3356 5823 2266 4206 4700 328 4369 597 1317 5958 3153 574 116 3786 3513 511 3204 5296 1408 4538 4398 2818 1183 3038 1924 4833 155 3483 1199 5843 95 3181 335 4243 2346 180 321 552 3329 1303 1593 2458 4016 1771 1987 5738 1075 2790 4615 2612 3408 657 1615 3091 3560 2501 338 4114 2670 3240 324 4968 3947 1377 2352 853 4009 4860 4296 968 1941 2665 3788 4859 2914 3494 3205 3789 2755 5900 2778 642 4792 5571 2803 3237 1627 392 851 1119 5129 1114 4277 230 5938 5280 1633 1588 633 1224 1988 123 3727 5390 5465 3575 5758 510 4416 4325 5609 350 5467 2430 3574 3430 3724 3133 336 289 1089 5598 637 2467 1025 915 3201 3620 1355 5583 5780 1043 3707 627 4846 4153 4286 4725 5536 2192 5498 1261 5000 411 2939 3406 904 4278 1569 4057 4524 4512 5489 1004 596 1243 4877 4215 1824 4367 4667 4255 5206 4348 4641 4360 3946 2959 5838 5839 178 5071 4843 3516 675 2766 897 2764 4113 2703 3916 4559 4832 1001 3762 3679 2940 1263 3243 724 3958 2476 2645 5136 2272 3765 1671 2048 1880 1570 3681 4165 4078 2714 2532 1214 5541 1865 5336 5211 846 4484 1061 2021 1610 5448 5512 2938 5565 1985 2767 2124 2102 4684 1690 2294 275 3989 771 2152 5411 1673 2948 5510 152 530 5013 798 5733 5998 4328 2370 3231 2636 5666 2071 4372 4262 83 3492 2868 5756 544 1846 1692 5778 2705 5121 3816 4636 482 5442 2317 5481 1138 2892 2901 2509 4505 2172 227 5037 2145 479 4221 5906 2893 4813 6000 4854 3628 3468 4289 3737 1591 2127 4224 1927 2235 3456 3140 4493 5453 3639 2324 2992 5052 5813 5987 2538 500 1705 3000 4228 4714 1656 1266 4313 3901 3374 4144 4782 1315 2120 2706 486 2296 5292 5516 641 121 5971 5784 4378 1180 5218 3070 4925 1161 4485 5169 4514 3983 1937 4187 3828 4030 2875 54 2531 883 4112 4808 3912 4521 1499 1465 2754 1709 3281 2485 2876 1652 5232 3383 878 1120 2358 3199 1564 5086 1898 969 5305 4981 2260 3394 3502 958 4526 4423 4106 276 1122 2681 3227 4773 3861 987 4840 461 3907 5944 4915 5869 5877 3318 5901 3747 2041 1330 3499 5161 1384 2543 2834 4798 2690 105 742 5977 4583 930 4068 659 3232 766 903 300 2761 2025 943 1026 3739 4568 5606 3924 1667 2619 2935 5205 2900 2495 2160 3532 559 4168 1944 5993 2483 708 4451 265 3062 2344 4315 3776 4327 3042 3756 3496 4258 5050 1160 5674 2719 2116 2450 1509 406 4605 3479 747 5785 1460 5746 2961 2117 4207 1324 5967 5067 2474 2886 3046 4729 4814 3849 3065 3018 4436 632 4026 2926 4064 2078 5511 1873 763 3900 2527 3810 3283 775 2882 629 2860 2743 1891 3417 5330 3539 1081 1611 4861 4239 39 2052 4044 2813 2840 4560 4178 1910 2287 5100 334 4517 3416 1399 1620 1280 5156 43 5326 3033 4638 4950 1695 3011 2251 1905 381 3098 4935 2384 5659 1388 4871 164 3049 2657 5709 425 1666 5539 404 780 4629 4234 3790 748 4202 1088 2571 2528 1911 1435 5935 1973 801 3320 1379 3511 2329 4301 4736 5962 5070 796 5117 1247 5257 2428 3200 773 4742 4087 1678 3145 4543 962 3951 2997 2699 2464 2156 2442 718 5652 1606 1320 5932 5682 2998 2392 3052 3823 5696 2394 3342 99 4392 939 3047 5189 1587 2984 996 5288 3618 3546 3904 1710 4020 356 496 5793 2217 463 3155 5548 1932 2916 4879 2990 584 2856 2843 1872 2773 3613 1340 4368 2698 2277 5521 2750 3542 2863 3128 191 128 3131 2200 5957 2567 5802 4676 5514 3006 2390 5647 4060 1409 3629 4161 2878 2081 4874 2614 1008 3077 3254 3594 4593 1781 4546 671 2924 3059 3547 970 815 3216 1750 1994 4910 4581 5077 427 5956 4502 5424 5531 4639 1421 1045 2967 3935 2240 5736 5854 3760 5952 3835 4849 72 5404 109 360 2326 5030 5855 5887 367 4881 3559 1657 5123 2261 3372 5676 3466 2144 1779 3619 2872 412 2733 1972 1013 2770 2420 1252 2646 5588 1137 5355 5144 424 5374 3694 3366 5936 2881 757 1457 2241 5553 4002 1844 5494 2441 3039 1829 3094 4621 4791 3853 5881 2086 5356 923 1343 967 5088 4452 2742 2007 3407 3413 403 4478 1057 4600 4420 5239 1706 120 1888 3576 3250 4912 401 395 2080 3768 3665 2419 4646 502 653 3764 398 4303 3475 4760 2858 5060 5554 5418 3704 608 4951 2432 4826 942 3759 4654 4747 4330 921 4235 176 5152 1566 3740 5637 361 2105 3556 2218 648 5648 4097 3257 3391 4025 896 842 1282 5012 5316 3262 2178 5406 1640 1031 3271 2748 5550 167 2633 2953 3109 5354 5942 2137 122 3529 3685 2815 420 1276 5921 1933 4149 3351 4570 270 5048 373 812 2822 4022 729 575 2550 101 489 4261 5267 3614 3248 1279 5806 5593 4382 5397 2205 1665 2859 3378 3585 2299 1351 5800 273 3464 4824 3353 1145 1942 1139 3874 4279 3611 5795 1748 5868 2202 5190 5755 3073 3649 4292 3312 3504 1740 785 3993 257 4038 663 971 5804 1568 3125 1348 5304 2832 449 3780 802 3224 4966 433 1470 1943 1913 4670 4468 1608 3084 5149 2810 4845 2738 4557 5611 1439 1336 2970 5741 5328 2268 4825 2088 2107 4288 4067 4996 1052 386 5436 516 5788 5954 2574 3881 4029 5274 839 5805 2817 2182 4891 2837 2161 3344 1000 3914 3948 1696 4897 5596 4204 2069 5178 5024 5234 554 3296 888 2295 3538 2545 3804 3026 5361 1584 5717 1264 1176 2147 3525 5023 3913 5032 1809 1517 831 4333 4336 231 3702 979 1181 2453 3002 5036 3108 1111 5644 889 163 2469 4359 2 1226 1598 4208 159 1130 1012 3238 5969 2797 1866 1485 74 3082 3439 573 2444 2691 5111 5102 96 623 5262 3723 3527 5005 4579 3369 450 3610 4349 3887 753 5295 3345 2123 5981 3328 4770 4010 1834 5564 1350 3926 2057 3359 4693 5372 3604 1371 1411 410 4390 3159 3484 3579 684 2471 4982 157 3860 4719 3738 5735 2685 1818 4745 5513 3801 2601 3080 678 5576 4631 3752 145 1617 4287 2739 56 3680 1806 3141 1398 320 4740 1433 1542 379 307 3282 3541 4491 872 2413 58 762 5685 304 4105 3732 5636 38 2050 2623 557 3824 586 3174 4426 5344 2281 3472 4577 5061 2865 3654 4691 2197 1133 1975 5063 2216 3558 2382 4547 3855 2418 252 1253 3571 374 5235 129 2686 4434 3136 1216 4836 352 518 2032 2354 4934 2639 1335 5830 5902 1022 1821 3321 26 3775 4640 4926 2791 3368 3001 4410 1070 1087 136 2011 2906 4754 40 2425 5866 4456 2854 4170 4306 870 2658 125 2388 214 4246 4130 5249 2500 3163 1843 3315 3712 1596 4556 1536 5065 470 4964 4085 3634 3335 161 5253 2140 2333 4226 2030 3454 3852 1260 1269 1038 5028 4298 2777 3662 4949 4842 3063 1189 1299 2683 2917 5472 426 2776 4661 1237 4494 5719 154 5324 5228 3361 992 1337 3086 5809 1268 3535 5120 5911 2068 3241 5613 2322 4019 4053 5174 4427 1406 443 2844 4080 3932 4866 10 5771 1917 14 1876 2994 148 1213 4920 3294 2575 2341 5293 611 2166 4562 1530 1554 1358 3299 3507 2564 3979 5713 2833 2005 1583 3832 2839 3543 1645 1426 2416 4282 770 513 3179 2729 598 5608 4718 4722 1194 4104 4759 5402 4386 2214 216 2367 81 4721 5587 715 2484 1949 3348 4133 347 3337 4344 898 78 3589 512 1837 2342 4603 1770 2768 1249 590 5008 452 3750 1245 1246 4586 1441 755 4143 5786 2688 1302 4171 5441 4662 1635 5486 4659 1550 2351 2659 1431 1071 4673 5254 3666 2908 4522 1835 5594 4205 4810 3350 5222 1537 3540 1864 2457 3950 9 488 975 4805 5789 3689 1884 5575 4430 4120 2951 5600 2199 3798 1915 4939 1407 5492 2930 4341 5750 1109 2640 1804 5003 4979 4712 115 4733 171 2208 2429 4173 3782 1483 1234 2522 421 1357 1990 362 2604 1064 3968 3670 405 1182 4955 266 3373 5970 5049 483 4223 976 260 5233 5827 4216 3890 786 3510 5580 1481 1386 2651 3451 5186 4066 272 2758 5141 2452 919 4421 3170 5208 5181 1220 857 5414 5700 1307 1922 2573 2463 4901 141 5478 1769 545 1780 5677 1812 1548 4283 4363 1955 5557 222 3347 1934 4280 5159 1036 4597 2391 5914 2379 3555 5737 4201 1478 5029 620 3981 595 4921 1217 5011 540 158 3100 4644 726 3072 5878 1629 451 656 207 3169 1063 3766 1453 3324 1731 1784 5396 2389 5801 399 5723 2381 3940 1586 2798 4648 4685 2957 2462 5302 3358 15 390 5122 698 2433 3308 1121 5353 5321 630 1774 2443 1222 2017 4794 3023 5501 2870 1305 799 4413 2912 2734 4961 3599 3889 340 4589 1475 1366 4051 1011 4259 5225 4588 168 5279 1508 4407 2661 5569 1286 5339 5080 3682 776 2269 945 1745 3777 100 1014 1462 5948 1500 2695 4855 4489 4957 1395 4465 850 5430 5873 4021 532 2026 931 5289 1223 1285 2038 2101 5686 5176 3398 3289 2049 497 4969 4878 2530 5530 4011 5408 1672 1687 1956 4024 4594 5006 5125 1449 3648 1425 1440 5825 3148 1262 5822 5264 2588 2559 3791 5405 5416 4358 912 4800 3870 1092 1881 5165 2133 2781 3432 3301 277 1722 1851 2973 3985 4438 5779 2814 3433 4606 4627 3650 4070 1466 4197 1723 5376 4316 1755 811 5668 509 3880 5982 3936 3156 1274 1 4990 4715 2548 2799 2265 927 2164 3715 1362 5479 4056 1482 1984 531 3671 2874 4903 1901 5624 3830 3461 2455 2186 3844 2406 4803 4941 1699 3097 721 5227 2656 2259 4100 2866 98 5220 494 44 5019 4295 3982 5845 1743 550 2466 3193 3992 1159 4084 3370 5371 1322 1968 713 922 835 5093 3837 5980 3079 3388 4092 2983 4513 2092 503 803 3490 997 4317 5949 4657 5555 5846 2221 4433 4062 4880 4850 4383 5997 3651 5281 2642 2141 4264 3288 2731 5625 4771 3595 2128 4238 3928 2687 1281 3440 4590 2157 380 1603 2440 5238 169 2554 5078 4692 683 4403 4343 818 2203 4035 3228 4107 5146 1632 2583 1928 4768 5586 2158 5960 614 3105 5468 3962 754 2534 743 3138 3548 790 5860 4913 4975 220 4195 4616 2234 357 5043 5706 2897 2292 20 758 4108 3567 560 2170 5933 389 3445 3606 5930 2412 3495 5367 5154 2747 3389 1313 3114 5749 4862 4651 2031 84 3840 2355 4099 2136 4853 3674 1589 2219 2089 5018 4783 826 866 1983 4786 4573 4837 884 983 3517 1803 4755 1720 250 333 533 664 5710 1700 1079 2609 3687 2945 1017 529 1649 4233 3731 2752 4052 199 3292 4497 4418 3428 993 998 989 5862 522 5265 5552 4984 3646 2991 3552 2119 5525 5764 1760 2634 4135 3754 2806 1753 2243 4516 3478 4592 1776 1982 5964 1423 3384 5180 3952 5567 4256 87 626 3957 3032 2529 1353 1999 3291 4753 1737 1669 1292 236 2693 5358 4549 1558 5940 5333 4495 3229 4352 363 5045 5256 5089 5130 1100 3939 5934 1852 2700 572 196 1496 4566 2669 3332 147 1681 53 2100 2398 3132 5875 965 29 5398 3743 4424 654 1135 3911 4329 1020 3044 4314 3815 5973 5836 2111 852 2648 4923 1869 2175 5488 2375 1594 3699 2889 5493 3820 5766 4122 787 515 1778 4281 1190 2043 2478 310 3587 382 2883 4247 1930 93 4795 2801 184 1738 5693 305 1309 4727 1580 2255 4480 5614 1342 247 3069 2479 3520 4071 5329 3638 3048 3564 2247 1041 3641 4726 5563 3878 3658 732 3812 717 555 3168 1099 4129 2242 4453 3255 4565 3253 5837 5432 5931 1096 4065 1535 5107 2823 2417 687 2372 1086 5042 1378 2853 1259 468 1634 4876 37 665 5646 1254 3905 2012 3708 594 200 1003 2629 3474 2965 5062 4498 1936 1547 4459 1400 3172 5852 5890 2949 3549 5833 3326 225 1352 2036 1171 4037 1193 1947 2274 5577 4564 1385 4852 4529 5427 1301 1225 3075 5538 4774 4417 5597 749 2002 1886 3207 2617 2692 2454 3761 5039 3588 3843 986 4435 5603 2059 1172 695 2536 2325 4291 900 4441 1902 2505 2759 5332 3460 5522 2585 4031 3403 1179 995 3264 1278 2710 3290 1698 5692 4185 2936 2439 581 3186 18 2679 5772 5314 68 4128 1816 5219 5744 3164 1655 5137 2191 1751 1763 4142 3954 4746 3304 2449 1757 5919 908 3208 5661 2987 208 5428 3867 3591 3709 25 3784 5663 508 2229 2095 4110 1294 3096 5990 5128 1858 348 2422 1853 385 1820 504 290 3340 3909 5409 5926 2869 2376 2696 1786 299 4678 3354 1732 5991 5821 616 3875 4584 2477 3927 4827 3273 5519 3807 5323 4681 2751 3390 4917 4199 2279 539 2680 3598 3998 2504 3728 4706 3381 2445 3467 2503 3355 1346 5300 702 3382 3647 3799 2808 4776 1191 5651 2599 2211 3710 4580 2884 5787 5542 2514 3711 4750 731 5400 5471 5276 5380 127 4924 2891 5888 4245 1184 2684 681 1055 2915 1186 5413 4220 2675 692 1198 5595 1772 5213 2332 649 1185 3970 5031 4180 4311 3142 428 2000 5499 3818 2414 1605 1124 5250 5599 2678 4375 5699 2056 5635 5244 1614 2129 856 263 4802 1472 885 4762 1134 4472 82 4156 4059 2304 3703 2809 3135 1557 5497 2285 1825 4551 1525 70 175 5619 3839 2606 746 3300 409 3994 4429 1244 561 1461 5464 1035 4536 2592 86 2291 5584 1868 2547 2862 2493 2004 2674 1024 3028 1808 4499 5083 1510 4820 2558 1793 1766 224 4976 4462 4217 768 4851 3107 5153 980 472 636 5892 2539 1578 3424 2108 3457 448 2726 4318 3066 3698 2671 4304 5155 2827 3214 674 727 1143 4633 3111 5313 5535 1436 2511 5482 3883 5172 3177 5387 2898 4048 391 4086 4992 604 5817 1458 3621 355 5350 2861 3653 4482 2385 1688 5767 6 1136 2974 1909 1054 2151 817 2826 2288 1450 5729 4041 667 3964 4190 4656 1107 3115 527 4063 699 3183 1044 281 3544 845 4322 911 3331 4138 3423 1273 286 1704 1005 5177 5829 4310 4960 137 384 3054 4374 2350 2262 3846 5215 2362 2115 3010 2795 3908 1828 4698 5457 1795 1235 402 779 4250 4959 2383 947 4404 2155 5114 1978 1046 487 5147 5204 4804 2849 1418 4274 5495 5449 733 3850 2792 4541 1962 4003 5163 1702 3235 481 1250 1815 1211 860 4883 2378 3030 877 3956 248 3185 4971 2877 3409 1819 613 2697 917 4033 5455 4203 936 2397 2600 2627 2508 1805 3615 4530 1894 3041 182 5581 288 4711 3797 4014 1749 1703 4909 4449 1272 3864 119 957 5740 3480 5423 1518 4744 114 3171 1663 4270 181 2867 607 1076 1691 4867 3592 5683 869 4036 3990 3209 913 4989 880 4819 2909 1037 407 847 864 1524 447 3607 2707 3377 2003 821 2315 3834 2931 1878 1827 5191 1396 2190 4387 736 2932 3583 4690 3437 2410 1879 808 3808 1602 3450 4093 1042 4466 1639 5055 5311 1848 41 243 3319 4650 5937 3690 215 5496 3045 2210 1641 2387 793 1227 1210 4674 963 3922 1838 2677 4999 5996 5363 4119 2879 3871 4350 1986 837 1908 3012 4371 5959 5895 1090 2857 3534 2724 5179 1860 714 660 1935 2023 807 5631 5607 5021 3167 3343 2188 3531 5135 4764 3444 4643 5704 48 2927 3352 832 836 4696 3123 2963 3746 1877 679 351 1842 789 4596 1728 3917 4357 3838 4321 3194 5761 4354 951 3305 2401 2820 4213 2283 5383 1744 5108 4294 3893 3645 4607 3515 1345 3902 3303 2142 4816 5526 5420 1544 2979 1275 464 3609 5963 3814 4994 5286 5270 5681 546 700 694 5950 603 4377 932 3771 4081 4428 5470 2335 1565 3441 4460 5527 2847 492 651 5689 22 2149 3336 4507 2024 2084 5897 4004 4353 2029 2637 4653 5359 795 4870 2143 4591 4249 2701 549 5712 1661 1684 3488 2061 4402 5604 4635 4188 4703 3497 3736 2978 5978 5151 213 2468 309 3757 1840 4331 1882 5004 2046 955 204 73 2180 2222 520 4406 144 1308 2616 1349 1202 5259 408 106 1148 3284 4102 4807 2331 1957 788 2373 1906 446 4131 2073 3431 3245 5909 325 4469 4362 4008 5346 3418 2033 580 1415 705 249 5961 4885 655 3144 5615 558 1701 2904 1659 1167 1599 5183 5691 205 295 5568 4587 1058 5485 17 2121 4569 3842 471 2494 4136 5517 5626 4896 4464 5309 1164 1595 744 183 3636 5303 5075 1907 5807 2841 5073 3941 153 3706 1871 4993 3561 3773 2448 4682 563 4408 4376 166 5322 5403 4645 1469 2165 5874 79 2183 2103 1870 2740 2337 5283 1959 2319 4734 720 4834 173 2804 4179 2666 2238 1078 2819 964 52 5632 1718 1241 2598 160 537 3934 2280 588 1283 3081 2662 5407 828 4397 966 3701 4334 3745 4013 5375 2709 5745 1626 2762 3176 5634 4965 5995 895 4906 5319 5641 3462 1290 3570 4260 3597 3055 445 2663 5540 414 2779 1551 2193 1291 4150 3113 3016 2075 306 3386 5929 150 3763 4713 2745 2475 2848 2058 1140 1836 3854 2852 2594 3969 5287 1790 2578 3568 2975 2888 5953 1801 2131 2774 3920 1644 525 1647 246 4622 5853 5547 1427 5558 1229 1532 5915 5912 2307 4299 3669 2611 3545 3202 3371 4778 3275 3166 429 4749 1624 670 3221 3364 4174 2146 3602 2890 1601 3655 1746 4393 1653 2535 2113 3921 4007 1892 5979 1522 1616 1650 4995 4658 1674 4032 2613 2297 2499 1813 3677 960 2555 523 1394 5509 1777 5665 5556 3127 2482 2016 2258 5278 3189 2899 3858 5680 5927 3794 1797 102 644 1126 2785 1382 4958 1402 3769 3659 778 42 3518 1367 5166 3469 972 3868 1073 1785 4139 3819 1112 1200 1059 2911 1480 2035 1333 840 2537 4936 2236 4527 3683 814 2185 5275 2775 2760 4741 4777 3848 4630 825 848 4194 4532 1966 5277 1600 2176 2368 1830 1724 2426 4857 5559 4702 198 3785 2873 5431 5976 2782 1799 906 1094 440 1995 3395 4790 67 1488 2163 5099 569 1197 2821 5566 3266 5076 1628 5015 2880 189 2929 1077 3509 339 5452 1208 1875 4709 1571 2402 4672 3025 5143 5870 4675 5272 4839 719 3206 2227 393 1056 2954 3435 206 606 3644 5834 2913 1855 3821 4986 5879 311 1963 1765 3963 5229 820 177 2723 59 2921 3126 4882 2122 1015 3664 2660 3919 4432 2981 5656 3612 1889 3130 2649 3009 3742 1511 4887 3971 4285 2581 5847 5591 4269 3753 2610 2256 1946 5231 3829 253 4972 4520 4942 5742 254 4872 3190 219 1370 1490 2286 5377 3210 5091 582 1841 2540 218 1116 1675 3349 3903 2404 640 4571 223 5707 5561 1559 5081 5417 1798 646 601 5657 3187 2289 1501 4701 2824 441 422 1363 2579 3847 1951 5578 1651 1359 2313 62 4414 1711 27 1166 19 262 4875 1463 1381 4257 3505 1677 1693 4550 2386 1326 2641 5610 1173 5941 2020 4399 5068 3748 2076 431 2415 5203 3551 4632 4147 4163 1556 3188 1923 1108 1926 2013 5119 1729 3161 2999 5880 4863 1961 2090 4620 1758 146 5828 3067 5369 5109 1553 739 738 2630 805 4784 2682 2067 2488 3590 1306 1438 4166 3980 2399 2519 929 2446 1169 3173 4788 991 4841 3316 1188 1573 2487 2728 1209 45 1967 4602 3203 689 5194 3420 3856 4083 4946 862 4046 279 5098 3387 1104 418 1534 1006 3102 4686 4169 5435 4396 605 2212 2672 735 4079 3717 3603 32 5085 442 5590 1016 5480 5694 1066 1127 907 5716 602 4552 5724 3306 1832 467 1293 902 4604 2807 4177 369 1467 2085 3514 1503 3119 3906 3151 741 858 2037 638 5856 1861 3895 3425 935 827 5748 2044 5491 5445 3411 3459 4508 5720 579 5308 1545 2110 5207 4446 5349 1715 4240 5184 703 140 1668 5196 792 3247 5705 5678 2194 1403 1541 1607 493 871 1080 3074 3415 3697 909 278 5718 4815 1733 5546 4572 4619 5133 1319 2253 2366 2361 3007 3937 435 859 1033 3949 4886 1383 5384 4111 5370 3234 5162 1918 2551 2846 4626 1174 23 5645 5463 2293 1147 2735 2492 4997 4412 1528 1474 3270 5002 4027 5475 3152 111 1896 108 5864 3872 1623 948 1810 5918 2512 2232 1921 4089 5673 1794 5429 5984 2327 436 954 2694 3106 5069 2323 2027 1874 2066 5889 5312 3800 103 3076 3805 587 2196 302 174 2377 5812 3272 982 1153 2825 3722 4844 1847 4042 610 1082 4528 756 1487 1561 1792 3175 4043 5040 4158 245 816 474 4716 838 2138 3524 2969 5243 5840 1539 1789 618 358 1295 5347 2451 4124 4409 3322 2405 187 5811 417 1642 829 5459 2290 4890 4312 5835 4297 460 5020 4728 4510 365 4801 4974 2195 4537 3931 3630 2800 2348 4098 1027 5113 4118 5725 4985 2542 4252 4613 3293 4907 107 4232 5582 5379 5819 203 5101 2407 4384 5660 5200 4818 3180 1964 1312 2239 5297 3617 4829 4504 5444 2786 3405 5544 1572 4689 5223 4868 3626 5763 5570 1531 5841 5551 3314 4254 4137 1258 4940 4074 1484 2408 3222 737 5650 2360 1734 21 455 5777 5127 2986 4467 3521 542 2063 1151 5679 1768 5667 2996 3302 3309 5433 1646 5727 5327 2570 4115 5134 1867 5920 1341 5965 4823 710 5236 794 4488 3040 5263 1023 5799 3945 5792 5202 5170 2521 4830 810 5419 3436 76 4687 4332 2189 772 3286 565 2741 1925 4739 3933 235 5653 1125 2918 3453 854 4694 994 292 3317 501 4938 5269 2434 2491 4567 2621 477 1574 5301 5209 5730 591 1515 3313 1476 3942 5574 5425 3452 925 2349 2489 2184 566 5690 3116 3523 901 5669 3458 4937 3678 126 4342 676 2490 3783 3195 3572 628 1831 2624 1360 172 2055 4475 4175 4443 5865 371 63 1890 3876 5783 3973 8 4707 4772 4599 16 3536 661 1567 1576 1146 2502 1445 3434 1157 4523 2498 3637 926 5939 3873 4183 2526 4140 5752 291 4411 5781 506 2968 2338 1091 592 3421 5861 1002 2225 2650 5871 3845 5639 5955 4525 1372 2481 1981 1297 4899 1373 4751 5084 2597 1833 1236 4265 4582 1471 149 233 1839 1938 3463 5017 5649 4683 2465 916 3402
